Time,Gyr0_X,Gyr0_Y,Gyr0_Z,Acc0_X,Acc0_Y,Acc0_Z,Mag0_X,Mag0_Y,Mag0_Z,LiA0_X,LiA0_Y,LiA0_Z,Quat0_W,Quat0_X,Quat0_Y,Quat0_Z,Gyr1_X,Gyr1_Y,Gyr1_Z,Acc1_X,Acc1_Y,Acc1_Z,Mag1_X,Mag1_Y,Mag1_Z,LiA1_X,LiA1_Y,LiA1_Z,Quat1_W,Quat1_X,Quat1_Y,Quat1_Z,Gyr2_X,Gyr2_Y,Gyr2_Z,Acc2_X,Acc2_Y,Acc2_Z,Mag2_X,Mag2_Y,Mag2_Z,LiA2_X,LiA2_Y,LiA2_Z,Quat2_W,Quat2_X,Quat2_Y,Quat2_Z,Gyr3_X,Gyr3_Y,Gyr3_Z,Acc3_X,Acc3_Y,Acc3_Z,Mag3_X,Mag3_Y,Mag3_Z,LiA3_X,LiA3_Y,LiA3_Z,Quat3_W,Quat3_X,Quat3_Y,Quat3_Z,
(sec),(dps),(dps),(dps),(G),(G),(G),(Guass),(Guass),(Guass),(G),(G),(G),,,,,(dps),(dps),(dps),(G),(G),(G),(Guass),(Guass),(Guass),(G),(G),(G),,,,,(dps),(dps),(dps),(G),(G),(G),(Guass),(Guass),(Guass),(G),(G),(G),,,,,(dps),(dps),(dps),(G),(G),(G),(Guass),(Guass),(Guass),(G),(G),(G),,,,,
7004.870,0.1220740378,-0.1831110567,0.9765923023,0.0623798333,0.0062257759,-1.0110172033,-0.1549119502,-0.0401623584,-0.4287240207,-0.0010195933,0.0098675229,-0.0130351782,0.0313830152,0.0974929184,-0.9948514104,0.0049057528,0.1831110567,0.0610370189,0.1831110567,-0.3890499473,-0.8719748259,-0.2862636149,-0.3641468585,0.1071810052,-0.4720602930,0.0102422833,-0.0052136183,0.0131213963,-0.1250764281,0.4844348431,0.6444055438,-0.5785009861,0.1831110567,0.0610370189,0.1831110567,-0.3890499473,-0.8719748259,-0.2862636149,-0.3641468585,0.1071810052,-0.4720602930,0.0102422833,-0.0052136183,0.0131213963,-0.1250764281,0.4844348431,0.6444055438,-0.5785009861,0.0000000000,0.0000000000,0.0000000000,0.0000000000,0.0000000000,0.0000000000,-0.8095950484,0.3178808093,-0.3554795980,0.9853085279,-0.1660900414,-0.0457140207,0.2093527168,0.6853900552,0.0873307511,-0.6921188235,
7004.883,0.1220740378,-0.1831110567,0.9765923023,0.0621356852,0.0063478500,-1.0113834143,-0.1563768387,-0.0416272469,-0.4250617921,-0.0012208335,0.0099721346,-0.0133985877,0.0313626491,0.0974600241,-0.9948553443,0.0048939241,0.0610370189,-0.0610370189,0.1220740378,-0.3889278769,-0.8736838698,-0.2860194743,-0.3624378145,0.1077913791,-0.4813379347,0.0103397965,-0.0068840981,0.0132870376,-0.1251163781,0.4844310582,0.6443780661,-0.5785262585,0.0610370189,-0.0610370189,0.1220740378,-0.3889278769,-0.8736838698,-0.2860194743,-0.3624378145,0.1077913791,-0.4813379347,0.0103397965,-0.0068840981,0.0132870376,-0.1251163781,0.4844310582,0.6443780661,-0.5785262585,0.0000000000,0.0000000000,0.0000000000,0.0000000000,0.0000000000,0.0000000000,-0.8113040328,0.3178808093,-0.3574327826,0.9853085279,-0.1660902947,-0.0457141399,0.2093581706,0.6853893399,0.0873359516,-0.6921172142,
7004.896,0.1220740378,-0.1831110567,0.9155552983,0.0639667958,0.0040284432,-1.0102847815,-0.1554002464,-0.0415051728,-0.4279915690,0.0006435663,0.0076461029,-0.0122978091,0.0313465111,0.0974330902,-0.9948586226,0.0048881490,0.0610370189,-0.1220740378,0.1220740378,-0.3907589912,-0.8735617995,-0.2854090929,-0.3686636090,0.1055940464,-0.4785302281,0.0084956586,-0.0067264438,0.0138116479,-0.1251340806,0.4844081700,0.6443618536,-0.5785595179,0.0610370189,-0.1220740378,0.1220740378,-0.3907589912,-0.8735617995,-0.2854090929,-0.3686636090,0.1055940464,-0.4785302281,0.0084956586,-0.0067264438,0.0138116479,-0.1251340806,0.4844081700,0.6443618536,-0.5785595179,0.0000000000,0.0000000000,0.0000000000,0.0000000000,0.0000000000,0.0000000000,-0.8091067076,0.3144627213,-0.3574327826,0.9853084683,-0.1660905480,-0.0457143188,0.2093528658,0.6853899956,0.0873304978,-0.6921188831,
7004.909,0.1831110567,-0.1220740378,0.9155552983,0.0595721304,0.0017090365,-1.0102847815,-0.1530808508,-0.0416272469,-0.4270149767,-0.0037069246,0.0053421925,-0.0122950077,0.0313238390,0.0974148437,-0.9948609471,0.0048931311,-0.0610370189,-0.0610370189,0.1831110567,-0.3912473023,-0.8752708435,-0.2855311632,-0.3687856793,0.1099887118,-0.4729148149,0.0079995692,-0.0084096193,0.0136249065,-0.1251370609,0.4843809307,0.6443572640,-0.5785868168,-0.0610370189,-0.0610370189,0.1831110567,-0.3912473023,-0.8752708435,-0.2855311632,-0.3687856793,0.1099887118,-0.4729148149,0.0079995692,-0.0084096193,0.0136249065,-0.1251370609,0.4843809307,0.6443572640,-0.5785868168,0.0000000000,0.0000000000,0.0000000000,0.0000000000,0.0000000000,0.0000000000,-0.8125247955,0.3183690906,-0.3574327826,0.9853084087,-0.1660908014,-0.0457143784,0.2093592435,0.6853891611,0.0873366073,-0.6921169758,
7004.922,0.1220740378,-0.1220740378,0.9765923023,0.0673848689,0.0158696249,-1.0084536076,-0.1538132876,-0.0424817652,-0.4322641790,0.0041106939,0.0194381438,-0.0104633570,0.0313246250,0.0974001512,-0.9948626161,0.0048602517,-0.0610370189,0.0000000000,0.0610370189,-0.3924680352,-0.8749046326,-0.2860194743,-0.3657338321,0.1073030829,-0.4725486040,0.0067549050,-0.0080122948,0.0130785406,-0.1251531839,0.4843588471,0.6443513632,-0.5786083937,-0.0610370189,0.0000000000,0.0610370189,-0.3924680352,-0.8749046326,-0.2860194743,-0.3657338321,0.1073030829,-0.4725486040,0.0067549050,-0.0080122948,0.0130785406,-0.1251531839,0.4843588471,0.6443513632,-0.5786083937,0.0000000000,0.0000000000,0.0000000000,0.0000000000,0.0000000000,0.0000000000,-0.8115482330,0.3188574016,-0.3535264134,0.9853084087,-0.1660911143,-0.0457146168,0.2093744427,0.6853872538,0.0873514488,-0.6921124458,
7004.935,0.1831110567,0.0000000000,1.0376293659,0.0606707968,-0.0017090365,-1.0093080997,-0.1543015838,-0.0427259132,-0.4278694987,-0.0025863759,0.0018934724,-0.0113168955,0.0313145854,0.0973821133,-0.9948646426,0.0048757736,-0.0610370189,0.1220740378,0.1220740378,-0.3927121758,-0.8736838698,-0.2873622775,-0.3640247881,0.1060823426,-0.4760887623,0.0064921379,-0.0067685246,0.0116938949,-0.1251801848,0.4843590558,0.6443350315,-0.5786206126,-0.0610370189,0.1220740378,0.1220740378,-0.3927121758,-0.8736838698,-0.2873622775,-0.3640247881,0.1060823426,-0.4760887623,0.0064921379,-0.0067685246,0.0116938949,-0.1251801848,0.4843590558,0.6443350315,-0.5786206126,0.0000000000,0.0000000000,0.0000000000,0.0000000000,0.0000000000,0.0000000000,-0.8100833297,0.3183690906,-0.3574327826,0.9853082299,-0.1660913229,-0.0457146168,0.2093823403,0.6853861809,0.0873590782,-0.6921100616,
7004.948,0.1831110567,0.0610370189,1.0376293659,0.0648213178,0.0061037019,-1.0099185705,-0.1544236541,-0.0446790978,-0.4299447536,0.0015501827,0.0097013982,-0.0119282007,0.0313217454,0.0973891467,-0.9948636889,0.0048742821,-0.1220740378,0.2441480756,0.0610370189,-0.3927121758,-0.8711203337,-0.2882167995,-0.3640247881,0.1090121195,-0.4781640172,0.0064618587,-0.0041851997,0.0108226836,-0.1252138913,0.4843676686,0.6443220973,-0.5786205530,-0.1220740378,0.2441480756,0.0610370189,-0.3927121758,-0.8711203337,-0.2882167995,-0.3640247881,0.1090121195,-0.4781640172,0.0064618587,-0.0041851997,0.0108226836,-0.1252138913,0.4843676686,0.6443220973,-0.5786205530,0.0000000000,0.0000000000,0.0000000000,0.0000000000,0.0000000000,0.0000000000,-0.8125247955,0.3193456829,-0.3535264134,0.9853083491,-0.1660916209,-0.0457149744,0.2093985379,0.6853841543,0.0873748884,-0.6921052933,
7004.961,0.2441480756,0.0610370189,1.0376293659,0.0621356852,0.0031739250,-1.0110172033,-0.1532029212,-0.0439466536,-0.4217658043,-0.0011357926,0.0067919660,-0.0130269527,0.0313209109,0.0973923057,-0.9948633313,0.0048845266,-0.0610370189,0.4882961512,0.1220740378,-0.3907589912,-0.8692892194,-0.2885830402,-0.3646351397,0.1093783379,-0.4819483161,0.0083760023,-0.0023348331,0.0104527473,-0.1252667457,0.4843961000,0.6442992687,-0.5786107183,-0.0610370189,0.4882961512,0.1220740378,-0.3907589912,-0.8692892194,-0.2885830402,-0.3646351397,0.1093783379,-0.4819483161,0.0083760023,-0.0023348331,0.0104527473,-0.1252667457,0.4843961000,0.6442992687,-0.5786107183,0.0000000000,0.0000000000,0.0000000000,0.0000000000,0.0000000000,0.0000000000,-0.8105716109,0.3193456829,-0.3554795980,0.9853081703,-0.1660919040,-0.0457149148,0.2094126940,0.6853823066,0.0873887017,-0.6921010017,
7004.974,0.1831110567,0.1220740378,1.0376293659,0.0637226477,0.0015869625,-1.0105289221,-0.1544236541,-0.0422376171,-0.4245735109,0.0004322305,0.0052224477,-0.0125398636,0.0313296132,0.0973682627,-0.9948653579,0.0048933784,0.0000000000,0.6103702188,0.1220740378,-0.3908810616,-0.8666036129,-0.2905362248,-0.3582873046,0.1092562675,-0.4765770435,0.0082126558,0.0003668666,0.0085074902,-0.1253292859,0.4844380915,0.6442706585,-0.5785937309,0.0000000000,0.6103702188,0.1220740378,-0.3908810616,-0.8666036129,-0.2905362248,-0.3582873046,0.1092562675,-0.4765770435,0.0082126558,0.0003668666,0.0085074902,-0.1253292859,0.4844380915,0.6442706585,-0.5785937309,0.0000000000,0.0000000000,0.0000000000,0.0000000000,0.0000000000,0.0000000000,-0.8120365143,0.3227637708,-0.3593859673,0.9853082895,-0.1660922170,-0.0457151532,0.2094314843,0.6853799820,0.0874070823,-0.6920953989,
7004.987,0.1831110567,0.1220740378,1.0376293659,0.0654316843,0.0013428144,-1.0107730627,-0.1546678096,-0.0427259132,-0.4242072701,0.0021141022,0.0049968688,-0.0127858520,0.0313423350,0.0973499492,-0.9948667288,0.0049033724,0.1220740378,0.7934812307,0.2441480756,-0.3874630034,-0.8650166392,-0.2921231687,-0.3628040552,0.1115756705,-0.4784081578,0.0115859210,0.0019699931,0.0069338977,-0.1253979206,0.4844863713,0.6442396641,-0.5785731077,0.1220740378,0.7934812307,0.2441480756,-0.3874630034,-0.8650166392,-0.2921231687,-0.3628040552,0.1115756705,-0.4784081578,0.0115859210,0.0019699931,0.0069338977,-0.1253979206,0.4844863713,0.6442396641,-0.5785731077,0.0000000000,0.0000000000,0.0000000000,0.0000000000,0.0000000000,0.0000000000,-0.8098391891,0.3193456829,-0.3554795980,0.9853079915,-0.1660924852,-0.0457150936,0.2094459683,0.6853780746,0.0874212235,-0.6920909882,
7005.000,0.1220740378,0.1831110567,0.9765923023,0.0661641285,0.0023194067,-1.0108951330,-0.1541795135,-0.0404065065,-0.4300668240,0.0028052852,0.0059758117,-0.0129104853,0.0313629992,0.0973064452,-0.9948703051,0.0049051866,0.1831110567,0.9155552983,0.3051851094,-0.3851435781,-0.8644062877,-0.2924894094,-0.3652455211,0.1107211560,-0.4781640172,0.0138544738,0.0025978684,0.0065843463,-0.1254711151,0.4845364094,0.6442083716,-0.5785500407,0.1831110567,0.9155552983,0.3051851094,-0.3851435781,-0.8644062877,-0.2924894094,-0.3652455211,0.1107211560,-0.4781640172,0.0138544738,0.0025978684,0.0065843463,-0.1254711151,0.4845364094,0.6442083716,-0.5785500407,0.0000000000,0.0000000000,0.0000000000,0.0000000000,0.0000000000,0.0000000000,-0.8088625669,0.3212988675,-0.3554795980,0.9853079915,-0.1660927534,-0.0457152724,0.2094680071,0.6853752732,0.0874428377,-0.6920843720,
7005.013,0.1831110567,0.1220740378,0.9765923023,0.0671407208,0.0008545183,-1.0100406408,-0.1523483992,-0.0396740623,-0.4304330647,0.0037463903,0.0045311349,-0.0120583773,0.0313799381,0.0972585529,-0.9948743582,0.0049154707,0.2441480756,0.9155552983,0.4272591472,-0.3856318891,-0.8639179468,-0.2929776907,-0.3650013804,0.1068147868,-0.4753563106,0.0133366883,0.0030965209,0.0061057806,-0.1255363077,0.4845908284,0.6441712379,-0.5785316825,0.2441480756,0.9155552983,0.4272591472,-0.3856318891,-0.8639179468,-0.2929776907,-0.3650013804,0.1068147868,-0.4753563106,0.0133366883,0.0030965209,0.0061057806,-0.1255363077,0.4845908284,0.6441712379,-0.5785316825,0.0000000000,0.0000000000,0.0000000000,0.0000000000,0.0000000000,0.0000000000,-0.8088625669,0.3198339939,-0.3554795980,0.9853079319,-0.1660930216,-0.0457153916,0.2094847262,0.6853731275,0.0874591842,-0.6920793653,
7005.026,0.1831110567,0.0000000000,0.9765923023,0.0672627985,0.0023194067,-1.0115054846,-0.1528366953,-0.0413830988,-0.4275032878,0.0038542747,0.0060089156,-0.0135241747,0.0313865058,0.0972328484,-0.9948767424,0.0049217693,0.3662221134,0.7934812307,0.5493331552,-0.3839228451,-0.8666036129,-0.2929776907,-0.3636585474,0.1086458936,-0.4697408974,0.0150293708,0.0004252195,0.0060859919,-0.1255919337,0.4846330583,0.6441318393,-0.5785281658,0.3662221134,0.7934812307,0.5493331552,-0.3839228451,-0.8666036129,-0.2929776907,-0.3636585474,0.1086458936,-0.4697408974,0.0150293708,0.0004252195,0.0060859919,-0.1255919337,0.4846330583,0.6441318393,-0.5785281658,0.0000000000,0.0000000000,0.0000000000,0.0000000000,0.0000000000,0.0000000000,-0.8125247955,0.3164159060,-0.3535264134,0.9853078723,-0.1660932600,-0.0457155704,0.2094898522,0.6853724718,0.0874640644,-0.6920778751,
7005.039,0.1220740378,-0.0610370189,0.9765923023,0.0684835389,0.0046388134,-1.0117496252,-0.1544236541,-0.0388195440,-0.4288460910,0.0050656348,0.0083190780,-0.0137688518,0.0313919485,0.0971686170,-0.9948828220,0.0049155983,0.3051851094,0.6714072227,0.6103702188,-0.3840449154,-0.8686788678,-0.2935880721,-0.3617053628,0.1090121195,-0.4763329029,0.0149033368,-0.0016416907,0.0054566562,-0.1256501675,0.4846877158,0.6440833807,-0.5785236955,0.3051851094,0.6714072227,0.6103702188,-0.3840449154,-0.8686788678,-0.2935880721,-0.3617053628,0.1090121195,-0.4763329029,0.0149033368,-0.0016416907,0.0054566562,-0.1256501675,0.4846877158,0.6440833807,-0.5785236955,0.0000000000,0.0000000000,0.0000000000,0.0000000000,0.0000000000,0.0000000000,-0.8117923737,0.3173924983,-0.3574327826,0.9853078723,-0.1660935283,-0.0457156897,0.2094925493,0.6853721142,0.0874665305,-0.6920771003,
7005.052,0.1220740378,-0.1220740378,0.9765923023,0.0671407208,0.0041505173,-1.0117496252,-0.1541795135,-0.0422376171,-0.4297006130,0.0037306994,0.0078239925,-0.0137683153,0.0313884392,0.0971501172,-0.9948847890,0.0049112504,0.3051851094,0.4882961512,0.6103702188,-0.3835566342,-0.8698995709,-0.2924894094,-0.3630481958,0.1085238233,-0.4799951315,0.0153937638,-0.0028502941,0.0065174699,-0.1257034987,0.4847341478,0.6440337300,-0.5785284638,0.3051851094,0.4882961512,0.6103702188,-0.3835566342,-0.8698995709,-0.2924894094,-0.3630481958,0.1085238233,-0.4799951315,0.0153937638,-0.0028502941,0.0065174699,-0.1257034987,0.4847341478,0.6440337300,-0.5785284638,0.0000000000,0.0000000000,0.0000000000,0.0000000000,0.0000000000,0.0000000000,-0.8091067076,0.3149510324,-0.3593859673,0.9853079319,-0.1660938561,-0.0457159281,0.2094852030,0.6853730679,0.0874590278,-0.6920794249,
7005.065,0.1220740378,-0.1220740378,0.9155552983,0.0684835389,0.0041505173,-1.0112613440,-0.1554002464,-0.0419934690,-0.4340952933,0.0050745681,0.0078165531,-0.0132799745,0.0313883834,0.0971293077,-0.9948868155,0.0049068392,0.1220740378,0.0000000000,0.4272591472,-0.3850215077,-0.8719748259,-0.2904141247,-0.3628040552,0.1108432263,-0.4748679996,0.0139327645,-0.0049077272,0.0085358322,-0.1257225424,0.4847363532,0.6440099478,-0.5785489082,0.1220740378,0.0000000000,0.4272591472,-0.3850215077,-0.8719748259,-0.2904141247,-0.3628040552,0.1108432263,-0.4748679996,0.0139327645,-0.0049077272,0.0085358322,-0.1257225424,0.4847363532,0.6440099478,-0.5785489082,0.0000000000,0.0000000000,0.0000000000,0.0000000000,0.0000000000,0.0000000000,-0.8115482330,0.3198339939,-0.3691518903,0.9853077531,-0.1660940647,-0.0457159877,0.2094779313,0.6853739023,0.0874516368,-0.6920816302,
7005.078,0.1220740378,-0.1831110567,0.9765923023,0.0681173131,0.0036622211,-1.0110172033,-0.1566209942,-0.0418713950,-0.4320200086,0.0047217831,0.0073239342,-0.0130349994,0.0313820466,0.0970987454,-0.9948899746,0.0049030688,0.0000000000,-0.1831110567,0.3662221134,-0.3867305517,-0.8716086149,-0.2876064479,-0.3653675914,0.1092562675,-0.4759666622,0.0122373104,-0.0045256615,0.0112791955,-0.1257243007,0.4847237766,0.6439944506,-0.5785763264,0.0000000000,-0.1831110567,0.3662221134,-0.3867305517,-0.8716086149,-0.2876064479,-0.3653675914,0.1092562675,-0.4759666622,0.0122373104,-0.0045256615,0.0112791955,-0.1257243007,0.4847237766,0.6439944506,-0.5785763264,0.0000000000,0.0000000000,0.0000000000,0.0000000000,0.0000000000,0.0000000000,-0.8103274703,0.3178808093,-0.3535264134,0.9853076935,-0.1660943329,-0.0457161069,0.2094898671,0.6853723526,0.0874632448,-0.6920780540,
7005.091,0.1831110567,-0.1831110567,0.9765923023,0.0654316843,0.0031739250,-1.0116275549,-0.1561326981,-0.0395519882,-0.4300668240,0.0020629168,0.0068443851,-0.0136436224,0.0313685723,0.0970401913,-0.9948961139,0.0049042730,-0.0610370189,-0.4272591472,0.1831110567,-0.3881954551,-0.8709982634,-0.2882167995,-0.3612170815,0.1076693013,-0.4707174897,0.0107779503,-0.0038939118,0.0105998218,-0.1257160008,0.4846921265,0.6439914703,-0.5786079764,-0.0610370189,-0.4272591472,0.1831110567,-0.3881954551,-0.8709982634,-0.2882167995,-0.3612170815,0.1076693013,-0.4707174897,0.0107779503,-0.0038939118,0.0105998218,-0.1257160008,0.4846921265,0.6439914703,-0.5786079764,0.0000000000,0.0000000000,0.0000000000,0.0000000000,0.0000000000,0.0000000000,-0.8125247955,0.3169042170,-0.3554795980,0.9853075743,-0.1660946012,-0.0457161665,0.2094935179,0.6853718758,0.0874666497,-0.6920769811,
7005.104,0.1220740378,-0.1220740378,0.9765923023,0.0638447255,0.0051271096,-1.0102847815,-0.1563768387,-0.0427259132,-0.4259163141,0.0004993305,0.0087859631,-0.0122993588,0.0313575715,0.0970233753,-0.9948982596,0.0048968261,-0.2441480756,-0.6103702188,-0.1220740378,-0.3891720474,-0.8691671491,-0.2861415446,-0.3606067002,0.1080355272,-0.4710837007,0.0097786486,-0.0020311475,0.0126135051,-0.1257042438,0.4846385717,0.6440078616,-0.5786371231,-0.2441480756,-0.6103702188,-0.1220740378,-0.3891720474,-0.8691671491,-0.2861415446,-0.3606067002,0.1080355272,-0.4710837007,0.0097786486,-0.0020311475,0.0126135051,-0.1257042438,0.4846385717,0.6440078616,-0.5786371231,0.0000000000,0.0000000000,0.0000000000,0.0000000000,0.0000000000,0.0000000000,-0.8093508482,0.3188574016,-0.3691518903,0.9853075147,-0.1660948694,-0.0457163453,0.2094842643,0.6853730083,0.0874572918,-0.6920798421,
7005.117,0.1220740378,-0.1831110567,0.9765923023,0.0629902035,0.0037842952,-1.0101627111,-0.1545457393,-0.0432142094,-0.4287240207,-0.0003171116,0.0074382266,-0.0121748447,0.0313388631,0.0970177054,-0.9948992729,0.0048923446,-0.2441480756,-0.6714072227,-0.1831110567,-0.3900265396,-0.8683126569,-0.2856532633,-0.3603625596,0.1090121195,-0.4763329029,0.0089009404,-0.0011428595,0.0130346119,-0.1256984323,0.4845890999,0.6440190077,-0.5786674023,-0.2441480756,-0.6714072227,-0.1831110567,-0.3900265396,-0.8683126569,-0.2856532633,-0.3603625596,0.1090121195,-0.4763329029,0.0089009404,-0.0011428595,0.0130346119,-0.1256984323,0.4845890999,0.6440190077,-0.5786674023,0.0000000000,0.0000000000,0.0000000000,0.0000000000,0.0000000000,0.0000000000,-0.8113040328,0.3208105862,-0.3711050749,0.9853076339,-0.1660951674,-0.0457166433,0.2094775438,0.6853739023,0.0874504149,-0.6920819879,
7005.130,0.1831110567,-0.1220740378,0.9765923023,0.0627460554,0.0028077029,-1.0100406408,-0.1571092904,-0.0408948027,-0.4323862493,-0.0005328581,0.0064721894,-0.0120509863,0.0313244127,0.0969739258,-0.9949041009,0.0048948382,-0.2441480756,-0.5493331552,-0.2441480756,-0.3903927803,-0.8684347272,-0.2852870226,-0.3621936738,0.1110873744,-0.4756004512,0.0084975958,-0.0012268424,0.0133402348,-0.1256968230,0.4845365882,0.6440351605,-0.5786939263,-0.2441480756,-0.5493331552,-0.2441480756,-0.3903927803,-0.8684347272,-0.2852870226,-0.3621936738,0.1110873744,-0.4756004512,0.0084975958,-0.0012268424,0.0133402348,-0.1256968230,0.4845365882,0.6440351605,-0.5786939263,0.0000000000,0.0000000000,0.0000000000,0.0000000000,0.0000000000,0.0000000000,-0.8091067076,0.3178808093,-0.3691518903,0.9853076339,-0.1660954058,-0.0457167625,0.2094651163,0.6853754520,0.0874379128,-0.6920858026,
7005.156,0.1831110567,-0.0610370189,1.0376293659,0.0605487227,0.0048829615,-1.0118716955,-0.1527146250,-0.0424817652,-0.4328745306,-0.0026712343,0.0085483305,-0.0138783455,0.0312951989,0.0969316438,-0.9949091077,0.0048910794,-0.0610370189,-0.1220740378,-0.1220740378,-0.3914914429,-0.8706320524,-0.2866298556,-0.3574327826,0.1093783379,-0.4751121700,0.0073114932,-0.0033476353,0.0118917227,-0.1257473826,0.4844873250,0.6440310478,-0.5787286162,-0.0610370189,-0.1220740378,-0.1220740378,-0.3914914429,-0.8706320524,-0.2866298556,-0.3574327826,0.1093783379,-0.4751121700,0.0073114932,-0.0033476353,0.0118917227,-0.1257473826,0.4844873250,0.6440310478,-0.5787286162,0.0000000000,0.0000000000,0.0000000000,0.0000000000,0.0000000000,0.0000000000,-0.8093508482,0.3227637708,-0.3593859673,0.9853074551,-0.1660959423,-0.0457170010,0.2094809413,0.6853733659,0.0874531791,-0.6920810938,
7005.169,0.1831110567,-0.0610370189,1.0376293659,0.0622577593,0.0036622211,-1.0107730627,-0.1566209942,-0.0430921353,-0.4329966009,-0.0009421930,0.0073345369,-0.0127784014,0.0312849879,0.0969126746,-0.9949112535,0.0048929686,0.0000000000,0.0610370189,0.0000000000,-0.3908810616,-0.8696554303,-0.2873622775,-0.3614612222,0.1068147868,-0.4754783809,0.0078891516,-0.0023400187,0.0111129880,-0.1257799715,0.4844815731,0.6440173984,-0.5787415504,0.0000000000,0.0610370189,0.0000000000,-0.3908810616,-0.8696554303,-0.2873622775,-0.3614612222,0.1068147868,-0.4754783809,0.0078891516,-0.0023400187,0.0111129880,-0.1257799715,0.4844815731,0.6440173984,-0.5787415504,0.0000000000,0.0000000000,0.0000000000,0.0000000000,0.0000000000,0.0000000000,-0.8100833297,0.3212988675,-0.3535264134,0.9853073955,-0.1660962105,-0.0457170606,0.2095052451,0.6853702664,0.0874770358,-0.6920737624,
7005.182,0.1831110567,0.0000000000,0.9765923023,0.0611590929,0.0017090365,-1.0100406408,-0.1563768387,-0.0430921353,-0.4325083196,-0.0020264350,0.0053972304,-0.0120452046,0.0312770940,0.0968997329,-0.9949127436,0.0048997654,0.1220740378,0.3662221134,0.2441480756,-0.3902707100,-0.8709982634,-0.2911465764,-0.3617053628,0.1079134494,-0.4770653546,0.0084809959,-0.0036648512,0.0073013306,-0.1258247048,0.4845070839,0.6439875960,-0.5787436366,0.1220740378,0.3662221134,0.2441480756,-0.3902707100,-0.8709982634,-0.2911465764,-0.3617053628,0.1079134494,-0.4770653546,0.0084809959,-0.0036648512,0.0073013306,-0.1258247048,0.4845070839,0.6439875960,-0.5787436366,0.0000000000,0.0000000000,0.0000000000,0.0000000000,0.0000000000,0.0000000000,-0.8088625669,0.3198339939,-0.3711050749,0.9853073359,-0.1660964787,-0.0457172990,0.2094966024,0.6853713393,0.0874682739,-0.6920764446,
7005.208,0.1831110567,0.0000000000,0.9765923023,0.0629902035,0.0063478500,-1.0121158361,-0.1550340354,-0.0455336161,-0.4266487658,-0.0001779646,0.0100368876,-0.0141192675,0.0312682837,0.0969233960,-0.9949107170,0.0049000853,0.3051851094,0.7324442267,0.4882961512,-0.3875850737,-0.8711203337,-0.2910245061,-0.3586535156,0.1087679714,-0.4775536358,0.0111474097,-0.0037596822,0.0073694587,-0.1259458214,0.4846068919,0.6438914537,-0.5787405968,0.3051851094,0.7324442267,0.4882961512,-0.3875850737,-0.8711203337,-0.2910245061,-0.3586535156,0.1087679714,-0.4775536358,0.0111474097,-0.0037596822,0.0073694587,-0.1259458214,0.4846068919,0.6438914537,-0.5787405968,0.0000000000,0.0000000000,0.0000000000,0.0000000000,0.0000000000,0.0000000000,-0.8110598922,0.3227637708,-0.3554795980,0.9853072762,-0.1660969853,-0.0457175970,0.2095348537,0.6853664517,0.0875057429,-0.6920650005,
7005.221,0.1220740378,0.0000000000,0.9765923023,0.0662862062,0.0004882962,-1.0097965002,-0.1567430645,-0.0439466536,-0.4321421087,0.0031069815,0.0041885250,-0.0118007064,0.0312732682,0.0969200954,-0.9949108362,0.0049060904,0.3662221134,0.9155552983,0.6103702188,-0.3875850737,-0.8728293777,-0.2926114798,-0.3632923365,0.1075472310,-0.4759666622,0.0111406147,-0.0054586530,0.0057626963,-0.1260135621,0.4846696258,0.6438366771,-0.5787343979,0.3662221134,0.9155552983,0.6103702188,-0.3875850737,-0.8728293777,-0.2926114798,-0.3632923365,0.1075472310,-0.4759666622,0.0111406147,-0.0054586530,0.0057626963,-0.1260135621,0.4846696258,0.6438366771,-0.5787343979,0.0000000000,0.0000000000,0.0000000000,0.0000000000,0.0000000000,0.0000000000,-0.8095950484,0.3188574016,-0.3535264134,0.9853072762,-0.1660972834,-0.0457177162,0.2095504999,0.6853644848,0.0875210240,-0.6920602918,
7005.234,0.1220740378,0.0610370189,0.9155552983,0.0651875362,0.0007324442,-1.0106509924,-0.1557664722,-0.0411389507,-0.4261604548,0.0019923151,0.0044419314,-0.0126562119,0.0312809385,0.0968898833,-0.9949135184,0.0049105273,0.3051851094,0.8545182943,0.5493331552,-0.3864864111,-0.8725852370,-0.2928556204,-0.3608508706,0.1110873744,-0.4787743688,0.0122219026,-0.0052023530,0.0055060983,-0.1260874122,0.4847341180,0.6437832117,-0.5787236691,0.3051851094,0.8545182943,0.5493331552,-0.3864864111,-0.8725852370,-0.2928556204,-0.3608508706,0.1110873744,-0.4787743688,0.0122219026,-0.0052023530,0.0055060983,-0.1260874122,0.4847341180,0.6437832117,-0.5787236691,0.0000000000,0.0000000000,0.0000000000,0.0000000000,0.0000000000,0.0000000000,-0.8100833297,0.3208105862,-0.3554795980,0.9853070974,-0.1660975218,-0.0457177758,0.2095694244,0.6853620410,0.0875395685,-0.6920545697,
7005.273,0.1220740378,0.0000000000,0.9155552983,0.0656758323,0.0041505173,-1.0119937658,-0.1550340354,-0.0455336161,-0.4286019504,0.0024455711,0.0078490600,-0.0140011907,0.0312989280,0.0968908519,-0.9949128628,0.0049068131,0.1220740378,0.4272591472,0.1831110567,-0.3851435781,-0.8686788678,-0.2899258435,-0.3588976860,0.1040070802,-0.4814600050,0.0134617090,-0.0012274384,0.0083745420,-0.1263172776,0.4848898053,0.6436421275,-0.5787000656,0.1220740378,0.4272591472,0.1831110567,-0.3851435781,-0.8686788678,-0.2899258435,-0.3588976860,0.1040070802,-0.4814600050,0.0134617090,-0.0012274384,0.0083745420,-0.1263172776,0.4848898053,0.6436421275,-0.5787000656,0.0000000000,0.0000000000,0.0000000000,0.0000000000,0.0000000000,0.0000000000,-0.8103274703,0.3193456829,-0.3574327826,0.9853069782,-0.1660983413,-0.0457181931,0.2095711678,0.6853617430,0.0875406638,-0.6920542121,
7005.286,0.1220740378,-0.0610370189,0.9765923023,0.0651875362,0.0053712577,-1.0123599768,-0.1521042585,-0.0454115421,-0.4344615042,0.0019633621,0.0090568792,-0.0143669248,0.0312963687,0.0969207138,-0.9949101806,0.0049010227,0.0000000000,0.2441480756,0.0610370189,-0.3859981000,-0.8688009381,-0.2885830402,-0.3645130694,0.1052278206,-0.4802392721,0.0125551522,-0.0013176799,0.0096943974,-0.1263635010,0.4848938286,0.6436302066,-0.5786998868,0.0000000000,0.2441480756,0.0610370189,-0.3859981000,-0.8688009381,-0.2885830402,-0.3645130694,0.1052278206,-0.4802392721,0.0125551522,-0.0013176799,0.0096943974,-0.1263635010,0.4848938286,0.6436302066,-0.5786998868,0.0000000000,0.0000000000,0.0000000000,0.0000000000,0.0000000000,0.0000000000,-0.8108157516,0.3203222752,-0.3554795980,0.9853068590,-0.1660986245,-0.0457183123,0.2095877677,0.6853595972,0.0875568986,-0.6920492053,
7005.325,0.1220740378,-0.1220740378,0.9765923023,0.0649433881,0.0026856288,-1.0123599768,-0.1554002464,-0.0382091738,-0.4246955812,0.0017476231,0.0063729701,-0.0143651962,0.0312822275,0.0969002545,-0.9949126840,0.0048998538,-0.2441480756,-0.3051851094,-0.1831110567,-0.3888058066,-0.8653828502,-0.2882167995,-0.3656117320,0.1110873744,-0.4796288908,0.0096262991,0.0021785498,0.0099949539,-0.1263951659,0.4848139584,0.6436648369,-0.5787213445,-0.2441480756,-0.3051851094,-0.1831110567,-0.3888058066,-0.8653828502,-0.2882167995,-0.3656117320,0.1110873744,-0.4796288908,0.0096262991,0.0021785498,0.0099949539,-0.1263951659,0.4848139584,0.6436648369,-0.5787213445,0.0000000000,0.0000000000,0.0000000000,0.0000000000,0.0000000000,0.0000000000,-0.8117923737,0.3198339939,-0.3574327826,0.9853067398,-0.1660994291,-0.0457187891,0.2096105814,0.6853566766,0.0875788704,-0.6920424700,
7005.338,0.1831110567,-0.1831110567,1.0376293659,0.0660420582,0.0018311106,-1.0101627111,-0.1567430645,-0.0412610248,-0.4317758679,0.0028686672,0.0055343248,-0.0121665001,0.0312705263,0.0968575105,-0.9949170351,0.0049053263,-0.1831110567,-0.3051851094,-0.1220740378,-0.3905148506,-0.8647724986,-0.2885830402,-0.3618274629,0.1062044129,-0.4757225215,0.0078932047,0.0028106570,0.0095981359,-0.1263978034,0.4847873151,0.6436731815,-0.5787339807,-0.1831110567,-0.3051851094,-0.1220740378,-0.3905148506,-0.8647724986,-0.2885830402,-0.3618274629,0.1062044129,-0.4757225215,0.0078932047,0.0028106570,0.0095981359,-0.1263978034,0.4847873151,0.6436731815,-0.5787339807,0.0000000000,0.0000000000,0.0000000000,0.0000000000,0.0000000000,0.0000000000,-0.8122806549,0.3173924983,-0.3535264134,0.9853066802,-0.1660996675,-0.0457187891,0.2096187472,0.6853556037,0.0875867605,-0.6920400262,
7005.351,0.1220740378,-0.1831110567,0.9765923023,0.0637226477,0.0015869625,-1.0113834143,-0.1550340354,-0.0375988036,-0.4300668240,0.0005832389,0.0052958713,-0.0133851171,0.0312537104,0.0967772081,-0.9949253798,0.0049039871,-0.0610370189,-0.1831110567,0.0000000000,-0.3914914429,-0.8666036129,-0.2891933918,-0.3612170815,0.1098666340,-0.4798730314,0.0069051683,0.0009983778,0.0089476109,-0.1264122576,0.4847794771,0.6436632276,-0.5787481666,-0.0610370189,-0.1831110567,0.0000000000,-0.3914914429,-0.8666036129,-0.2891933918,-0.3612170815,0.1098666340,-0.4798730314,0.0069051683,0.0009983778,0.0089476109,-0.1264122576,0.4847794771,0.6436632276,-0.5787481666,0.0000000000,0.0000000000,0.0000000000,0.0000000000,0.0000000000,0.0000000000,-0.8091067076,0.3169042170,-0.3593859673,0.9853066206,-0.1660999358,-0.0457189679,0.2096176893,0.6853557229,0.0875855088,-0.6920403838,
7005.390,0.1220740378,-0.1220740378,0.9765923023,0.0631122813,0.0029297769,-1.0108951330,-0.1549119502,-0.0445570238,-0.4260383844,0.0000540316,0.0066255690,-0.0128916502,0.0312141608,0.0967245549,-0.9949317575,0.0048918650,0.2441480756,0.5493331552,0.3662221134,-0.3905148506,-0.8700216413,-0.2912686467,-0.3609729409,0.1063264906,-0.4756004512,0.0078502595,-0.0023697615,0.0067699552,-0.1264976859,0.4848118722,0.6435992718,-0.5787737370,0.2441480756,0.5493331552,0.3662221134,-0.3905148506,-0.8700216413,-0.2912686467,-0.3609729409,0.1063264906,-0.4756004512,0.0078502595,-0.0023697615,0.0067699552,-0.1264976859,0.4848118722,0.6435992718,-0.5787737370,0.0000000000,0.0000000000,0.0000000000,0.0000000000,0.0000000000,0.0000000000,-0.8105716109,0.3222754598,-0.3593859673,0.9853065014,-0.1661007702,-0.0457193851,0.2096469104,0.6853519678,0.0876138210,-0.6920316815,
7005.403,0.1220740378,-0.1220740378,0.9765923023,0.0637226477,0.0031739250,-1.0105289221,-0.1571092904,-0.0446790978,-0.4257942438,0.0006868988,0.0068675876,-0.0125240088,0.0312030111,0.0967324525,-0.9949314594,0.0048899599,0.3051851094,0.7324442267,0.4272591472,-0.3881954551,-0.8722190261,-0.2917569578,-0.3601184189,0.1068147868,-0.4769432545,0.0101506114,-0.0045498013,0.0062566102,-0.1265656352,0.4848636985,0.6435505152,-0.5787696838,0.3051851094,0.7324442267,0.4272591472,-0.3881954551,-0.8722190261,-0.2917569578,-0.3601184189,0.1068147868,-0.4769432545,0.0101506114,-0.0045498013,0.0062566102,-0.1265656352,0.4848636985,0.6435505152,-0.5787696838,0.0000000000,0.0000000000,0.0000000000,0.0000000000,0.0000000000,0.0000000000,-0.8110598922,0.3178808093,-0.3535264134,0.9853064418,-0.1661010385,-0.0457195044,0.2096574903,0.6853505969,0.0876240879,-0.6920285225,
7005.416,0.1220740378,-0.0610370189,0.9765923023,0.0640888736,0.0020752586,-1.0100406408,-0.1564989239,-0.0426038392,-0.4337290525,0.0010629520,0.0057722195,-0.0120351315,0.0311980508,0.0967134237,-0.9949333072,0.0048905294,0.3662221134,0.8545182943,0.4882961512,-0.3864864111,-0.8714865446,-0.2906582952,-0.3603625596,0.1069368571,-0.4748679996,0.0118381083,-0.0037978292,0.0073267221,-0.1266386211,0.4849179089,0.6434984207,-0.5787660480,0.3662221134,0.8545182943,0.4882961512,-0.3864864111,-0.8714865446,-0.2906582952,-0.3603625596,0.1069368571,-0.4748679996,0.0118381083,-0.0037978292,0.0073267221,-0.1266386211,0.4849179089,0.6434984207,-0.5787660480,0.0000000000,0.0000000000,0.0000000000,0.0000000000,0.0000000000,0.0000000000,-0.8088625669,0.3159276247,-0.3593859673,0.9853063226,-0.1661012769,-0.0457196236,0.2096529156,0.6853511333,0.0876193643,-0.6920299530,
7005.429,0.1220740378,-0.0610370189,0.9765923023,0.0629902035,0.0026856288,-1.0107730627,-0.1585741788,-0.0397961363,-0.4288460910,-0.0000203401,0.0063828616,-0.0127665997,0.0311906636,0.0966536775,-0.9949395061,0.0048880447,0.4272591472,0.9765923023,0.5493331552,-0.3850215077,-0.8712424040,-0.2923673093,-0.3626819551,0.1064485610,-0.4766991138,0.0132777989,-0.0035350323,0.0055973828,-0.1267177463,0.4849793613,0.6434442401,-0.5787575245,0.4272591472,0.9765923023,0.5493331552,-0.3850215077,-0.8712424040,-0.2923673093,-0.3626819551,0.1064485610,-0.4766991138,0.0132777989,-0.0035350323,0.0055973828,-0.1267177463,0.4849793613,0.6434442401,-0.5787575245,0.0000000000,0.0000000000,0.0000000000,0.0000000000,0.0000000000,0.0000000000,-0.8100833297,0.3188574016,-0.3574327826,0.9853063226,-0.1661015451,-0.0457197428,0.2096611559,0.6853500605,0.0876273215,-0.6920275092,
7005.442,0.1220740378,0.0000000000,0.9765923023,0.0638447255,0.0037842952,-1.0110172033,-0.1569872200,-0.0380870998,-0.4306772053,0.0008347407,0.0074763717,-0.0130106211,0.0311910175,0.0965758935,-0.9949470162,0.0048830127,0.4272591472,0.9155552983,0.4882961512,-0.3844111562,-0.8703879118,-0.2911465764,-0.3635364771,0.1049836725,-0.4691305161,0.0138564706,-0.0026562214,0.0067895651,-0.1267839074,0.4850184619,0.6434036493,-0.5787553787,0.4272591472,0.9155552983,0.4882961512,-0.3844111562,-0.8703879118,-0.2911465764,-0.3635364771,0.1049836725,-0.4691305161,0.0138564706,-0.0026562214,0.0067895651,-0.1267839074,0.4850184619,0.6434036493,-0.5787553787,0.0000000000,0.0000000000,0.0000000000,0.0000000000,0.0000000000,0.0000000000,-0.8098391891,0.3198339939,-0.3554795980,0.9853062034,-0.1661018133,-0.0457198620,0.2096762210,0.6853481531,0.0876420364,-0.6920229793,
7005.455,0.1220740378,0.0000000000,0.9765923023,0.0628681332,0.0028077029,-1.0107730627,-0.1589404047,-0.0419934690,-0.4311655164,-0.0001365691,0.0064994716,-0.0127661824,0.0311885588,0.0965435654,-0.9949502349,0.0048815897,0.3662221134,0.7934812307,0.4272591472,-0.3838007748,-0.8712424040,-0.2910245061,-0.3621936738,0.1095004156,-0.4808496237,0.0144285262,-0.0034831166,0.0068825483,-0.1268645674,0.4850685596,0.6433545947,-0.5787502527,0.3662221134,0.7934812307,0.4272591472,-0.3838007748,-0.8712424040,-0.2910245061,-0.3621936738,0.1095004156,-0.4808496237,0.0144285262,-0.0034831166,0.0068825483,-0.1268645674,0.4850685596,0.6433545947,-0.5787502527,0.0000000000,0.0000000000,0.0000000000,0.0000000000,0.0000000000,0.0000000000,-0.8122806549,0.3193456829,-0.3691518903,0.9853062630,-0.1661020517,-0.0457199812,0.2096658051,0.6853494644,0.0876315311,-0.6920261979,
7005.468,0.1831110567,0.0000000000,0.9765923023,0.0637226477,0.0041505173,-1.0108951330,-0.1582079530,-0.0429700613,-0.4321421087,0.0007190332,0.0078459820,-0.0128881931,0.0311879255,0.0965260193,-0.9949519634,0.0048828274,0.1831110567,0.4882961512,0.3051851094,-0.3822138011,-0.8694112897,-0.2911465764,-0.3636585474,0.1105990782,-0.4723044634,0.0159709752,-0.0016251802,0.0067419410,-0.1269106865,0.4850797057,0.6433389783,-0.5787481666,0.1831110567,0.4882961512,0.3051851094,-0.3822138011,-0.8694112897,-0.2911465764,-0.3636585474,0.1105990782,-0.4723044634,0.0159709752,-0.0016251802,0.0067419410,-0.1269106865,0.4850797057,0.6433389783,-0.5787481666,0.0000000000,0.0000000000,0.0000000000,0.0000000000,0.0000000000,0.0000000000,-0.8113040328,0.3193456829,-0.3554795980,0.9853062034,-0.1661023498,-0.0457201600,0.2096781135,0.6853479147,0.0876435190,-0.6920225024,
7005.481,0.1220740378,0.0000000000,0.9765923023,0.0643330216,0.0047608875,-1.0100406408,-0.1577196568,-0.0433362834,-0.4270149767,0.0013272166,0.0084463637,-0.0120337605,0.0311895497,0.0965157002,-0.9949529171,0.0048776367,0.1220740378,0.2441480756,0.2441480756,-0.3831903934,-0.8695333600,-0.2901699841,-0.3625598848,0.1076693013,-0.4782860875,0.0149581432,-0.0017197728,0.0076870620,-0.1269546300,0.4850896001,0.6433193088,-0.5787521005,0.1220740378,0.2441480756,0.2441480756,-0.3831903934,-0.8695333600,-0.2901699841,-0.3625598848,0.1076693013,-0.4782860875,0.0149581432,-0.0017197728,0.0076870620,-0.1269546300,0.4850896001,0.6433193088,-0.5787521005,0.0000000000,0.0000000000,0.0000000000,0.0000000000,0.0000000000,0.0000000000,-0.8091067076,0.3188574016,-0.3535264134,0.9853061438,-0.1661025882,-0.0457201600,0.2096933573,0.6853459477,0.0876584128,-0.6920179129,
7005.494,0.1220740378,0.0000000000,0.9765923023,0.0636005774,0.0053712577,-1.0118716955,-0.1579638124,-0.0441908017,-0.4314096570,0.0005967543,0.0090438230,-0.0138646960,0.0311891884,0.0965147614,-0.9949531555,0.0048710834,0.0610370189,0.0610370189,0.1220740378,-0.3828241825,-0.8690450788,-0.2898037732,-0.3671987057,0.1132847071,-0.4809717238,0.0152787566,-0.0011984110,0.0080176890,-0.1269852519,0.4850761890,0.6433156133,-0.5787607431,0.0610370189,0.0610370189,0.1220740378,-0.3828241825,-0.8690450788,-0.2898037732,-0.3671987057,0.1132847071,-0.4809717238,0.0152787566,-0.0011984110,0.0080176890,-0.1269852519,0.4850761890,0.6433156133,-0.5787607431,0.0000000000,0.0000000000,0.0000000000,0.0000000000,0.0000000000,0.0000000000,-0.8100833297,0.3193456829,-0.3574327826,0.9853060246,-0.1661028713,-0.0457203388,0.2097031325,0.6853446960,0.0876678899,-0.6920149922,
7005.507,0.1220740378,-0.0610370189,0.9765923023,0.0648213178,0.0037842952,-1.0119937658,-0.1589404047,-0.0412610248,-0.4267708361,0.0018241704,0.0074518458,-0.0139863491,0.0311863050,0.0964745209,-0.9949569702,0.0048670038,0.0000000000,-0.4272591472,0.0000000000,-0.3840449154,-0.8690450788,-0.2907803655,-0.3676870167,0.1162144840,-0.4776757061,0.0140241683,-0.0011635423,0.0069847703,-0.1269823015,0.4850262403,0.6433314085,-0.5787857175,0.0000000000,-0.4272591472,0.0000000000,-0.3840449154,-0.8690450788,-0.2907803655,-0.3676870167,0.1162144840,-0.4776757061,0.0140241683,-0.0011635423,0.0069847703,-0.1269823015,0.4850262403,0.6433314085,-0.5787857175,0.0000000000,0.0000000000,0.0000000000,0.0000000000,0.0000000000,0.0000000000,-0.8108157516,0.3208105862,-0.3574327826,0.9853059649,-0.1661031544,-0.0457203984,0.2097175717,0.6853428483,0.0876819789,-0.6920106411,
7005.520,0.1831110567,0.0000000000,0.9765923023,0.0622577593,0.0024414808,-1.0106509924,-0.1586962491,-0.0427259132,-0.4287240207,-0.0007312372,0.0061212867,-0.0126430392,0.0311817471,0.0964536071,-0.9949593544,0.0048720534,-0.1220740378,-0.6103702188,0.0000000000,-0.3851435781,-0.8689230084,-0.2901699841,-0.3670766354,0.1092562675,-0.4788964391,0.0129066110,-0.0010143518,0.0075416863,-0.1269675940,0.4849753380,0.6433489919,-0.5788120627,-0.1220740378,-0.6103702188,0.0000000000,-0.3851435781,-0.8689230084,-0.2901699841,-0.3670766354,0.1092562675,-0.4788964391,0.0129066110,-0.0010143518,0.0075416863,-0.1269675940,0.4849753380,0.6433489919,-0.5788120627,0.0000000000,0.0000000000,0.0000000000,0.0000000000,0.0000000000,0.0000000000,-0.8122806549,0.3203222752,-0.3593859673,0.9853059649,-0.1661034226,-0.0457205176,0.2097260058,0.6853417754,0.0876901299,-0.6920081377,
7005.533,0.1220740378,-0.0610370189,0.9765923023,0.0671407208,0.0010986663,-1.0118716955,-0.1550340354,-0.0440687276,-0.4265266955,0.0041468963,0.0047866716,-0.0138641000,0.0311837271,0.0964610130,-0.9949584007,0.0048766024,-0.1220740378,-0.7324442267,0.0000000000,-0.3864864111,-0.8675801754,-0.2907803655,-0.3629261255,0.1105990782,-0.4751121700,0.0115590096,0.0003506541,0.0068732500,-0.1269439012,0.4849231541,0.6433658004,-0.5788423419,-0.1220740378,-0.7324442267,0.0000000000,-0.3864864111,-0.8675801754,-0.2907803655,-0.3629261255,0.1105990782,-0.4751121700,0.0115590096,0.0003506541,0.0068732500,-0.1269439012,0.4849231541,0.6433658004,-0.5788423419,0.0000000000,0.0000000000,0.0000000000,0.0000000000,0.0000000000,0.0000000000,-0.8117923737,0.3164159060,-0.3593859673,0.9853059649,-0.1661036909,-0.0457206368,0.2097208500,0.6853424311,0.0876848251,-0.6920097470,
7005.546,0.1220740378,-0.0610370189,0.9765923023,0.0645771697,0.0031739250,-1.0093080997,-0.1569872200,-0.0428479873,-0.4298226833,0.0015902892,0.0068598106,-0.0113000274,0.0311804358,0.0964461789,-0.9949600697,0.0048747449,-0.1220740378,-0.7934812307,0.0000000000,-0.3895382583,-0.8669698238,-0.2895596325,-0.3610950112,0.1119418964,-0.4774315655,0.0085201561,0.0009784102,0.0080254376,-0.1269181520,0.4848779142,0.6433731914,-0.5788775682,-0.1220740378,-0.7934812307,0.0000000000,-0.3895382583,-0.8669698238,-0.2895596325,-0.3610950112,0.1119418964,-0.4774315655,0.0085201561,0.0009784102,0.0080254376,-0.1269181520,0.4848779142,0.6433731914,-0.5788775682,0.0000000000,0.0000000000,0.0000000000,0.0000000000,0.0000000000,0.0000000000,-0.8100833297,0.3149510324,-0.3593859673,0.9853059053,-0.1661039144,-0.0457208753,0.2097116411,0.6853435636,0.0876755118,-0.6920126081,
7005.559,0.1220740378,0.0000000000,0.9765923023,0.0645771697,0.0021973327,-1.0106509924,-0.1555223316,-0.0448011719,-0.4283578098,0.0015870333,0.0058859517,-0.0126431584,0.0311818607,0.0964612290,-0.9949584007,0.0048767366,-0.0610370189,-0.7324442267,0.0610370189,-0.3892941177,-0.8695333600,-0.2904141247,-0.3623157442,0.1120639667,-0.4762108326,0.0087775886,-0.0015661716,0.0070984066,-0.1268936545,0.4848327339,0.6433792114,-0.5789142847,-0.0610370189,-0.7324442267,0.0610370189,-0.3892941177,-0.8695333600,-0.2904141247,-0.3623157442,0.1120639667,-0.4762108326,0.0087775886,-0.0015661716,0.0070984066,-0.1268936545,0.4848327339,0.6433792114,-0.5789142847,0.0000000000,0.0000000000,0.0000000000,0.0000000000,0.0000000000,0.0000000000,-0.8095950484,0.3188574016,-0.3554795980,0.9853058457,-0.1661042273,-0.0457208753,0.2097231448,0.6853420734,0.0876866877,-0.6920091510,
7005.572,0.1220740378,-0.0610370189,0.9155552983,0.0627460554,0.0019531846,-1.0112613440,-0.1523483992,-0.0458998382,-0.4347056448,-0.0002275705,0.0056450656,-0.0132524967,0.0311732609,0.0965042040,-0.9949545860,0.0048789075,-0.0610370189,-0.6714072227,0.1220740378,-0.3897823989,-0.8696554303,-0.2907803655,-0.3607287705,0.1104770079,-0.4784081578,0.0083100498,-0.0016750693,0.0066657066,-0.1268757582,0.4848027229,0.6433758736,-0.5789468884,-0.0610370189,-0.6714072227,0.1220740378,-0.3897823989,-0.8696554303,-0.2907803655,-0.3607287705,0.1104770079,-0.4784081578,0.0083100498,-0.0016750693,0.0066657066,-0.1268757582,0.4848027229,0.6433758736,-0.5789468884,0.0000000000,0.0000000000,0.0000000000,0.0000000000,0.0000000000,0.0000000000,-0.8105716109,0.3154393137,-0.3535264134,0.9853057861,-0.1661044657,-0.0457210541,0.2097248882,0.6853418350,0.0876882076,-0.6920086741,
7005.585,0.1220740378,0.0000000000,0.9765923023,0.0642109439,0.0035401471,-1.0102847815,-0.1552781761,-0.0430921353,-0.4282357395,0.0012356639,0.0072280900,-0.0122759938,0.0311743096,0.0964976624,-0.9949551225,0.0048768222,0.0610370189,-0.3051851094,0.1831110567,-0.3918576539,-0.8698995709,-0.2905362248,-0.3610950112,0.1098666340,-0.4870754182,0.0062542260,-0.0019069314,0.0068479180,-0.1268900633,0.4848092794,0.6433468461,-0.5789704919,0.0610370189,-0.3051851094,0.1831110567,-0.3918576539,-0.8698995709,-0.2905362248,-0.3610950112,0.1098666340,-0.4870754182,0.0062542260,-0.0019069314,0.0068479180,-0.1268900633,0.4848092794,0.6433468461,-0.5789704919,0.0000000000,0.0000000000,0.0000000000,0.0000000000,0.0000000000,0.0000000000,-0.8088625669,0.3193456829,-0.3593859673,0.9853057265,-0.1661047488,-0.0457212329,0.2097321302,0.6853408813,0.0876951665,-0.6920065284,
7005.598,0.1220740378,0.0000000000,0.9765923023,0.0639667958,0.0030518509,-1.0110172033,-0.1540574431,-0.0444349498,-0.4300668240,0.0009912774,0.0067383004,-0.0130084753,0.0311744269,0.0965118855,-0.9949538708,0.0048765349,0.1220740378,-0.1220740378,0.2441480756,-0.3902707100,-0.8695333600,-0.2889492512,-0.3648793101,0.1092562675,-0.4818262160,0.0078551173,-0.0015251040,0.0083708167,-0.1269021630,0.4848084748,0.6433225870,-0.5789955258,0.1220740378,-0.1220740378,0.2441480756,-0.3902707100,-0.8695333600,-0.2889492512,-0.3648793101,0.1092562675,-0.4818262160,0.0078551173,-0.0015251040,0.0083708167,-0.1269021630,0.4848084748,0.6433225870,-0.5789955258,0.0000000000,0.0000000000,0.0000000000,0.0000000000,0.0000000000,0.0000000000,-0.8105716109,0.3198339939,-0.3691518903,0.9853056073,-0.1661050022,-0.0457213521,0.2097242624,0.6853418350,0.0876871794,-0.6920089722,
7005.611,0.1220740378,0.0000000000,0.9155552983,0.0651875362,0.0048829615,-1.0104068518,-0.1551561058,-0.0449232459,-0.4292123318,0.0022055581,0.0085581969,-0.0123984218,0.0311780758,0.0965346247,-0.9949514866,0.0048719780,0.1831110567,0.0610370189,0.2441480756,-0.3897823989,-0.8706320524,-0.2900479138,-0.3630481958,0.1090121195,-0.4792626798,0.0083431005,-0.0026043653,0.0072158873,-0.1269281656,0.4848155677,0.6432953477,-0.5790141225,0.1831110567,0.0610370189,0.2441480756,-0.3897823989,-0.8706320524,-0.2900479138,-0.3630481958,0.1090121195,-0.4792626798,0.0083431005,-0.0026043653,0.0072158873,-0.1269281656,0.4848155677,0.6432953477,-0.5790141225,0.0000000000,0.0000000000,0.0000000000,0.0000000000,0.0000000000,0.0000000000,-0.8115482330,0.3198339939,-0.3691518903,0.9853056669,-0.1661052406,-0.0457215309,0.2097157985,0.6853429079,0.0876785964,-0.6920115948,
7005.624,0.1220740378,0.0610370189,0.9155552983,0.0645771697,0.0030518509,-1.0111392736,-0.1580858827,-0.0457777642,-0.4267708361,0.0015813485,0.0067249881,-0.0131317973,0.0311849508,0.0965597555,-0.9949489236,0.0048723905,0.2441480756,0.3051851094,0.3051851094,-0.3888058066,-0.8711203337,-0.2907803655,-0.3634144068,0.1109653041,-0.4802392721,0.0093106627,-0.0030730963,0.0064384341,-0.1269692034,0.4848371744,0.6432615519,-0.5790245533,0.2441480756,0.3051851094,0.3051851094,-0.3888058066,-0.8711203337,-0.2907803655,-0.3634144068,0.1109653041,-0.4802392721,0.0093106627,-0.0030730963,0.0064384341,-0.1269692034,0.4848371744,0.6432615519,-0.5790245533,0.0000000000,0.0000000000,0.0000000000,0.0000000000,0.0000000000,0.0000000000,-0.8105716109,0.3178808093,-0.3691518903,0.9853056073,-0.1661055237,-0.0457216501,0.2097011954,0.6853447556,0.0876639411,-0.6920160651,
7005.637,0.1220740378,0.0000000000,0.9765923023,0.0626239851,0.0007324442,-1.0108951330,-0.1549119502,-0.0445570238,-0.4287240207,-0.0003653616,0.0044156173,-0.0128872395,0.0311811827,0.0965728015,-0.9949475527,0.0048774839,0.2441480756,0.3662221134,0.3051851094,-0.3868526220,-0.8705099821,-0.2904141247,-0.3612170815,0.1115756705,-0.4823145270,0.0112446547,-0.0024400353,0.0067643225,-0.1270236671,0.4848679900,0.6432226896,-0.5790300369,0.2441480756,0.3662221134,0.3051851094,-0.3868526220,-0.8705099821,-0.2904141247,-0.3612170815,0.1115756705,-0.4823145270,0.0112446547,-0.0024400353,0.0067643225,-0.1270236671,0.4848679900,0.6432226896,-0.5790300369,0.0000000000,0.0000000000,0.0000000000,0.0000000000,0.0000000000,0.0000000000,-0.8091067076,0.3217871785,-0.3554795980,0.9853055477,-0.1661058068,-0.0457217097,0.2097235024,0.6853418946,0.0876858160,-0.6920093298,
7005.650,0.1220740378,0.0610370189,0.9765923023,0.0653096139,0.0043946654,-1.0106509924,-0.1554002464,-0.0460219122,-0.4300668240,0.0023027286,0.0080697350,-0.0126442313,0.0311901588,0.0966031253,-0.9949445724,0.0048752478,0.2441480756,0.3051851094,0.3051851094,-0.3866084814,-0.8689230084,-0.2910245061,-0.3632923365,0.1129184887,-0.4754783809,0.0114741623,-0.0008328557,0.0061144233,-0.1270581484,0.4848803282,0.6431980729,-0.5790395141,0.2441480756,0.3051851094,0.3051851094,-0.3866084814,-0.8689230084,-0.2910245061,-0.3632923365,0.1129184887,-0.4754783809,0.0114741623,-0.0008328557,0.0061144233,-0.1270581484,0.4848803282,0.6431980729,-0.5790395141,0.0000000000,0.0000000000,0.0000000000,0.0000000000,0.0000000000,0.0000000000,-0.8117923737,0.3232520521,-0.3574327826,0.9853054285,-0.1661060750,-0.0457217693,0.2097458094,0.6853390336,0.0877076983,-0.6920025945,
7005.663,0.1220740378,0.0610370189,0.9765923023,0.0633564293,0.0026856288,-1.0115054846,-0.1554002464,-0.0455336161,-0.4294564724,0.0003420115,0.0063610864,-0.0134991407,0.0311937798,0.0966270044,-0.9949419498,0.0048765563,0.1220740378,0.1831110567,0.2441480756,-0.3869746923,-0.8702658415,-0.2890713215,-0.3640247881,0.1097445637,-0.4760887623,0.0110908449,-0.0021541119,0.0080275536,-0.1270855963,0.4848828018,0.6431806087,-0.5790507793,0.1220740378,0.1831110567,0.2441480756,-0.3869746923,-0.8702658415,-0.2890713215,-0.3640247881,0.1097445637,-0.4760887623,0.0110908449,-0.0021541119,0.0080275536,-0.1270855963,0.4848828018,0.6431806087,-0.5790507793,0.0000000000,0.0000000000,0.0000000000,0.0000000000,0.0000000000,0.0000000000,-0.8088625669,0.3178808093,-0.3593859673,0.9853054285,-0.1661063433,-0.0457219481,0.2097477466,0.6853387952,0.0877094120,-0.6920020580,
7005.676,0.1220740378,0.0610370189,0.9765923023,0.0627460554,0.0021973327,-1.0102847815,-0.1546678096,-0.0458998382,-0.4278694987,-0.0002732426,0.0058755782,-0.0122787952,0.0311959255,0.0966581479,-0.9949388504,0.0048791571,0.1220740378,0.0610370189,0.1831110567,-0.3869746923,-0.8703879118,-0.2898037732,-0.3668324947,0.1071810052,-0.4819483161,0.0110703111,-0.0022513270,0.0072500408,-0.1271135062,0.4848812819,0.6431642175,-0.5790641308,0.1220740378,0.0610370189,0.1831110567,-0.3869746923,-0.8703879118,-0.2898037732,-0.3668324947,0.1071810052,-0.4819483161,0.0110703111,-0.0022513270,0.0072500408,-0.1271135062,0.4848812819,0.6431642175,-0.5790641308,0.0000000000,0.0000000000,0.0000000000,0.0000000000,0.0000000000,0.0000000000,-0.8105716109,0.3178808093,-0.3574327826,0.9853053689,-0.1661065966,-0.0457221270,0.2097516954,0.6853382587,0.0877131224,-0.6920009255,
7005.689,0.1220740378,0.0610370189,0.9765923023,0.0648213178,0.0021973327,-1.0111392736,-0.1541795135,-0.0469985045,-0.4316537976,0.0017872006,0.0058783623,-0.0131341815,0.0312029477,0.0967039466,-0.9949342608,0.0048826975,0.1220740378,0.0000000000,0.1831110567,-0.3869746923,-0.8707541227,-0.2899258435,-0.3607287705,0.1103549302,-0.4803613424,0.0110523999,-0.0025925040,0.0070787966,-0.1271463186,0.4848856032,0.6431418657,-0.5790781379,0.1220740378,0.0000000000,0.1831110567,-0.3869746923,-0.8707541227,-0.2899258435,-0.3607287705,0.1103549302,-0.4803613424,0.0110523999,-0.0025925040,0.0070787966,-0.1271463186,0.4848856032,0.6431418657,-0.5790781379,0.0000000000,0.0000000000,0.0000000000,0.0000000000,0.0000000000,0.0000000000,-0.8108157516,0.3222754598,-0.3554795980,0.9853054285,-0.1661069095,-0.0457223058,0.2097743303,0.6853353977,0.0877353176,-0.6919941306,
7005.702,0.1220740378,0.0610370189,0.9765923023,0.0660420582,0.0031739250,-1.0111392736,-0.1524704695,-0.0438245796,-0.4336069822,0.0029872283,0.0068529048,-0.0131354928,0.0312133282,0.0967130959,-0.9949328899,0.0048829699,0.0610370189,-0.2441480756,0.2441480756,-0.3875850737,-0.8697775006,-0.2900479138,-0.3647572398,0.1108432263,-0.4859767556,0.0104502141,-0.0016008019,0.0069016516,-0.1271582395,0.4848838151,0.6431217790,-0.5790992975,0.0610370189,-0.2441480756,0.2441480756,-0.3875850737,-0.8697775006,-0.2900479138,-0.3647572398,0.1108432263,-0.4859767556,0.0104502141,-0.0016008019,0.0069016516,-0.1271582395,0.4848838151,0.6431217790,-0.5790992975,0.0000000000,0.0000000000,0.0000000000,0.0000000000,0.0000000000,0.0000000000,-0.8122806549,0.3208105862,-0.3574327826,0.9853053093,-0.1661071777,-0.0457223654,0.2097874135,0.6853337288,0.0877480656,-0.6919901967,
7005.715,0.1220740378,0.0000000000,0.9765923023,0.0668965727,0.0035401471,-1.0112613440,-0.1546678096,-0.0450453199,-0.4323862493,0.0038275570,0.0072152875,-0.0132584572,0.0312204845,0.0967317075,-0.9949311018,0.0048823291,0.0000000000,-0.3051851094,0.1831110567,-0.3883175254,-0.8701437712,-0.2901699841,-0.3599963486,0.1081575975,-0.4788964391,0.0097222328,-0.0019519925,0.0067295134,-0.1271655113,0.4848760068,0.6431081891,-0.5791193247,0.0000000000,-0.3051851094,0.1831110567,-0.3883175254,-0.8701437712,-0.2901699841,-0.3599963486,0.1081575975,-0.4788964391,0.0097222328,-0.0019519925,0.0067295134,-0.1271655113,0.4848760068,0.6431081891,-0.5791193247,0.0000000000,0.0000000000,0.0000000000,0.0000000000,0.0000000000,0.0000000000,-0.8117923737,0.3188574016,-0.3574327826,0.9853052497,-0.1661074460,-0.0457224846,0.2097938210,0.6853328943,0.0877542049,-0.6919882894,
7005.728,0.1220740378,0.0000000000,0.9155552983,0.0651875362,0.0026856288,-1.0111392736,-0.1568651348,-0.0460219122,-0.4340952933,0.0021127835,0.0063604931,-0.0131367445,0.0312232208,0.0967607945,-0.9949280024,0.0048833843,-0.0610370189,-0.3662221134,0.1831110567,-0.3869746923,-0.8702658415,-0.2909024358,-0.3632923365,0.1127964109,-0.4782860875,0.0110664368,-0.0020605922,0.0059561133,-0.1271599382,0.4848551154,0.6431080699,-0.5791382194,-0.0610370189,-0.3662221134,0.1831110567,-0.3869746923,-0.8702658415,-0.2909024358,-0.3632923365,0.1127964109,-0.4782860875,0.0110664368,-0.0020605922,0.0059561133,-0.1271599382,0.4848551154,0.6431080699,-0.5791382194,0.0000000000,0.0000000000,0.0000000000,0.0000000000,0.0000000000,0.0000000000,-0.8117923737,0.3203222752,-0.3574327826,0.9853051901,-0.1661077142,-0.0457226038,0.2098053992,0.6853314042,0.0877654627,-0.6919848323,
7005.741,0.1220740378,0.0000000000,0.9765923023,0.0653096139,0.0037842952,-1.0110172033,-0.1545457393,-0.0450453199,-0.4336069822,0.0022285134,0.0074541327,-0.0130150914,0.0312265344,0.0967792571,-0.9949262142,0.0048817685,-0.1220740378,-0.6714072227,0.1831110567,-0.3848994374,-0.8703879118,-0.2893154621,-0.3637806475,0.1140171513,-0.4749900699,0.0131506920,-0.0021666884,0.0074842572,-0.1271326393,0.4848089218,0.6431199908,-0.5791696310,-0.1220740378,-0.6714072227,0.1831110567,-0.3848994374,-0.8703879118,-0.2893154621,-0.3637806475,0.1140171513,-0.4749900699,0.0131506920,-0.0021666884,0.0074842572,-0.1271326393,0.4848089218,0.6431199908,-0.5791696310,0.0000000000,0.0000000000,0.0000000000,0.0000000000,0.0000000000,0.0000000000,-0.8088625669,0.3237403631,-0.3554795980,0.9853051305,-0.1661079973,-0.0457227826,0.2098342627,0.6853277087,0.0877938345,-0.6919761300,
7005.754,0.1831110567,0.0000000000,0.9765923023,0.0653096139,0.0035401471,-1.0102847815,-0.1545457393,-0.0455336161,-0.4355601668,0.0022219792,0.0072168112,-0.0122830868,0.0312293414,0.0968036279,-0.9949237108,0.0048862495,-0.1831110567,-1.0376293659,0.1220740378,-0.3857539594,-0.8691671491,-0.2893154621,-0.3639027178,0.1099887118,-0.4764549732,0.0123205483,-0.0009320378,0.0074105859,-0.1270862669,0.4847472310,0.6431377530,-0.5792115927,-0.1831110567,-1.0376293659,0.1220740378,-0.3857539594,-0.8691671491,-0.2893154621,-0.3639027178,0.1099887118,-0.4764549732,0.0123205483,-0.0009320378,0.0074105859,-0.1270862669,0.4847472310,0.6431377530,-0.5792115927,0.0000000000,0.0000000000,0.0000000000,0.0000000000,0.0000000000,0.0000000000,-0.8095950484,0.3217871785,-0.3593859673,0.9853050709,-0.1661082804,-0.0457227826,0.2098490894,0.6853258014,0.0878083035,-0.6919716597,
7005.767,0.1220740378,0.0000000000,0.9765923023,0.0637226477,0.0042725913,-1.0108951330,-0.1563768387,-0.0452894680,-0.4323862493,0.0006365106,0.0079418048,-0.0128933191,0.0312288757,0.0968196914,-0.9949221015,0.0048829718,-0.2441480756,-1.3428144455,0.1831110567,-0.3873409331,-0.8695333600,-0.2880947292,-0.3648793101,0.1119418964,-0.4773094952,0.0107897818,-0.0012922287,0.0085387528,-0.1270142198,0.4846735001,0.6431575418,-0.5792673230,-0.2441480756,-1.3428144455,0.1831110567,-0.3873409331,-0.8695333600,-0.2880947292,-0.3648793101,0.1119418964,-0.4773094952,0.0107897818,-0.0012922287,0.0085387528,-0.1270142198,0.4846735001,0.6431575418,-0.5792673230,0.0000000000,0.0000000000,0.0000000000,0.0000000000,0.0000000000,0.0000000000,-0.8120365143,0.3208105862,-0.3574327826,0.9853049517,-0.1661085635,-0.0457229614,0.2098619640,0.6853241324,0.0878208429,-0.6919677854,
7005.780,0.1220740378,0.0000000000,0.9765923023,0.0655537620,0.0024414808,-1.0117496252,-0.1550340354,-0.0450453199,-0.4328745306,0.0024603829,0.0061123366,-0.0137482882,0.0312323235,0.0968364254,-0.9949203730,0.0048846668,-0.3051851094,-1.7700735331,0.1220740378,-0.3859981000,-0.8686788678,-0.2888271809,-0.3653675914,0.1093783379,-0.4825586677,0.0121966302,-0.0004306436,0.0076993704,-0.1269283891,0.4845846295,0.6431828141,-0.5793322921,-0.3051851094,-1.7700735331,0.1220740378,-0.3859981000,-0.8686788678,-0.2888271809,-0.3653675914,0.1093783379,-0.4825586677,0.0121966302,-0.0004306436,0.0076993704,-0.1269283891,0.4845846295,0.6431828141,-0.5793322921,0.0000000000,0.0000000000,0.0000000000,0.0000000000,0.0000000000,0.0000000000,-0.8117923737,0.3193456829,-0.3593859673,0.9853048921,-0.1661088467,-0.0457229614,0.2098665386,0.6853235364,0.0878251642,-0.6919664145,
7005.793,0.1220740378,0.0000000000,0.9765923023,0.0648213178,0.0032959990,-1.0107730627,-0.1554002464,-0.0418713950,-0.4350718856,0.0017240196,0.0069642570,-0.0127719641,0.0312345289,0.0968103632,-0.9949228764,0.0048827454,-0.3662221134,-2.0142216682,0.1831110567,-0.3873409331,-0.8678243160,-0.2879726589,-0.3648793101,0.1071810052,-0.4786522985,0.0109471083,0.0004215240,0.0084358752,-0.1268166006,0.4844844639,0.6432124376,-0.5794076920,-0.3662221134,-2.0142216682,0.1831110567,-0.3873409331,-0.8678243160,-0.2879726589,-0.3648793101,0.1071810052,-0.4786522985,0.0109471083,0.0004215240,0.0084358752,-0.1268166006,0.4844844639,0.6432124376,-0.5794076920,0.0000000000,0.0000000000,0.0000000000,0.0000000000,0.0000000000,0.0000000000,-0.8110598922,0.3252052367,-0.3554795980,0.9853048325,-0.1661091149,-0.0457231402,0.2098987848,0.6853194237,0.0878568888,-0.6919566989,
7005.806,0.1220740378,0.0000000000,0.9765923023,0.0638447255,0.0035401471,-1.0112613440,-0.1551561058,-0.0419934690,-0.4314096570,0.0007484928,0.0072046216,-0.0132601261,0.0312342942,0.0967875868,-0.9949250817,0.0048800954,-0.3662221134,-2.2583696842,0.2441480756,-0.3895382583,-0.8677022457,-0.2885830402,-0.3659779727,0.1104770079,-0.4815820754,0.0088736713,0.0005320907,0.0076928139,-0.1266856492,0.4843800962,0.6432394981,-0.5794935822,-0.3662221134,-2.2583696842,0.2441480756,-0.3895382583,-0.8677022457,-0.2885830402,-0.3659779727,0.1104770079,-0.4815820754,0.0088736713,0.0005320907,0.0076928139,-0.1266856492,0.4843800962,0.6432394981,-0.5794935822,0.0000000000,0.0000000000,0.0000000000,0.0000000000,0.0000000000,0.0000000000,-0.8117923737,0.3217871785,-0.3554795980,0.9853049517,-0.1661094129,-0.0457234979,0.2099183053,0.6853169799,0.0878759921,-0.6919509172,
7005.819,0.1220740378,0.0000000000,0.9155552983,0.0640888736,0.0023194067,-1.0110172033,-0.1563768387,-0.0438245796,-0.4307992756,0.0009923801,0.0059854691,-0.0130159855,0.0312343333,0.0967904627,-0.9949247837,0.0048809890,-0.1831110567,-1.4648884535,0.3051851094,-0.3990600407,-0.8670918941,-0.2920010984,-0.3642689288,0.1107211560,-0.4828028083,-0.0005174577,0.0011144876,0.0041810572,-0.1265910864,0.4843361080,0.6432362199,-0.5795546770,-0.1831110567,-1.4648884535,0.3051851094,-0.3990600407,-0.8670918941,-0.2920010984,-0.3642689288,0.1107211560,-0.4828028083,-0.0005174577,0.0011144876,0.0041810572,-0.1265910864,0.4843361080,0.6432362199,-0.5795546770,0.0000000000,0.0000000000,0.0000000000,0.0000000000,0.0000000000,0.0000000000,-0.8093508482,0.3227637708,-0.3730582595,0.9853047132,-0.1661096513,-0.0457234979,0.2099143267,0.6853173971,0.0878718570,-0.6919521093,
7005.832,0.1220740378,0.0000000000,0.9765923023,0.0648213178,0.0025635548,-1.0111392736,-0.1554002464,-0.0444349498,-0.4316537976,0.0017210394,0.0062306668,-0.0131383538,0.0312361289,0.0967986435,-0.9949239492,0.0048819520,0.1220740378,-0.3051851094,0.3662221134,-0.4029664099,-0.8673360348,-0.2934660017,-0.3628040552,0.1121860445,-0.4813379347,-0.0043294728,0.0008456707,0.0026614368,-0.1265648901,0.4843560457,0.6431999207,-0.5795840025,0.1220740378,-0.3051851094,0.3662221134,-0.4029664099,-0.8673360348,-0.2934660017,-0.3628040552,0.1121860445,-0.4813379347,-0.0043294728,0.0008456707,0.0026614368,-0.1265648901,0.4843560457,0.6431999207,-0.5795840025,0.0000000000,0.0000000000,0.0000000000,0.0000000000,0.0000000000,0.0000000000,-0.8100833297,0.3242286444,-0.3691518903,0.9853048325,-0.1661099494,-0.0457237959,0.2099211514,0.6853165627,0.0878783911,-0.6919501424,
7005.845,0.1220740378,0.0000000000,0.9765923023,0.0655537620,0.0030518509,-1.0105289221,-0.1546678096,-0.0445570238,-0.4342173636,0.0024459064,0.0067175888,-0.0125284791,0.0312399119,0.0968100205,-0.9949228168,0.0048819920,0.3662221134,1.0986663103,0.4882961512,-0.3980834484,-0.8696554303,-0.2909024358,-0.3653675914,0.1124301925,-0.4832911193,0.0005702376,-0.0014795065,0.0052194595,-0.1266314983,0.4844402373,0.6431343555,-0.5795718431,0.3662221134,1.0986663103,0.4882961512,-0.3980834484,-0.8696554303,-0.2909024358,-0.3653675914,0.1124301925,-0.4832911193,0.0005702376,-0.0014795065,0.0052194595,-0.1266314983,0.4844402373,0.6431343555,-0.5795718431,0.0000000000,0.0000000000,0.0000000000,0.0000000000,0.0000000000,0.0000000000,-0.8115482330,0.3222754598,-0.3593859673,0.9853045940,-0.1661101878,-0.0457236767,0.2099359334,0.6853145957,0.0878928304,-0.6919456124,
7005.858,0.1220740378,0.0000000000,0.9765923023,0.0664082766,0.0043946654,-1.0111392736,-0.1533249915,-0.0444349498,-0.4297006130,0.0032888949,0.0080524161,-0.0131395459,0.0312459711,0.0968250632,-0.9949210882,0.0048790486,0.6103702188,1.9531846046,0.4882961512,-0.3798944056,-0.8695333600,-0.2872402072,-0.3635364771,0.1113315225,-0.4804834127,0.0186569393,-0.0013140440,0.0088924170,-0.1267889142,0.4845432341,0.6430609822,-0.5795328021,0.6103702188,1.9531846046,0.4882961512,-0.3798944056,-0.8695333600,-0.2872402072,-0.3635364771,0.1113315225,-0.4804834127,0.0186569393,-0.0013140440,0.0088924170,-0.1267889142,0.4845432341,0.6430609822,-0.5795328021,0.0000000000,0.0000000000,0.0000000000,0.0000000000,0.0000000000,0.0000000000,-0.8113040328,0.3212988675,-0.3554795980,0.9853047729,-0.1661105454,-0.0457240343,0.2099538594,0.6853123903,0.0879103541,-0.6919403076,
7005.871,0.1220740378,-0.0610370189,0.9765923023,0.0644550920,0.0036622211,-1.0115054846,-0.1549119502,-0.0462660603,-0.4318979383,0.0013445914,0.0073156478,-0.0135051012,0.0312415939,0.0968583003,-0.9949179888,0.0048775086,0.4272591472,0.7934812307,0.5493331552,-0.3774529397,-0.8691671491,-0.2847987413,-0.3646351397,0.1095004156,-0.4738914073,0.0210574567,-0.0009114146,0.0112822056,-0.1268629134,0.4845752120,0.6430168152,-0.5795388818,0.4272591472,0.7934812307,0.5493331552,-0.3774529397,-0.8691671491,-0.2847987413,-0.3646351397,0.1095004156,-0.4738914073,0.0210574567,-0.0009114146,0.0112822056,-0.1268629134,0.4845752120,0.6430168152,-0.5795388818,0.0000000000,0.0000000000,0.0000000000,0.0000000000,0.0000000000,0.0000000000,-0.8108157516,0.3232520521,-0.3535264134,0.9853046536,-0.1661107838,-0.0457240939,0.2099822164,0.6853087544,0.0879382268,-0.6919317245,
7005.884,0.1220740378,0.0000000000,0.9765923023,0.0644550920,0.0041505173,-1.0121158361,-0.1544236541,-0.0434583575,-0.4281136394,0.0013429597,0.0077972421,-0.0141155720,0.0312427301,0.0968574435,-0.9949181676,0.0048742234,0.0610370189,-0.7934812307,0.5493331552,-0.3814813793,-0.8684347272,-0.2862636149,-0.3659779727,0.1119418964,-0.4749900699,0.0170879066,-0.0001716018,0.0097164810,-0.1268218756,0.4845346808,0.6430081129,-0.5795913935,0.0610370189,-0.7934812307,0.5493331552,-0.3814813793,-0.8684347272,-0.2862636149,-0.3659779727,0.1119418964,-0.4749900699,0.0170879066,-0.0001716018,0.0097164810,-0.1268218756,0.4845346808,0.6430081129,-0.5795913935,0.0000000000,0.0000000000,0.0000000000,0.0000000000,0.0000000000,0.0000000000,-0.8105716109,0.3222754598,-0.3535264134,0.9853044748,-0.1661110669,-0.0457240939,0.2100071162,0.6853055358,0.0879626796,-0.6919241548,
7005.897,0.1220740378,-0.0610370189,0.9765923023,0.0654316843,0.0029297769,-1.0112613440,-0.1527146250,-0.0426038392,-0.4306772053,0.0023235232,0.0065758433,-0.0132608414,0.0312408227,0.0968498662,-0.9949188828,0.0048734653,-0.2441480756,-2.1362955570,0.7324442267,-0.3946653605,-0.8668477535,-0.2883388698,-0.3621936738,0.1131626368,-0.4742576480,0.0041171908,0.0013663769,0.0074975789,-0.1266637892,0.4844623208,0.6430067420,-0.5796878934,-0.2441480756,-2.1362955570,0.7324442267,-0.3946653605,-0.8668477535,-0.2883388698,-0.3621936738,0.1131626368,-0.4742576480,0.0041171908,0.0013663769,0.0074975789,-0.1266637892,0.4844623208,0.6430067420,-0.5796878934,0.0000000000,0.0000000000,0.0000000000,0.0000000000,0.0000000000,0.0000000000,-0.8095950484,0.3217871785,-0.3593859673,0.9853044748,-0.1661113203,-0.0457242131,0.2100210637,0.6853037477,0.0879762918,-0.6919199824,
7005.910,0.1220740378,-0.0610370189,0.9765923023,0.0643330216,0.0035401471,-1.0112613440,-0.1539353579,-0.0445570238,-0.4283578098,0.0012342036,0.0071825446,-0.0132601857,0.0312362723,0.0968648195,-0.9949175715,0.0048716543,-0.1220740378,-1.8311105967,0.8545182943,-0.3999145627,-0.8672139645,-0.2879726589,-0.3642689288,0.1142612994,-0.4762108326,-0.0008953810,0.0009410977,0.0077182949,-0.1265127361,0.4844144285,0.6429862976,-0.5797836185,-0.1220740378,-1.8311105967,0.8545182943,-0.3999145627,-0.8672139645,-0.2879726589,-0.3642689288,0.1142612994,-0.4762108326,-0.0008953810,0.0009410977,0.0077182949,-0.1265127361,0.4844144285,0.6429862976,-0.5797836185,0.0000000000,0.0000000000,0.0000000000,0.0000000000,0.0000000000,0.0000000000,-0.8110598922,0.3203222752,-0.3535264134,0.9853044748,-0.1661116332,-0.0457243323,0.2100384831,0.6853015423,0.0879933387,-0.6919147372,
7005.923,0.1220740378,-0.0610370189,0.9765923023,0.0649433881,0.0036622211,-1.0111392736,-0.1557664722,-0.0412610248,-0.4233527780,0.0018508360,0.0073003601,-0.0131376982,0.0312335175,0.0968324915,-0.9949207902,0.0048682154,0.0610370189,-1.1597033739,0.9765923023,-0.4008911550,-0.8670918941,-0.2880947292,-0.3641468585,0.1110873744,-0.4760887623,-0.0016485453,0.0010030866,0.0074706376,-0.1264010966,0.4844081104,0.6429421306,-0.5798621178,0.0610370189,-1.1597033739,0.9765923023,-0.4008911550,-0.8670918941,-0.2880947292,-0.3641468585,0.1110873744,-0.4760887623,-0.0016485453,0.0010030866,0.0074706376,-0.1264010966,0.4844081104,0.6429421306,-0.5798621178,0.0000000000,0.0000000000,0.0000000000,0.0000000000,0.0000000000,0.0000000000,-0.8093508482,0.3198339939,-0.3554795980,0.9853044152,-0.1661119014,-0.0457244515,0.2100519836,0.6852998137,0.0880064964,-0.6919106841,
7005.936,0.1220740378,-0.0610370189,0.9765923023,0.0653096139,0.0042725913,-1.0112613440,-0.1568651348,-0.0450453199,-0.4290902317,0.0022215173,0.0079034828,-0.0132594705,0.0312315859,0.0968448073,-0.9949196577,0.0048647774,0.3051851094,-0.1220740378,1.2817773819,-0.3972289264,-0.8694112897,-0.2902920544,-0.3625598848,0.1126743406,-0.4763329029,0.0022079051,-0.0013781786,0.0051928461,-0.1263537556,0.4844687283,0.6428651810,-0.5799071193,0.3051851094,-0.1220740378,1.2817773819,-0.3972289264,-0.8694112897,-0.2902920544,-0.3625598848,0.1126743406,-0.4763329029,0.0022079051,-0.0013781786,0.0051928461,-0.1263537556,0.4844687283,0.6428651810,-0.5799071193,0.0000000000,0.0000000000,0.0000000000,0.0000000000,0.0000000000,0.0000000000,-0.8125247955,0.3193456829,-0.3593859673,0.9853043556,-0.1661121696,-0.0457246304,0.2100551128,0.6852993965,0.0880093873,-0.6919097900,
7005.949,0.1220740378,-0.0610370189,0.9765923023,0.0642109439,0.0029297769,-1.0113834143,-0.1534470618,-0.0448011719,-0.4279915690,0.0011327267,0.0065600863,-0.0133809447,0.0312265940,0.0968646407,-0.9949178696,0.0048646303,0.3051851094,0.1220740378,1.3428144455,-0.3950316012,-0.8685567975,-0.2895596325,-0.3651234508,0.1131626368,-0.4771874249,0.0045877993,-0.0005859137,0.0058612525,-0.1263169050,0.4845385849,0.6427876353,-0.5799427629,0.3051851094,0.1220740378,1.3428144455,-0.3950316012,-0.8685567975,-0.2895596325,-0.3651234508,0.1131626368,-0.4771874249,0.0045877993,-0.0005859137,0.0058612525,-0.1263169050,0.4845385849,0.6427876353,-0.5799427629,0.0000000000,0.0000000000,0.0000000000,0.0000000000,0.0000000000,0.0000000000,-0.8100833297,0.3203222752,-0.3691518903,0.9853043556,-0.1661124229,-0.0457247496,0.2100476474,0.6853003502,0.0880017951,-0.6919121146,
7005.962,0.1220740378,-0.1220740378,1.0376293659,0.0655537620,0.0028077029,-1.0116275549,-0.1549119502,-0.0485854670,-0.4245735109,0.0024895072,0.0064387131,-0.0136242509,0.0312193073,0.0969242454,-0.9949123859,0.0048661702,0.3051851094,0.3662221134,1.4038513899,-0.3949095011,-0.8677022457,-0.2906582952,-0.3659779727,0.1101107821,-0.4742576480,0.0048884749,0.0002001524,0.0047221184,-0.1262847632,0.4846197367,0.6427106857,-0.5799672008,0.3051851094,0.3662221134,1.4038513899,-0.3949095011,-0.8677022457,-0.2906582952,-0.3659779727,0.1101107821,-0.4742576480,0.0048884749,0.0002001524,0.0047221184,-0.1262847632,0.4846197367,0.6427106857,-0.5799672008,0.0000000000,0.0000000000,0.0000000000,0.0000000000,0.0000000000,0.0000000000,-0.8125247955,0.3169042170,-0.3554795980,0.9853041768,-0.1661126912,-0.0457247496,0.2100484520,0.6853001714,0.0880023986,-0.6919118762,
7005.975,0.1220740378,-0.1220740378,1.0376293659,0.0648213178,0.0025635548,-1.0099185705,-0.1557664722,-0.0449232459,-0.4232306778,0.0017740428,0.0061964411,-0.0119141936,0.0312107112,0.0969339535,-0.9949116707,0.0048665837,0.5493331552,1.3428144455,1.5869624615,-0.4011352956,-0.8645283580,-0.2909024358,-0.3652455211,0.1085238233,-0.4746238589,-0.0011505783,0.0032908320,0.0044702291,-0.1262973398,0.4847690463,0.6425952315,-0.5799677968,0.5493331552,1.3428144455,1.5869624615,-0.4011352956,-0.8645283580,-0.2909024358,-0.3652455211,0.1085238233,-0.4746238589,-0.0011505783,0.0032908320,0.0044702291,-0.1262973398,0.4847690463,0.6425952315,-0.5799677968,0.0000000000,0.0000000000,0.0000000000,0.0000000000,0.0000000000,0.0000000000,-0.8093508482,0.3193456829,-0.3574327826,0.9853042364,-0.1661129296,-0.0457249880,0.2100569308,0.6852990985,0.0880105868,-0.6919093728,
7005.988,0.1220740378,-0.1220740378,0.9765923023,0.0628681332,0.0025635548,-1.0105289221,-0.1532029212,-0.0437025055,-0.4249397218,-0.0001524910,0.0061976397,-0.0125228763,0.0311973412,0.0969404951,-0.9949114323,0.0048660897,0.7934812307,2.3804438114,1.8311105967,-0.4044312835,-0.8648945689,-0.2918790281,-0.3652455211,0.1080355272,-0.4740134776,-0.0042648911,0.0028302670,0.0035239160,-0.1263594776,0.4849839211,0.6424446106,-0.5799412131,0.7934812307,2.3804438114,1.8311105967,-0.4044312835,-0.8648945689,-0.2918790281,-0.3652455211,0.1080355272,-0.4740134776,-0.0042648911,0.0028302670,0.0035239160,-0.1263594776,0.4849839211,0.6424446106,-0.5799412131,0.0000000000,0.0000000000,0.0000000000,0.0000000000,0.0000000000,0.0000000000,-0.8098391891,0.3183690906,-0.3554795980,0.9853041768,-0.1661132276,-0.0457251072,0.2100647688,0.6852980852,0.0880181491,-0.6919070482,
7006.001,0.1220740378,-0.0610370189,1.0376293659,0.0638447255,0.0036622211,-1.0108951330,-0.1588183194,-0.0449232459,-0.4316537976,0.0008353144,0.0072927433,-0.0128883123,0.0311919302,0.0969390422,-0.9949118495,0.0048637246,1.1597033739,3.6011841297,2.0142216682,-0.4065065384,-0.8633075953,-0.2913907170,-0.3636585474,0.1110873744,-0.4762108326,-0.0061827302,0.0043248534,0.0040705204,-0.1264965683,0.4852746129,0.6422478557,-0.5798861980,1.1597033739,3.6011841297,2.0142216682,-0.4065065384,-0.8633075953,-0.2913907170,-0.3636585474,0.1110873744,-0.4762108326,-0.0061827302,0.0043248534,0.0040705204,-0.1264965683,0.4852746129,0.6422478557,-0.5798861980,0.0000000000,0.0000000000,0.0000000000,0.0000000000,0.0000000000,0.0000000000,-0.8115482330,0.3169042170,-0.3574327826,0.9853039980,-0.1661134660,-0.0457251072,0.2100629658,0.6852982640,0.0880161598,-0.6919075847,
7006.014,0.1220740378,-0.0610370189,1.0376293659,0.0629902035,0.0045167394,-1.0112613440,-0.1573534310,-0.0421155430,-0.4260383844,-0.0000037104,0.0081394985,-0.0132535100,0.0311847422,0.0969072580,-0.9949151278,0.0048581106,1.7090365887,5.8595538139,2.7466659546,-0.4112674296,-0.8642842174,-0.2911465764,-0.3674428463,0.1123081148,-0.4724265337,-0.0107745230,0.0032265782,0.0044424534,-0.1267249286,0.4857015610,0.6419747472,-0.5797812343,1.7090365887,5.8595538139,2.7466659546,-0.4112674296,-0.8642842174,-0.2911465764,-0.3674428463,0.1123081148,-0.4724265337,-0.0107745230,0.0032265782,0.0044424534,-0.1267249286,0.4857015610,0.6419747472,-0.5797812343,0.0000000000,0.0000000000,0.0000000000,0.0000000000,0.0000000000,0.0000000000,-0.8098391891,0.3208105862,-0.3574327826,0.9853040576,-0.1661137938,-0.0457254052,0.2100762725,0.6852965951,0.0880291015,-0.6919036508,
7006.027,0.1220740378,-0.0610370189,0.9765923023,0.0645771697,0.0032959990,-1.0107730627,-0.1519821733,-0.0430921353,-0.4276253581,0.0015906692,0.0069163842,-0.0127647519,0.0311811529,0.0969091356,-0.9949150085,0.0048566270,2.0142216682,6.8361463547,3.2349619865,-0.4110232890,-0.8641620874,-0.2902920544,-0.3639027178,0.1093783379,-0.4726706743,-0.0103390515,0.0032106638,0.0054427087,-0.1270039529,0.4862079024,0.6416481733,-0.5796573162,2.0142216682,6.8361463547,3.2349619865,-0.4110232890,-0.8641620874,-0.2902920544,-0.3639027178,0.1093783379,-0.4726706743,-0.0103390515,0.0032106638,0.0054427087,-0.1270039529,0.4862079024,0.6416481733,-0.5796573162,0.0000000000,0.0000000000,0.0000000000,0.0000000000,0.0000000000,0.0000000000,-0.8098391891,0.3164159060,-0.3535264134,0.9853038788,-0.1661140472,-0.0457254052,0.2100802362,0.6852959991,0.0880328268,-0.6919024587,
7006.040,0.1220740378,-0.0610370189,0.9765923023,0.0656758323,0.0028077029,-1.0112613440,-0.1525925547,-0.0450453199,-0.4292123318,0.0026914477,0.0064281453,-0.0132529140,0.0311799701,0.0969344154,-0.9949126840,0.0048573441,2.1973326206,7.5685901642,3.6622211933,-0.4054078758,-0.8655049205,-0.2887051105,-0.3634144068,0.1087679714,-0.4748679996,-0.0045315921,0.0017235279,0.0071926713,-0.1273249537,0.4867677689,0.6412871480,-0.5795165896,2.1973326206,7.5685901642,3.6622211933,-0.4054078758,-0.8655049205,-0.2887051105,-0.3634144068,0.1087679714,-0.4748679996,-0.0045315921,0.0017235279,0.0071926713,-0.1273249537,0.4867677689,0.6412871480,-0.5795165896,0.0000000000,0.0000000000,0.0000000000,0.0000000000,0.0000000000,0.0000000000,-0.8113040328,0.3193456829,-0.3574327826,0.9853038192,-0.1661143005,-0.0457255244,0.2100872248,0.6852951050,0.0880395472,-0.6919003725,
7006.053,0.1220740378,-0.0610370189,0.9765923023,0.0650654659,0.0035401471,-1.0099185705,-0.1525925547,-0.0450453199,-0.4318979383,0.0020857826,0.0071570063,-0.0119098425,0.0311776847,0.0969589427,-0.9949102998,0.0048561008,2.0752587318,7.1413311958,4.1505174637,-0.3878292143,-0.8675801754,-0.2854090929,-0.3640247881,0.1084017456,-0.4725486040,0.0132578909,-0.0004982948,0.0106322765,-0.1276198030,0.4873050451,0.6409350038,-0.5793897510,2.0752587318,7.1413311958,4.1505174637,-0.3878292143,-0.8675801754,-0.2854090929,-0.3640247881,0.1084017456,-0.4725486040,0.0132578909,-0.0004982948,0.0106322765,-0.1276198030,0.4873050451,0.6409350038,-0.5793897510,0.0000000000,0.0000000000,0.0000000000,0.0000000000,0.0000000000,0.0000000000,-0.8105716109,0.3208105862,-0.3535264134,0.9853038192,-0.1661145836,-0.0457256436,0.2101063877,0.6852926612,0.0880583152,-0.6918945909,
7006.066,0.1220740378,-0.0610370189,0.9765923023,0.0648213178,0.0028077029,-1.0101627111,-0.1502731442,-0.0417493209,-0.4349497855,0.0018475652,0.0064246184,-0.0121535659,0.0311747845,0.0969462022,-0.9949117303,0.0048554405,1.7090365887,5.7985167503,4.2115545273,-0.3855098188,-0.8677022457,-0.2877285182,-0.3626819551,0.1102328598,-0.4780419469,0.0158540308,-0.0007882714,0.0084294975,-0.1278330982,0.4877903461,0.6406112313,-0.5792924166,1.7090365887,5.7985167503,4.2115545273,-0.3855098188,-0.8677022457,-0.2877285182,-0.3626819551,0.1102328598,-0.4780419469,0.0158540308,-0.0007882714,0.0084294975,-0.1278330982,0.4877903461,0.6406112313,-0.5792924166,0.0000000000,0.0000000000,0.0000000000,0.0000000000,0.0000000000,0.0000000000,-0.8100833297,0.3222754598,-0.3574327826,0.9853039384,-0.1661149114,-0.0457260013,0.2101244926,0.6852903962,0.0880760103,-0.6918892264,
7006.079,0.1220740378,0.0000000000,1.0376293659,0.0642109439,0.0026856288,-1.0113834143,-0.1483199596,-0.0416272469,-0.4310434163,0.0012359098,0.0063038883,-0.0133743882,0.0311754234,0.0969334319,-0.9949128628,0.0048557725,1.2817773819,4.3946652412,4.2725911140,-0.3892941177,-0.8661152720,-0.2922452390,-0.3601184189,0.1104770079,-0.4806054831,0.0124429166,0.0005905032,0.0040160120,-0.1279443800,0.4882288575,0.6403173804,-0.5792232752,1.2817773819,4.3946652412,4.2725911140,-0.3892941177,-0.8661152720,-0.2922452390,-0.3601184189,0.1104770079,-0.4806054831,0.0124429166,0.0005905032,0.0040160120,-0.1279443800,0.4882288575,0.6403173804,-0.5792232752,0.0000000000,0.0000000000,0.0000000000,0.0000000000,0.0000000000,0.0000000000,-0.8117923737,0.3193456829,-0.3554795980,0.9853037596,-0.1661151350,-0.0457260013,0.2101341337,0.6852890849,0.0880853683,-0.6918863058,
7006.092,0.1220740378,-0.0610370189,0.9765923023,0.0643330216,0.0034180731,-1.0111392736,-0.1522263288,-0.0439466536,-0.4343394339,0.0013666227,0.0070333807,-0.0131297112,0.0311712120,0.0969441310,-0.9949119687,0.0048542181,0.7934812307,3.4791100025,4.6388134956,-0.3968626857,-0.8644062877,-0.2960295379,-0.3651234508,0.1118198186,-0.4791406095,0.0053808391,0.0020205379,0.0003596246,-0.1279359460,0.4886429608,0.6400512457,-0.5791699290,0.7934812307,3.4791100025,4.6388134956,-0.3968626857,-0.8644062877,-0.2960295379,-0.3651234508,0.1118198186,-0.4791406095,0.0053808391,0.0020205379,0.0003596246,-0.1279359460,0.4886429608,0.6400512457,-0.5791699290,0.0000000000,0.0000000000,0.0000000000,0.0000000000,0.0000000000,0.0000000000,-0.8122806549,0.3178808093,-0.3535264134,0.9853037000,-0.1661154032,-0.0457261801,0.2101414055,0.6852881312,0.0880923718,-0.6918841600,
7006.105,0.1220740378,-0.0610370189,0.9765923023,0.0638447255,0.0036622211,-1.0112613440,-0.1507614404,-0.0419934690,-0.4367808998,0.0008893386,0.0072733848,-0.0132510662,0.0311659761,0.0969329029,-0.9949133396,0.0048512672,0.6103702188,3.5401470661,4.7608876228,-0.3941770792,-0.8686788678,-0.2944425941,-0.3607287705,0.1127964109,-0.4762108326,0.0085677505,-0.0025354028,0.0020947456,-0.1279300600,0.4890639484,0.6397877336,-0.5791072845,0.6103702188,3.5401470661,4.7608876228,-0.3941770792,-0.8686788678,-0.2944425941,-0.3607287705,0.1127964109,-0.4762108326,0.0085677505,-0.0025354028,0.0020947456,-0.1279300600,0.4890639484,0.6397877336,-0.5791072845,0.0000000000,0.0000000000,0.0000000000,0.0000000000,0.0000000000,0.0000000000,-0.8103274703,0.3198339939,-0.3535264134,0.9853035808,-0.1661156565,-0.0457262993,0.2101569772,0.6852861047,0.0881075785,-0.6918794513,
7006.118,0.1220740378,-0.0610370189,1.0376293659,0.0645771697,0.0028077029,-1.0104068518,-0.1544236541,-0.0433362834,-0.4365367591,0.0016289502,0.0064196191,-0.0123961568,0.0311624222,0.0969231129,-0.9949142337,0.0048509883,0.4272591472,3.2959990501,4.6998505592,-0.3856318891,-0.8736838698,-0.2948088050,-0.3603625596,0.1095004156,-0.4814600050,0.0175699890,-0.0078076720,0.0018873811,-0.1279353052,0.4894686341,0.6395401955,-0.5790375471,0.4272591472,3.2959990501,4.6998505592,-0.3856318891,-0.8736838698,-0.2948088050,-0.3603625596,0.1095004156,-0.4814600050,0.0175699890,-0.0078076720,0.0018873811,-0.1279353052,0.4894686341,0.6395401955,-0.5790375471,0.0000000000,0.0000000000,0.0000000000,0.0000000000,0.0000000000,0.0000000000,-0.8105716109,0.3193456829,-0.3535264134,0.9853036404,-0.1661159396,-0.0457264781,0.2101705521,0.6852843761,0.0881208181,-0.6918753982,
7006.131,0.1220740378,-0.0610370189,1.0376293659,0.0650654659,0.0026856288,-1.0110172033,-0.1508835107,-0.0427259132,-0.4309213459,0.0021221265,0.0062989071,-0.0130061507,0.0311599467,0.0969174281,-0.9949150085,0.0048512495,0.0610370189,2.6245918274,4.4557023048,-0.3718375266,-0.8778343797,-0.2949308753,-0.3619495332,0.1114536002,-0.4809717238,0.0317513943,-0.0121969581,0.0019351840,-0.1279231459,0.4898066521,0.6393476725,-0.5789668560,0.0610370189,2.6245918274,4.4557023048,-0.3718375266,-0.8778343797,-0.2949308753,-0.3619495332,0.1114536002,-0.4809717238,0.0317513943,-0.0121969581,0.0019351840,-0.1279231459,0.4898066521,0.6393476725,-0.5789668560,0.0000000000,0.0000000000,0.0000000000,0.0000000000,0.0000000000,0.0000000000,-0.8120365143,0.3198339939,-0.3554795980,0.9853035212,-0.1661162078,-0.0457265973,0.2101815641,0.6852829456,0.0881315097,-0.6918721199,
7006.144,0.1220740378,0.0000000000,0.9765923023,0.0651875362,0.0026856288,-1.0122379065,-0.1510055810,-0.0434583575,-0.4301889241,0.0022381842,0.0062996051,-0.0142272711,0.0311628655,0.0969265476,-0.9949139953,0.0048521752,-0.7324442267,0.3051851094,3.4791100025,-0.3700064123,-0.8791772127,-0.2979827225,-0.3614612222,0.1114536002,-0.4799951315,0.0339286625,-0.0137486458,-0.0009780228,-0.1277997345,0.4899796844,0.6392695308,-0.5789342523,-0.7324442267,0.3051851094,3.4791100025,-0.3700064123,-0.8791772127,-0.2979827225,-0.3614612222,0.1114536002,-0.4799951315,0.0339286625,-0.0137486458,-0.0009780228,-0.1277997345,0.4899796844,0.6392695308,-0.5789342523,0.0000000000,0.0000000000,0.0000000000,0.0000000000,0.0000000000,0.0000000000,-0.8125247955,0.3183690906,-0.3593859673,0.9853035212,-0.1661164761,-0.0457267761,0.2101805657,0.6852830648,0.0881303176,-0.6918724775,
7006.157,0.1831110567,-0.0610370189,0.9765923023,0.0646992400,0.0030518509,-1.0104068518,-0.1541795135,-0.0443128757,-0.4281136394,0.0017563701,0.0066753239,-0.0123958588,0.0311591234,0.0969377384,-0.9949129224,0.0048569390,-1.1597033739,-0.7934812307,2.8687398434,-0.3689077497,-0.8777123094,-0.2987151742,-0.3614612222,0.1104770079,-0.4762108326,0.0353336334,-0.0124719143,-0.0015792251,-0.1276231110,0.4900616109,0.6392579675,-0.5789165497,-1.1597033739,-0.7934812307,2.8687398434,-0.3689077497,-0.8777123094,-0.2987151742,-0.3614612222,0.1104770079,-0.4762108326,0.0353336334,-0.0124719143,-0.0015792251,-0.1276231110,0.4900616109,0.6392579675,-0.5789165497,0.0000000000,0.0000000000,0.0000000000,0.0000000000,0.0000000000,0.0000000000,-0.8103274703,0.3212988675,-0.3593859673,0.9853034616,-0.1661167592,-0.0457268953,0.2101914287,0.6852816343,0.0881408677,-0.6918691993,
7006.170,0.1220740378,-0.0610370189,0.9765923023,0.0638447255,0.0040284432,-1.0111392736,-0.1560106277,-0.0439466536,-0.4301889241,0.0009127334,0.0076459185,-0.0131275058,0.0311539937,0.0969379470,-0.9949131012,0.0048534307,-1.5869624615,-1.7700735331,2.3194067478,-0.3665883243,-0.8752708435,-0.3003021479,-0.3619495332,0.1103549302,-0.4780419469,0.0379186571,-0.0102019310,-0.0030283332,-0.1274056435,0.4900710285,0.6393046975,-0.5789049268,-1.5869624615,-1.7700735331,2.3194067478,-0.3665883243,-0.8752708435,-0.3003021479,-0.3619495332,0.1103549302,-0.4780419469,0.0379186571,-0.0102019310,-0.0030283332,-0.1274056435,0.4900710285,0.6393046975,-0.5789049268,0.0000000000,0.0000000000,0.0000000000,0.0000000000,0.0000000000,0.0000000000,-0.8115482330,0.3193456829,-0.3554795980,0.9853035212,-0.1661170721,-0.0457271338,0.2102009505,0.6852804422,0.0881500691,-0.6918663979,
7006.183,0.1831110567,0.0000000000,0.9765923023,0.0626239851,0.0032959990,-1.0102847815,-0.1568651348,-0.0474868007,-0.4300668240,-0.0003020838,0.0069217416,-0.0122727156,0.0311504267,0.0969811082,-0.9949089885,0.0048586098,-2.3804438114,-3.9063692093,1.0376293659,-0.3703726232,-0.8655049205,-0.2995696962,-0.3625598848,0.1125522628,-0.4786522985,0.0343484879,-0.0005753040,-0.0021825731,-0.1270847470,0.4899186492,0.6394656301,-0.5789265037,-2.3804438114,-3.9063692093,1.0376293659,-0.3703726232,-0.8655049205,-0.2995696962,-0.3625598848,0.1125522628,-0.4786522985,0.0343484879,-0.0005753040,-0.0021825731,-0.1270847470,0.4899186492,0.6394656301,-0.5789265037,0.0000000000,0.0000000000,0.0000000000,0.0000000000,0.0000000000,0.0000000000,-0.8095950484,0.3212988675,-0.3574327826,0.9853032827,-0.1661173403,-0.0457270741,0.2102154046,0.6852785349,0.0881641805,-0.6918619871,
7006.196,0.1831110567,-0.0610370189,0.9765923023,0.0620136112,0.0034180731,-1.0104068518,-0.1567430645,-0.0422376171,-0.4267708361,-0.0008928925,0.0070514372,-0.0123935938,0.0311404187,0.0969577953,-0.9949116707,0.0048607215,-2.5025177002,-4.2725911140,0.6103702188,-0.3827021122,-0.8631855249,-0.2993255556,-0.3646351397,0.1107211560,-0.4801172018,0.0222434402,0.0016048551,-0.0018391311,-0.1267366111,0.4897384048,0.6396425366,-0.5789599419,-2.5025177002,-4.2725911140,0.6103702188,-0.3827021122,-0.8631855249,-0.2993255556,-0.3646351397,0.1107211560,-0.4801172018,0.0222434402,0.0016048551,-0.0018391311,-0.1267366111,0.4897384048,0.6396425366,-0.5789599419,0.0000000000,0.0000000000,0.0000000000,0.0000000000,0.0000000000,0.0000000000,-0.8091067076,0.3203222752,-0.3574327826,0.9853034019,-0.1661176682,-0.0457273126,0.2102266997,0.6852771640,0.0881751403,-0.6918586493,
7006.209,0.1220740378,0.0000000000,0.9765923023,0.0611590929,0.0018311106,-1.0108951330,-0.1534470618,-0.0434583575,-0.4259163141,-0.0017341860,0.0054692677,-0.0128809810,0.0311335903,0.0969600901,-0.9949114919,0.0048625371,-2.5025177002,-4.0894804001,0.3662221134,-0.3933225572,-0.8648945689,-0.2981047928,-0.3651234508,0.1126743406,-0.4810937941,0.0118429065,-0.0002405047,-0.0005212724,-0.1263962090,0.4895624518,0.6398152709,-0.5789924264,-2.5025177002,-4.0894804001,0.3662221134,-0.3933225572,-0.8648945689,-0.2981047928,-0.3651234508,0.1126743406,-0.4810937941,0.0118429065,-0.0002405047,-0.0005212724,-0.1263962090,0.4895624518,0.6398152709,-0.5789924264,0.0000000000,0.0000000000,0.0000000000,0.0000000000,0.0000000000,0.0000000000,-0.8122806549,0.3193456829,-0.3535264134,0.9853031635,-0.1661179066,-0.0457271934,0.2102387398,0.6852755547,0.0881868675,-0.6918549538,
7006.222,0.1220740378,-0.0610370189,0.9155552983,0.0599383526,0.0063478500,-1.0116275549,-0.1554002464,-0.0468764305,-0.4260383844,-0.0029249750,0.0099678142,-0.0136114955,0.0311193224,0.0970063433,-0.9949074984,0.0048534703,-3.1128878593,-4.1505174637,-0.3051851094,-0.3534043431,-0.8778343797,-0.3028656840,-0.3639027178,0.1118198186,-0.4751121700,0.0516878963,-0.0132198334,-0.0050681829,-0.1261352301,0.4893023074,0.6400976777,-0.5789569616,-3.1128878593,-4.1505174637,-0.3051851094,-0.3534043431,-0.8778343797,-0.3028656840,-0.3639027178,0.1118198186,-0.4751121700,0.0516878963,-0.0132198334,-0.0050681829,-0.1261352301,0.4893023074,0.6400976777,-0.5789569616,0.0000000000,0.0000000000,0.0000000000,0.0000000000,0.0000000000,0.0000000000,-0.8117923737,0.3183690906,-0.3593859673,0.9853032827,-0.1661181897,-0.0457275510,0.2102379799,0.6852756739,0.0881858841,-0.6918553114,
7006.235,0.1220740378,0.0000000000,0.9155552983,0.0606707968,0.0004882962,-1.0084536076,-0.1521042585,-0.0424817652,-0.4260383844,-0.0021779202,0.0041190726,-0.0104366541,0.0311115198,0.0970049351,-0.9949079752,0.0048580966,-3.4180731773,-4.6388134956,-1.4038513899,-0.3872188628,-0.8546403646,-0.2994476259,-0.3665883243,0.1105990782,-0.4820703864,0.0178451836,0.0099121928,-0.0014318526,-0.1258173287,0.4890140891,0.6404032111,-0.5789318681,-3.4180731773,-4.6388134956,-1.4038513899,-0.3872188628,-0.8546403646,-0.2994476259,-0.3665883243,0.1105990782,-0.4820703864,0.0178451836,0.0099121928,-0.0014318526,-0.1258173287,0.4890140891,0.6404032111,-0.5789318681,0.0000000000,0.0000000000,0.0000000000,0.0000000000,0.0000000000,0.0000000000,-0.8110598922,0.3227637708,-0.3574327826,0.9853030443,-0.1661184430,-0.0457276106,0.2102564424,0.6852732301,0.0882039666,-0.6918497086,
7006.248,0.1220740378,0.0610370189,0.9155552983,0.0650654659,0.0037842952,-1.0108951330,-0.1577196568,-0.0432142094,-0.4323862493,0.0021997839,0.0074095516,-0.0128792524,0.0311202928,0.0969951302,-0.9949085116,0.0048558689,-3.2349619865,-4.0284433365,-1.3428144455,-0.4063844681,-0.8568376899,-0.3003021479,-0.3618274629,0.1130405590,-0.4845118523,-0.0012941957,0.0076258183,-0.0020643473,-0.1255199164,0.4887900352,0.6406607628,-0.5789005756,-3.2349619865,-4.0284433365,-1.3428144455,-0.4063844681,-0.8568376899,-0.3003021479,-0.3618274629,0.1130405590,-0.4845118523,-0.0012941957,0.0076258183,-0.0020643473,-0.1255199164,0.4887900352,0.6406607628,-0.5789005756,0.0000000000,0.0000000000,0.0000000000,0.0000000000,0.0000000000,0.0000000000,-0.8091067076,0.3217871785,-0.3593859673,0.9853031635,-0.1661188006,-0.0457278490,0.2102694958,0.6852716208,0.0882166624,-0.6918458343,
7006.261,0.1220740378,0.0610370189,0.9155552983,0.0628681332,0.0020752586,-1.0107730627,-0.1550340354,-0.0433362834,-0.4292123318,-0.0000036880,0.0057034660,-0.0127575994,0.0311232042,0.0969954878,-0.9949085116,0.0048576468,-3.6622211933,-4.6388134956,-1.0986663103,-0.4016235769,-0.8791772127,-0.2972502708,-0.3584093750,0.1112094522,-0.4803613424,0.0035049617,-0.0148012638,0.0011896491,-0.1251907498,0.4885319471,0.6409366131,-0.5788845420,-3.6622211933,-4.6388134956,-1.0986663103,-0.4016235769,-0.8791772127,-0.2972502708,-0.3584093750,0.1112094522,-0.4803613424,0.0035049617,-0.0148012638,0.0011896491,-0.1251907498,0.4885319471,0.6409366131,-0.5788845420,0.0000000000,0.0000000000,0.0000000000,0.0000000000,0.0000000000,0.0000000000,-0.8093508482,0.3237403631,-0.3574327826,0.9853028655,-0.1661190093,-0.0457276106,0.2102923691,0.6852685809,0.0882391259,-0.6918388009,
7006.274,0.1220740378,0.0610370189,0.9155552983,0.0649433881,0.0017090365,-1.0102847815,-0.1561326981,-0.0439466536,-0.4256721735,0.0020551160,0.0053419867,-0.0122703314,0.0311311446,0.0970012248,-0.9949076176,0.0048609884,-3.7842950821,-4.4557023048,-1.2817773819,-0.3994262516,-0.8768578172,-0.3040864170,-0.3656117320,0.1103549302,-0.4826807380,0.0056940317,-0.0125706196,-0.0053788126,-0.1248662695,0.4882695973,0.6412408352,-0.5788390040,-3.7842950821,-4.4557023048,-1.2817773819,-0.3994262516,-0.8768578172,-0.3040864170,-0.3656117320,0.1103549302,-0.4826807380,0.0056940317,-0.0125706196,-0.0053788126,-0.1248662695,0.4882695973,0.6412408352,-0.5788390040,0.0000000000,0.0000000000,0.0000000000,0.0000000000,0.0000000000,0.0000000000,-0.8117923737,0.3183690906,-0.3574327826,0.9853032231,-0.1661193371,-0.0457282662,0.2102945298,0.6852684617,0.0882410407,-0.6918383837,
7006.287,0.1220740378,0.0610370189,0.9155552983,0.0645771697,0.0030518509,-1.0107730627,-0.1588183194,-0.0422376171,-0.4314096570,0.0016744733,0.0066828937,-0.0127595663,0.0311385468,0.0969759226,-0.9949098825,0.0048599485,-4.0284433365,-4.2725911140,-1.3428144455,-0.3995483220,-0.8718527555,-0.3109225631,-0.3637806475,0.1116977483,-0.4801172018,0.0055502355,-0.0076777339,-0.0118615627,-0.1245376691,0.4880253971,0.6415643692,-0.5787571669,-4.0284433365,-4.2725911140,-1.3428144455,-0.3995483220,-0.8718527555,-0.3109225631,-0.3637806475,0.1116977483,-0.4801172018,0.0055502355,-0.0076777339,-0.0118615627,-0.1245376691,0.4880253971,0.6415643692,-0.5787571669,0.0000000000,0.0000000000,0.0000000000,0.0000000000,0.0000000000,0.0000000000,-0.8088625669,0.3169042170,-0.3554795980,0.9853028059,-0.1661195606,-0.0457280278,0.2102965564,0.6852680445,0.0882428661,-0.6918376684,
7006.300,0.1220740378,0.0610370189,0.8545182943,0.0654316843,0.0030518509,-1.0105289221,-0.1528366953,-0.0440687276,-0.4359263778,0.0025103241,0.0066803261,-0.0125165582,0.0311478749,0.0969962776,-0.9949076176,0.0048602154,-5.7374796867,-5.7374796867,-1.0376293659,-0.3939329088,-0.8686788678,-0.3136081994,-0.3662221134,0.1114536002,-0.4773094952,0.0112473965,-0.0047242641,-0.0140219033,-0.1240370497,0.4877331853,0.6419911385,-0.5786377788,-5.7374796867,-5.7374796867,-1.0376293659,-0.3939329088,-0.8686788678,-0.3136081994,-0.3662221134,0.1114536002,-0.4773094952,0.0112473965,-0.0047242641,-0.0140219033,-0.1240370497,0.4877331853,0.6419911385,-0.5786377788,0.0000000000,0.0000000000,0.0000000000,0.0000000000,0.0000000000,0.0000000000,-0.8088625669,0.3188574016,-0.3593859673,0.9853029251,-0.1661198437,-0.0457282662,0.2102992088,0.6852677464,0.0882452652,-0.6918369532,
7006.313,0.1220740378,0.0610370189,0.9155552983,0.0654316843,0.0028077029,-1.0110172033,-0.1517380327,-0.0413830988,-0.4305551350,0.0024919361,0.0064355084,-0.0130060315,0.0311571453,0.0969803780,-0.9949088693,0.0048602787,-6.9582200050,-7.6296272278,-0.7934812307,-0.3944212198,-0.8700216413,-0.3126316071,-0.3671987057,0.1136509329,-0.4819483161,0.0109772682,-0.0063660145,-0.0124793053,-0.1233737692,0.4873769879,0.6424819231,-0.5785350204,-6.9582200050,-7.6296272278,-0.7934812307,-0.3944212198,-0.8700216413,-0.3126316071,-0.3671987057,0.1136509329,-0.4819483161,0.0109772682,-0.0063660145,-0.0124793053,-0.1233737692,0.4873769879,0.6424819231,-0.5785350204,0.0000000000,0.0000000000,0.0000000000,0.0000000000,0.0000000000,0.0000000000,-0.8093508482,0.3203222752,-0.3593859673,0.9853029251,-0.1661201268,-0.0457284451,0.2103066742,0.6852667928,0.0882524550,-0.6918347478,
7006.326,0.1220740378,0.0610370189,0.9155552983,0.0656758323,0.0023194067,-1.0110172033,-0.1532029212,-0.0440687276,-0.4267708361,0.0027165934,0.0059489603,-0.0130072236,0.0311666951,0.0969964117,-0.9949070215,0.0048625995,-8.1789608002,-9.5828123093,-0.5493331552,-0.3951536715,-0.8741722107,-0.3111667335,-0.3667104244,0.1107211560,-0.4768211842,0.0105989277,-0.0108903050,-0.0104189217,-0.1225370988,0.4869400263,0.6430447102,-0.5784555078,-8.1789608002,-9.5828123093,-0.5493331552,-0.3951536715,-0.8741722107,-0.3111667335,-0.3667104244,0.1107211560,-0.4768211842,0.0105989277,-0.0108903050,-0.0104189217,-0.1225370988,0.4869400263,0.6430447102,-0.5784555078,0.0000000000,0.0000000000,0.0000000000,0.0000000000,0.0000000000,0.0000000000,-0.8095950484,0.3198339939,-0.3574327826,0.9853028059,-0.1661204100,-0.0457285047,0.2103154212,0.6852656603,0.0882609040,-0.6918321252,
7006.339,0.1220740378,0.0610370189,0.9155552983,0.0653096139,0.0019531846,-1.0100406408,-0.1518601030,-0.0412610248,-0.4350718856,0.0023324862,0.0055862796,-0.0120317936,0.0311755352,0.0969773531,-0.9949085116,0.0048646363,-10.4983673096,-13.4891815186,-0.3051851094,-0.3971068561,-0.8735617995,-0.3057954609,-0.3691518903,0.1082796752,-0.4813379347,0.0092537701,-0.0107889175,-0.0044087470,-0.1213757545,0.4863470793,0.6437415481,-0.5784242153,-10.4983673096,-13.4891815186,-0.3051851094,-0.3971068561,-0.8735617995,-0.3057954609,-0.3691518903,0.1082796752,-0.4813379347,0.0092537701,-0.0107889175,-0.0044087470,-0.1213757545,0.4863470793,0.6437415481,-0.5784242153,0.0000000000,0.0000000000,0.0000000000,0.0000000000,0.0000000000,0.0000000000,-0.8093508482,0.3208105862,-0.3554795980,0.9853027463,-0.1661206782,-0.0457286239,0.2103309929,0.6852636337,0.0882761180,-0.6918274164,
7006.352,0.1220740378,0.0610370189,0.9765923023,0.0662862062,0.0045167394,-1.0118716955,-0.1536912173,-0.0416272469,-0.4300668240,0.0032870844,0.0081414003,-0.0138642192,0.0311870184,0.0969538987,-0.9949104786,0.0048607728,-11.3528852463,-15.0761432648,-0.2441480756,-0.4021118879,-0.8705099821,-0.3038422763,-0.3713492155,0.1120639667,-0.4793847501,0.0049752593,-0.0083042979,-0.0018142760,-0.1200722232,0.4856841862,0.6444905996,-0.5784190893,-11.3528852463,-15.0761432648,-0.2441480756,-0.4021118879,-0.8705099821,-0.3038422763,-0.3713492155,0.1120639667,-0.4793847501,0.0049752593,-0.0083042979,-0.0018142760,-0.1200722232,0.4856841862,0.6444905996,-0.5784190893,0.0000000000,0.0000000000,0.0000000000,0.0000000000,0.0000000000,0.0000000000,-0.8105716109,0.3222754598,-0.3593859673,0.9853027463,-0.1661209464,-0.0457288027,0.2103443742,0.6852619052,0.0882891640,-0.6918234229,
7006.365,0.1220740378,0.0000000000,0.9765923023,0.0662862062,0.0039063692,-1.0118716955,-0.1532029212,-0.0444349498,-0.4290902317,0.0032758340,0.0075256559,-0.0138648748,0.0311928093,0.0969690830,-0.9949088097,0.0048591201,-11.9022188187,-15.9916992188,-0.1831110567,-0.4058961868,-0.8647724986,-0.3012787402,-0.3673207760,0.1120639667,-0.4828028083,0.0020004511,-0.0031761527,0.0013951957,-0.1186991259,0.4850064814,0.6452511549,-0.5784233212,-11.9022188187,-15.9916992188,-0.1831110567,-0.4058961868,-0.8647724986,-0.3012787402,-0.3673207760,0.1120639667,-0.4828028083,0.0020004511,-0.0031761527,0.0013951957,-0.1186991259,0.4850064814,0.6452511549,-0.5784233212,0.0000000000,0.0000000000,0.0000000000,0.0000000000,0.0000000000,0.0000000000,-0.8105716109,0.3198339939,-0.3535264134,0.9853026271,-0.1661212444,-0.0457288623,0.2103587538,0.6852600574,0.0883031934,-0.6918190718,
7006.378,0.1220740378,0.0000000000,0.9155552983,0.0666524246,0.0021973327,-1.0106509924,-0.1530808508,-0.0422376171,-0.4295785427,0.0036286265,0.0058190208,-0.0126450658,0.0311994236,0.0969607830,-0.9949094057,0.0048607085,-12.4515514374,-16.1748104095,-0.0610370189,-0.4050416648,-0.8597674370,-0.3035981357,-0.3667104244,0.1145054474,-0.4845118523,0.0036940575,0.0011754036,-0.0001979768,-0.1172916666,0.4843423069,0.6460310221,-0.5783965588,-12.4515514374,-16.1748104095,-0.0610370189,-0.4050416648,-0.8597674370,-0.3035981357,-0.3667104244,0.1145054474,-0.4845118523,0.0036940575,0.0011754036,-0.0001979768,-0.1172916666,0.4843423069,0.6460310221,-0.5783965588,0.0000000000,0.0000000000,0.0000000000,0.0000000000,0.0000000000,0.0000000000,-0.8117923737,0.3178808093,-0.3535264134,0.9853024483,-0.1661214978,-0.0457288623,0.2103652209,0.6852591634,0.0883093923,-0.6918171048,
7006.391,0.1831110567,0.0000000000,0.9765923023,0.0651875362,0.0040284432,-1.0115054846,-0.1562547684,-0.0441908017,-0.4348277152,0.0021578819,0.0076547996,-0.0134999752,0.0312021058,0.0969622657,-0.9949092865,0.0048633628,-12.8177738190,-16.2358474731,-0.2441480756,-0.3999145627,-0.8550065756,-0.3020111620,-0.3712271452,0.1186559647,-0.4874416292,0.0096216202,0.0052828193,0.0021609962,-0.1158807576,0.4836614728,0.6468391418,-0.5783472657,-12.8177738190,-16.2358474731,-0.2441480756,-0.3999145627,-0.8550065756,-0.3020111620,-0.3712271452,0.1186559647,-0.4874416292,0.0096216202,0.0052828193,0.0021609962,-0.1158807576,0.4836614728,0.6468391418,-0.5783472657,0.0000000000,0.0000000000,0.0000000000,0.0000000000,0.0000000000,0.0000000000,-0.8115482330,0.3183690906,-0.3554795980,0.9853025079,-0.1661217511,-0.0457290411,0.2103703469,0.6852585077,0.0883142650,-0.6918156147,
7006.404,0.1220740378,0.0000000000,0.9765923023,0.0649433881,0.0045167394,-1.0122379065,-0.1539353579,-0.0423596911,-0.4307992756,0.0019093752,0.0081347097,-0.0142325759,0.0312047619,0.0969475955,-0.9949104786,0.0048589413,-13.1229591370,-16.5410327911,-0.4882961512,-0.3953978121,-0.8531754613,-0.3028656840,-0.3717154562,0.1209753752,-0.4869533479,0.0149004161,0.0064683557,0.0021038055,-0.1144622639,0.4829516411,0.6476773620,-0.5782850981,-13.1229591370,-16.5410327911,-0.4882961512,-0.3953978121,-0.8531754613,-0.3028656840,-0.3717154562,0.1209753752,-0.4869533479,0.0149004161,0.0064683557,0.0021038055,-0.1144622639,0.4829516411,0.6476773620,-0.5782850981,0.0000000000,0.0000000000,0.0000000000,0.0000000000,0.0000000000,0.0000000000,-0.8108157516,0.3217871785,-0.3593859673,0.9853024483,-0.1661220640,-0.0457291603,0.2103816420,0.6852570772,0.0883252472,-0.6918122172,
7006.417,0.1220740378,-0.0610370189,0.9765923023,0.0655537620,0.0040284432,-1.0117496252,-0.1535691470,-0.0416272469,-0.4304330647,0.0025228485,0.0076404721,-0.0137441158,0.0312036108,0.0969246030,-0.9949129224,0.0048551103,-13.6112556458,-16.6020698547,-0.8545182943,-0.4096804857,-0.8517105579,-0.3137302697,-0.3687856793,0.1176793724,-0.4887844622,0.0013824701,0.0072470903,-0.0078596175,-0.1130238995,0.4822594821,0.6485402584,-0.5781784058,-13.6112556458,-16.6020698547,-0.8545182943,-0.4096804857,-0.8517105579,-0.3137302697,-0.3687856793,0.1176793724,-0.4887844622,0.0013824701,0.0072470903,-0.0078596175,-0.1130238995,0.4822594821,0.6485402584,-0.5781784058,0.0000000000,0.0000000000,0.0000000000,0.0000000000,0.0000000000,0.0000000000,-0.8125247955,0.3212988675,-0.3535264134,0.9853023291,-0.1661223471,-0.0457292199,0.2103997320,0.6852547526,0.0883429497,-0.6918067336,
7006.430,0.1220740378,-0.0610370189,0.9765923023,0.0651875362,0.0039063692,-1.0112613440,-0.1567430645,-0.0407727286,-0.4353160262,0.0021613762,0.0075130775,-0.0132555366,0.0312017184,0.0968804881,-0.9949172735,0.0048508472,-13.6722927094,-15.6865139008,-0.9155552983,-0.4189580977,-0.8558610678,-0.3181249499,-0.3717154562,0.1198767051,-0.4870754182,-0.0071612895,0.0023963451,-0.0112784505,-0.1116221994,0.4816119075,0.6493969560,-0.5780287385,-13.6722927094,-15.6865139008,-0.9155552983,-0.4189580977,-0.8558610678,-0.3181249499,-0.3717154562,0.1198767051,-0.4870754182,-0.0071612895,0.0023963451,-0.0112784505,-0.1116221994,0.4816119075,0.6493969560,-0.5780287385,0.0000000000,0.0000000000,0.0000000000,0.0000000000,0.0000000000,0.0000000000,-0.8122806549,0.3173924983,-0.3574327826,0.9853024483,-0.1661226302,-0.0457295179,0.2103975266,0.6852550507,0.0883405358,-0.6918075085,
7006.443,0.1220740378,-0.0610370189,0.9765923023,0.0653096139,0.0020752586,-1.0118716955,-0.1566209942,-0.0421155430,-0.4282357395,0.0022877678,0.0056857173,-0.0138655901,0.0311995056,0.0968558043,-0.9949197173,0.0048517310,-13.7333288193,-14.4047365189,-0.7324442267,-0.4267708361,-0.8595232964,-0.3204443455,-0.3719595969,0.1214636713,-0.4828028083,-0.0142581165,-0.0019929409,-0.0125290155,-0.1102698371,0.4810398519,0.6502320766,-0.5778260231,-13.7333288193,-14.4047365189,-0.7324442267,-0.4267708361,-0.8595232964,-0.3204443455,-0.3719595969,0.1214636713,-0.4828028083,-0.0142581165,-0.0019929409,-0.0125290155,-0.1102698371,0.4810398519,0.6502320766,-0.5778260231,0.0000000000,0.0000000000,0.0000000000,0.0000000000,0.0000000000,0.0000000000,-0.8098391891,0.3164159060,-0.3691518903,0.9853023291,-0.1661228985,-0.0457295775,0.2103748471,0.6852579117,0.0883178785,-0.6918144226,
7006.456,0.1831110567,-0.0610370189,0.9765923023,0.0657979101,0.0052491836,-1.0106509924,-0.1541795135,-0.0396740623,-0.4314096570,0.0027775690,0.0088583194,-0.0126447678,0.0311990622,0.0968059152,-0.9949246049,0.0048494344,-13.8554029465,-11.6580705643,-0.1831110567,-0.4216437340,-0.8670918941,-0.3266701400,-0.3742789924,0.1225623339,-0.4837794006,-0.0085200071,-0.0103234053,-0.0174575746,-0.1090575531,0.4806309938,0.6510324478,-0.5774947405,-13.8554029465,-11.6580705643,-0.1831110567,-0.4216437340,-0.8670918941,-0.3266701400,-0.3742789924,0.1225623339,-0.4837794006,-0.0085200071,-0.0103234053,-0.0174575746,-0.1090575531,0.4806309938,0.6510324478,-0.5774947405,0.0000000000,0.0000000000,0.0000000000,0.0000000000,0.0000000000,0.0000000000,-0.8122806549,0.3193456829,-0.3730582595,0.9853021502,-0.1661231369,-0.0457295179,0.2103548348,0.6852604151,0.0882978663,-0.6918205023,
7006.469,0.1220740378,-0.0610370189,1.0376293659,0.0646992400,0.0042725913,-1.0099185705,-0.1562547684,-0.0367442854,-0.4265266955,0.0016856268,0.0078752507,-0.0119119287,0.0311965067,0.0967077762,-0.9949342012,0.0048428075,-14.4657735825,-11.4139223099,-0.0610370189,-0.4089480340,-0.8685567975,-0.3263038993,-0.3765984178,0.1218298897,-0.4806054831,0.0047372878,-0.0125666857,-0.0156903863,-0.1078473628,0.4802247286,0.6518697143,-0.5771154165,-14.4657735825,-11.4139223099,-0.0610370189,-0.4089480340,-0.8685567975,-0.3263038993,-0.3765984178,0.1218298897,-0.4806054831,0.0047372878,-0.0125666857,-0.0156903863,-0.1078473628,0.4802247286,0.6518697143,-0.5771154165,0.0000000000,0.0000000000,0.0000000000,0.0000000000,0.0000000000,0.0000000000,-0.8122806549,0.3183690906,-0.3574327826,0.9853022695,-0.1661234498,-0.0457297564,0.2103563398,0.6852602959,0.0882991254,-0.6918201447,
7006.482,0.1220740378,-0.0610370189,0.9765923023,0.0644550920,0.0041505173,-1.0106509924,-0.1523483992,-0.0362559892,-0.4276253581,0.0014495328,0.0077466797,-0.0126438141,0.0311932359,0.0966187716,-0.9949430823,0.0048363907,-15.2592544556,-12.1463670731,-0.1220740378,-0.4033326209,-0.8666036129,-0.3269142807,-0.3739127815,0.1550340354,-0.4826807380,0.0109248459,-0.0114240646,-0.0148353279,-0.1065755635,0.4797795415,0.6527589560,-0.5767167211,-15.2592544556,-12.1463670731,-0.1220740378,-0.4033326209,-0.8666036129,-0.3269142807,-0.3739127815,0.1550340354,-0.4826807380,0.0109248459,-0.0114240646,-0.0148353279,-0.1065755635,0.4797795415,0.6527589560,-0.5767167211,0.0000000000,0.0000000000,0.0000000000,0.0000000000,0.0000000000,0.0000000000,-0.8110598922,0.3203222752,-0.3593859673,0.9853020906,-0.1661237180,-0.0457296968,0.2103623450,0.6852594614,0.0883048773,-0.6918182969,
7006.495,0.1220740378,-0.0610370189,0.9765923023,0.0650654659,0.0030518509,-1.0113834143,-0.1566209942,-0.0408948027,-0.4331187010,0.0020651743,0.0066469880,-0.0133758783,0.0311908573,0.0965786353,-0.9949470162,0.0048343670,-16.9682903290,-14.1605882645,-0.3051851094,-0.4079714417,-0.8590350151,-0.3343607783,-0.3735465705,0.1237830743,-0.4832911193,0.0069687366,-0.0047741532,-0.0206776857,-0.1051268056,0.4792689383,0.6537477970,-0.5762870908,-16.9682903290,-14.1605882645,-0.3051851094,-0.4079714417,-0.8590350151,-0.3343607783,-0.3735465705,0.1237830743,-0.4832911193,0.0069687366,-0.0047741532,-0.0206776857,-0.1051268056,0.4792689383,0.6537477970,-0.5762870908,0.0000000000,0.0000000000,0.0000000000,0.0000000000,0.0000000000,0.0000000000,-0.8113040328,0.3203222752,-0.3554795980,0.9853022099,-0.1661240160,-0.0457300544,0.2103746384,0.6852579117,0.0883168280,-0.6918146610,
7006.508,0.1831110567,-0.0610370189,0.9765923023,0.0637226477,0.0030518509,-1.0101627111,-0.1563768387,-0.0429700613,-0.4259163141,0.0007338077,0.0066565829,-0.0121544600,0.0311847366,0.0965681002,-0.9949482083,0.0048382590,-17.5786609650,-14.3436994553,-0.3051851094,-0.4137089252,-0.8578142524,-0.3381450772,-0.3733024001,0.1254921108,-0.4842677116,0.0019479692,-0.0045227408,-0.0227781534,-0.1036376730,0.4787663221,0.6547592878,-0.5758261681,-17.5786609650,-14.3436994553,-0.3051851094,-0.4137089252,-0.8578142524,-0.3381450772,-0.3733024001,0.1254921108,-0.4842677116,0.0019479692,-0.0045227408,-0.0227781534,-0.1036376730,0.4787663221,0.6547592878,-0.5758261681,0.0000000000,0.0000000000,0.0000000000,0.0000000000,0.0000000000,0.0000000000,-0.8095950484,0.3222754598,-0.3691518903,0.9853017926,-0.1661241949,-0.0457298160,0.2103726268,0.6852580309,0.0883146599,-0.6918151975,
7006.534,0.1831110567,0.0000000000,0.9765923023,0.0618915372,0.0023194067,-1.0102847815,-0.1523483992,-0.0413830988,-0.4288460910,-0.0010705628,0.0059422264,-0.0122749805,0.0311707072,0.0965338200,-0.9949519038,0.0048448946,-19.4708099365,-14.2216253281,-0.1831110567,-0.4055299461,-0.8493911624,-0.3431501091,-0.3763542473,0.1272011548,-0.4841456413,0.0115295351,0.0018041134,-0.0239959061,-0.1005866826,0.4778058529,0.6569033861,-0.5747218728,-19.4708099365,-14.2216253281,-0.1831110567,-0.4055299461,-0.8493911624,-0.3431501091,-0.3763542473,0.1272011548,-0.4841456413,0.0115295351,0.0018041134,-0.0239959061,-0.1005866826,0.4778058529,0.6569033861,-0.5747218728,0.0000000000,0.0000000000,0.0000000000,0.0000000000,0.0000000000,0.0000000000,-0.8105716109,0.3212988675,-0.3593859673,0.9853019118,-0.1661247611,-0.0457302332,0.2103901356,0.6852558255,0.0883315876,-0.6918100119,
7006.547,0.1831110567,0.0000000000,0.9765923023,0.0636005774,0.0014648885,-1.0108951330,-0.1543015838,-0.0411389507,-0.4301889241,0.0006399378,0.0051050060,-0.0128852725,0.0311692860,0.0965044200,-0.9949547648,0.0048525147,-20.1422157288,-14.3436994553,-0.1220740378,-0.4102908373,-0.8440198898,-0.3452253938,-0.3757438958,0.1229285598,-0.4810937941,0.0075212717,0.0060242414,-0.0239956379,-0.0989834145,0.4773411155,0.6580302715,-0.5740970373,-20.1422157288,-14.3436994553,-0.1220740378,-0.4102908373,-0.8440198898,-0.3452253938,-0.3757438958,0.1229285598,-0.4810937941,0.0075212717,0.0060242414,-0.0239956379,-0.0989834145,0.4773411155,0.6580302715,-0.5740970373,0.0000000000,0.0000000000,0.0000000000,0.0000000000,0.0000000000,0.0000000000,-0.8117923737,0.3198339939,-0.3574327826,0.9853017926,-0.1661250442,-0.0457303524,0.2103969604,0.6852549314,0.0883381516,-0.6918079853,
7006.560,0.1220740378,0.0000000000,0.9765923023,0.0614032410,0.0031739250,-1.0105289221,-0.1546678096,-0.0385753959,-0.4292123318,-0.0015452541,0.0068121697,-0.0125182867,0.0311636310,0.0964405537,-0.9949612617,0.0048489929,-20.6915493011,-13.7943658829,-0.0610370189,-0.4227423966,-0.8417004943,-0.3523056805,-0.3787957430,0.1274452955,-0.4936674237,-0.0041475594,0.0071203709,-0.0288695395,-0.0973785967,0.4769447446,0.6591549516,-0.5734102726,-20.6915493011,-13.7943658829,-0.0610370189,-0.4227423966,-0.8417004943,-0.3523056805,-0.3787957430,0.1274452955,-0.4936674237,-0.0041475594,0.0071203709,-0.0288695395,-0.0973785967,0.4769447446,0.6591549516,-0.5734102726,0.0000000000,0.0000000000,0.0000000000,0.0000000000,0.0000000000,0.0000000000,-0.8103274703,0.3222754598,-0.3593859673,0.9853022695,-0.1661253572,-0.0457309484,0.2104102075,0.6852533817,0.0883510485,-0.6918041706,
7006.573,0.1220740378,0.0000000000,0.9155552983,0.0640888736,0.0037842952,-1.0101627111,-0.1524704695,-0.0388195440,-0.4262825549,0.0011391193,0.0074169831,-0.0121521354,0.0311647672,0.0963922143,-0.9949658513,0.0048447745,-21.8512535095,-12.0242929459,0.4272591472,-0.4260383844,-0.8534196019,-0.3568224013,-0.3839228451,0.1292764097,-0.4893948138,-0.0066974163,-0.0059211850,-0.0308962762,-0.0957981423,0.4766530395,0.6603093743,-0.5725902915,-21.8512535095,-12.0242929459,0.4272591472,-0.4260383844,-0.8534196019,-0.3568224013,-0.3839228451,0.1292764097,-0.4893948138,-0.0066974163,-0.0059211850,-0.0308962762,-0.0957981423,0.4766530395,0.6603093743,-0.5725902915,0.0000000000,0.0000000000,0.0000000000,0.0000000000,0.0000000000,0.0000000000,-0.8100833297,0.3183690906,-0.3593859673,0.9853018522,-0.1661255956,-0.0457305908,0.2104096562,0.6852533221,0.0883503184,-0.6918042302,
7006.586,0.1220740378,0.0000000000,0.9765923023,0.0645771697,0.0045167394,-1.0112613440,-0.1513718069,-0.0419934690,-0.4309213459,0.0016241297,0.0081409756,-0.0132509470,0.0311668552,0.0963832438,-0.9949666262,0.0048404448,-22.7668075562,-12.1463670731,0.6103702188,-0.4156621099,-0.8622089028,-0.3596301079,-0.3840449154,0.1328165531,-0.4886623621,0.0044011474,-0.0160759091,-0.0310996175,-0.0941932723,0.4763553441,0.6615088582,-0.5717188120,-22.7668075562,-12.1463670731,0.6103702188,-0.4156621099,-0.8622089028,-0.3596301079,-0.3840449154,0.1328165531,-0.4886623621,0.0044011474,-0.0160759091,-0.0310996175,-0.0941932723,0.4763553441,0.6615088582,-0.5717188120,0.0000000000,0.0000000000,0.0000000000,0.0000000000,0.0000000000,0.0000000000,-0.8100833297,0.3198339939,-0.3554795980,0.9853017926,-0.1661258638,-0.0457307100,0.2104207724,0.6852518916,0.0883611217,-0.6918008924,
7006.599,0.1220740378,0.0000000000,0.9155552983,0.0642109439,0.0025635548,-1.0116275549,-0.1547898799,-0.0429700613,-0.4334849119,0.0012564957,0.0061883596,-0.0136172175,0.0311675351,0.0963815749,-0.9949668646,0.0048407428,-23.8654747009,-13.2450332642,0.6103702188,-0.4088259637,-0.8650166392,-0.3593859673,-0.3824579716,0.1356242597,-0.4848780930,0.0119924545,-0.0202996135,-0.0281904340,-0.0924970731,0.4759978652,0.6627722979,-0.5708296895,-23.8654747009,-13.2450332642,0.6103702188,-0.4088259637,-0.8650166392,-0.3593859673,-0.3824579716,0.1356242597,-0.4848780930,0.0119924545,-0.0202996135,-0.0281904340,-0.0924970731,0.4759978652,0.6627722979,-0.5708296895,0.0000000000,0.0000000000,0.0000000000,0.0000000000,0.0000000000,0.0000000000,-0.8117923737,0.3183690906,-0.3574327826,0.9853017330,-0.1661261320,-0.0457308292,0.2104222327,0.6852517128,0.0883623660,-0.6918004751,
7006.612,0.1220740378,0.0000000000,0.9765923023,0.0657979101,0.0046388134,-1.0107730627,-0.1530808508,-0.0426038392,-0.4331187010,0.0028340444,0.0082545960,-0.0127633214,0.0311726965,0.0963751227,-0.9949672818,0.0048365043,-26.0628070831,-16.6020698547,0.2441480756,-0.4090701044,-0.8519546986,-0.3563341200,-0.3823359013,0.1363566965,-0.4929349720,0.0126715899,-0.0087734461,-0.0224125087,-0.0905411169,0.4754901230,0.6641637087,-0.5699486732,-26.0628070831,-16.6020698547,0.2441480756,-0.4090701044,-0.8519546986,-0.3563341200,-0.3823359013,0.1363566965,-0.4929349720,0.0126715899,-0.0087734461,-0.0224125087,-0.0905411169,0.4754901230,0.6641637087,-0.5699486732,0.0000000000,0.0000000000,0.0000000000,0.0000000000,0.0000000000,0.0000000000,-0.8093508482,0.3183690906,-0.3574327826,0.9853017330,-0.1661264151,-0.0457310081,0.2104253471,0.6852512956,0.0883652419,-0.6917995811,
7006.625,0.1220740378,0.0000000000,0.9155552983,0.0654316843,0.0039063692,-1.0112613440,-0.1502731442,-0.0429700613,-0.4366588295,0.0024603605,0.0075161317,-0.0132520199,0.0311766490,0.0963865221,-0.9949660897,0.0048342249,-26.6731777191,-17.5786609650,0.1831110567,-0.4173711240,-0.8388928175,-0.3556016684,-0.3848994374,0.1339152157,-0.4871974885,0.0054021776,0.0026836395,-0.0189496279,-0.0884751603,0.4749366343,0.6655858755,-0.5690748096,-26.6731777191,-17.5786609650,0.1831110567,-0.4173711240,-0.8388928175,-0.3556016684,-0.3848994374,0.1339152157,-0.4871974885,0.0054021776,0.0026836395,-0.0189496279,-0.0884751603,0.4749366343,0.6655858755,-0.5690748096,0.0000000000,0.0000000000,0.0000000000,0.0000000000,0.0000000000,0.0000000000,-0.8103274703,0.3208105862,-0.3554795980,0.9853016734,-0.1661266983,-0.0457311869,0.2104396969,0.6852494478,0.0883792415,-0.6917952895,
7006.638,0.1220740378,0.0000000000,0.9765923023,0.0650654659,0.0029297769,-1.0115054846,-0.1535691470,-0.0410168767,-0.4340952933,0.0020886436,0.0065390440,-0.0134965181,0.0311795566,0.0963574573,-0.9949687719,0.0048333341,-26.9173259735,-17.5786609650,0.3662221134,-0.4289681613,-0.8271737099,-0.3590197563,-0.3842890859,0.1333048493,-0.4907376468,-0.0050672889,0.0127223134,-0.0196024179,-0.0863725021,0.4744249582,0.6669879556,-0.5681822896,-26.9173259735,-17.5786609650,0.3662221134,-0.4289681613,-0.8271737099,-0.3590197563,-0.3842890859,0.1333048493,-0.4907376468,-0.0050672889,0.0127223134,-0.0196024179,-0.0863725021,0.4744249582,0.6669879556,-0.5681822896,0.0000000000,0.0000000000,0.0000000000,0.0000000000,0.0000000000,0.0000000000,-0.8110598922,0.3222754598,-0.3574327826,0.9853014350,-0.1661269218,-0.0457310081,0.2104554027,0.6852473617,0.0883946046,-0.6917904615,
7006.651,0.1831110567,0.0000000000,0.9765923023,0.0640888736,0.0035401471,-1.0104068518,-0.1588183194,-0.0413830988,-0.4353160262,0.0011110231,0.0071565253,-0.0123980045,0.0311799124,0.0963185355,-0.9949725270,0.0048357039,-26.9173259735,-15.0151062012,1.3428144455,-0.4477675855,-0.8150883317,-0.3693960309,-0.3859981000,0.1369670779,-0.4857325852,-0.0226547420,0.0229836106,-0.0270001292,-0.0843200237,0.4741171598,0.6683221459,-0.5671791434,-26.9173259735,-15.0151062012,1.3428144455,-0.4477675855,-0.8150883317,-0.3693960309,-0.3859981000,0.1369670779,-0.4857325852,-0.0226547420,0.0229836106,-0.0270001292,-0.0843200237,0.4741171598,0.6683221459,-0.5671791434,0.0000000000,0.0000000000,0.0000000000,0.0000000000,0.0000000000,0.0000000000,-0.8088625669,0.3217871785,-0.3691518903,0.9853014946,-0.1661272347,-0.0457313657,0.2104518414,0.6852478385,0.0883908495,-0.6917916536,
7006.664,0.1220740378,0.0610370189,0.9765923023,0.0650654659,0.0032959990,-1.0113834143,-0.1524704695,-0.0426038392,-0.4305551350,0.0020714700,0.0069100414,-0.0133755207,0.0311880894,0.0963147357,-0.9949726462,0.0048352024,-27.2225112915,-13.5502185822,1.8921475410,-0.4463026822,-0.8210699558,-0.3731803298,-0.3867305517,0.1356242597,-0.4937894940,-0.0200047493,0.0151186585,-0.0276705027,-0.0823410526,0.4739235938,0.6696227193,-0.5660963058,-27.2225112915,-13.5502185822,1.8921475410,-0.4463026822,-0.8210699558,-0.3731803298,-0.3867305517,0.1356242597,-0.4937894940,-0.0200047493,0.0151186585,-0.0276705027,-0.0823410526,0.4739235938,0.6696227193,-0.5660963058,0.0000000000,0.0000000000,0.0000000000,0.0000000000,0.0000000000,0.0000000000,-0.8095950484,0.3208105862,-0.3593859673,0.9853014946,-0.1661275178,-0.0457315445,0.2104600966,0.6852467656,0.0883988142,-0.6917892098,
7006.677,0.1220740378,0.0000000000,0.9765923023,0.0643330216,0.0023194067,-1.0105289221,-0.1546678096,-0.0433362834,-0.4320200086,0.0013369173,0.0059359404,-0.0125212073,0.0311890226,0.0963135734,-0.9949728251,0.0048365071,-27.7718429565,-13.0619220734,2.3804438114,-0.4420301020,-0.8314462900,-0.3734244704,-0.3878292143,0.1406292915,-0.4903714061,-0.0145408809,0.0028066635,-0.0247238278,-0.0803618208,0.4737619758,0.6709272265,-0.5649704933,-27.7718429565,-13.0619220734,2.3804438114,-0.4420301020,-0.8314462900,-0.3734244704,-0.3878292143,0.1406292915,-0.4903714061,-0.0145408809,0.0028066635,-0.0247238278,-0.0803618208,0.4737619758,0.6709272265,-0.5649704933,0.0000000000,0.0000000000,0.0000000000,0.0000000000,0.0000000000,0.0000000000,-0.8108157516,0.3203222752,-0.3574327826,0.9853014350,-0.1661278009,-0.0457316041,0.2104689628,0.6852456331,0.0884073898,-0.6917865276,
7006.690,0.1831110567,-0.0610370189,0.9765923023,0.0646992400,0.0030518509,-1.0107730627,-0.1568651348,-0.0415051728,-0.4293344021,0.0017099828,0.0066778804,-0.0127649307,0.0311853066,0.0962830931,-0.9949756861,0.0048399498,-29.6029548645,-15.1982173920,3.0518510342,-0.4411755800,-0.8365733624,-0.3762321770,-0.3866084814,0.1402630657,-0.4953764379,-0.0122812688,-0.0044199824,-0.0242577493,-0.0781728178,0.4735527635,0.6722934246,-0.5638278127,-29.6029548645,-15.1982173920,3.0518510342,-0.4411755800,-0.8365733624,-0.3762321770,-0.3866084814,0.1402630657,-0.4953764379,-0.0122812688,-0.0044199824,-0.0242577493,-0.0781728178,0.4735527635,0.6722934246,-0.5638278127,0.0000000000,0.0000000000,0.0000000000,0.0000000000,0.0000000000,0.0000000000,-0.8088625669,0.3227637708,-0.3574327826,0.9853013158,-0.1661280394,-0.0457317233,0.2104877383,0.6852431893,0.0884257853,-0.6917808652,
7006.703,0.1220740378,-0.0610370189,0.9765923023,0.0650654659,0.0036622211,-1.0107730627,-0.1525925547,-0.0423596911,-0.4332407713,0.0020811707,0.0072840517,-0.0127646327,0.0311830677,0.0962752849,-0.9949767590,0.0048373733,-30.2133235931,-16.0527362823,3.4791100025,-0.4547258019,-0.8314462900,-0.3812372088,-0.3932004869,0.1449018866,-0.4906155467,-0.0242519677,-0.0015083551,-0.0259777904,-0.0758470893,0.4733233154,0.6736751795,-0.5626877546,-30.2133235931,-16.0527362823,3.4791100025,-0.4547258019,-0.8314462900,-0.3812372088,-0.3932004869,0.1449018866,-0.4906155467,-0.0242519677,-0.0015083551,-0.0259777904,-0.0758470893,0.4733233154,0.6736751795,-0.5626877546,0.0000000000,0.0000000000,0.0000000000,0.0000000000,0.0000000000,0.0000000000,-0.8095950484,0.3198339939,-0.3593859673,0.9853013158,-0.1661283076,-0.0457317829,0.2104923576,0.6852425933,0.0884301513,-0.6917794943,
7006.716,0.1220740378,-0.0610370189,0.9765923023,0.0662862062,0.0037842952,-1.0117496252,-0.1582079530,-0.0443128757,-0.4345835745,0.0033012033,0.0074013607,-0.0137411952,0.0311836507,0.0962758884,-0.9949765205,0.0048350552,-30.6405830383,-16.0527362823,4.0894804001,-0.4530167580,-0.8238776922,-0.3870967627,-0.3921018243,0.1462447047,-0.4911038578,-0.0208729804,0.0037468076,-0.0284858346,-0.0734798163,0.4731409252,0.6750456095,-0.5615115762,-30.6405830383,-16.0527362823,4.0894804001,-0.4530167580,-0.8238776922,-0.3870967627,-0.3921018243,0.1462447047,-0.4911038578,-0.0208729804,0.0037468076,-0.0284858346,-0.0734798163,0.4731409252,0.6750456095,-0.5615115762,0.0000000000,0.0000000000,0.0000000000,0.0000000000,0.0000000000,0.0000000000,-0.8091067076,0.3183690906,-0.3593859673,0.9853011966,-0.1661285758,-0.0457319617,0.2104920894,0.6852425933,0.0884296820,-0.6917796135,
7006.729,0.1220740378,-0.0610370189,0.9765923023,0.0656758323,0.0037842952,-1.0115054846,-0.1539353579,-0.0421155430,-0.4372692108,0.0026930198,0.0073966160,-0.0134968758,0.0311828647,0.0962600559,-0.9949781895,0.0048320903,-31.6782131195,-16.9682903290,5.3712577820,-0.4349497855,-0.8170415163,-0.3875850737,-0.3921018243,0.1470992118,-0.4923245907,-0.0009551942,0.0081186295,-0.0255490243,-0.0709889457,0.4729842842,0.6764224768,-0.5603057742,-31.6782131195,-16.9682903290,5.3712577820,-0.4349497855,-0.8170415163,-0.3875850737,-0.3921018243,0.1470992118,-0.4923245907,-0.0009551942,0.0081186295,-0.0255490243,-0.0709889457,0.4729842842,0.6764224768,-0.5603057742,0.0000000000,0.0000000000,0.0000000000,0.0000000000,0.0000000000,0.0000000000,-0.8120365143,0.3203222752,-0.3593859673,0.9853011966,-0.1661288738,-0.0457320809,0.2104967684,0.6852419972,0.0884341076,-0.6917782426,
7006.742,0.1220740378,-0.1220740378,0.9765923023,0.0651875362,0.0034180731,-1.0107730627,-0.1551561058,-0.0427259132,-0.4242072701,0.0022197291,0.0070274654,-0.0127635598,0.0311755706,0.0962517262,-0.9949790835,0.0048296480,-32.4716949463,-18.7383651733,5.6764426231,-0.4370250702,-0.8093508482,-0.3878292143,-0.3956419528,0.1492965519,-0.4946440160,-0.0010030270,0.0132458806,-0.0224138200,-0.0683417916,0.4727642536,0.6778237820,-0.5591258407,-32.4716949463,-18.7383651733,5.6764426231,-0.4370250702,-0.8093508482,-0.3878292143,-0.3956419528,0.1492965519,-0.4946440160,-0.0010030270,0.0132458806,-0.0224138200,-0.0683417916,0.4727642536,0.6778237820,-0.5591258407,0.0000000000,0.0000000000,0.0000000000,0.0000000000,0.0000000000,0.0000000000,-0.8122806549,0.3183690906,-0.3691518903,0.9853013158,-0.1661291718,-0.0457322598,0.2104788274,0.6852443218,0.0884161219,-0.6917837858,
7006.755,0.1220740378,-0.0610370189,1.0376293659,0.0653096139,0.0030518509,-1.0110172033,-0.1541795135,-0.0413830988,-0.4261604548,0.0023455843,0.0066608116,-0.0130074024,0.0311738439,0.0962229744,-0.9949820638,0.0048283488,-32.9599914551,-20.0201416016,6.0426650047,-0.4580217898,-0.8003174067,-0.3905148506,-0.3960081935,0.1536912173,-0.4901272655,-0.0197407901,0.0195917487,-0.0217788815,-0.0655371621,0.4725196958,0.6792176962,-0.5579757094,-32.9599914551,-20.0201416016,6.0426650047,-0.4580217898,-0.8003174067,-0.3905148506,-0.3960081935,0.1536912173,-0.4901272655,-0.0197407901,0.0195917487,-0.0217788815,-0.0655371621,0.4725196958,0.6792176962,-0.5579757094,0.0000000000,0.0000000000,0.0000000000,0.0000000000,0.0000000000,0.0000000000,-0.8098391891,0.3222754598,-0.3535264134,0.9853010774,-0.1661294103,-0.0457322001,0.2105017006,0.6852413416,0.0884385705,-0.6917768121,
7006.768,0.1220740378,-0.0610370189,0.9155552983,0.0651875362,0.0034180731,-1.0107730627,-0.1544236541,-0.0424817652,-0.4347056448,0.0022277310,0.0070234495,-0.0127630830,0.0311719440,0.0962166861,-0.9949827194,0.0048261639,-32.8379173279,-17.7617721558,7.6296272278,-0.4914700687,-0.7912839055,-0.4063844681,-0.3952757418,0.1534470618,-0.4907376468,-0.0507175326,0.0257180333,-0.0341604948,-0.0627388358,0.4725241363,0.6804971695,-0.5567331910,-32.8379173279,-17.7617721558,7.6296272278,-0.4914700687,-0.7912839055,-0.4063844681,-0.3952757418,0.1534470618,-0.4907376468,-0.0507175326,0.0257180333,-0.0341604948,-0.0627388358,0.4725241363,0.6804971695,-0.5567331910,0.0000000000,0.0000000000,0.0000000000,0.0000000000,0.0000000000,0.0000000000,-0.8113040328,0.3198339939,-0.3574327826,0.9853010178,-0.1661297083,-0.0457323194,0.2105083019,0.6852405071,0.0884448960,-0.6917748451,
7006.781,0.1220740378,-0.0610370189,0.9765923023,0.0648213178,0.0031739250,-1.0107730627,-0.1555223316,-0.0434583575,-0.4312875867,0.0018675476,0.0067776120,-0.0127626061,0.0311690215,0.0962153897,-0.9949829578,0.0048249904,-32.4716949463,-15.1982173920,8.6672563553,-0.5001373291,-0.7953123450,-0.4159062505,-0.3946653605,0.1550340354,-0.4924466610,-0.0569221973,0.0186949968,-0.0400655866,-0.0600616522,0.4727215171,0.6816876531,-0.5554028153,-32.4716949463,-15.1982173920,8.6672563553,-0.5001373291,-0.7953123450,-0.4159062505,-0.3946653605,0.1550340354,-0.4924466610,-0.0569221973,0.0186949968,-0.0400655866,-0.0600616522,0.4727215171,0.6816876531,-0.5554028153,0.0000000000,0.0000000000,0.0000000000,0.0000000000,0.0000000000,0.0000000000,-0.8120365143,0.3193456829,-0.3535264134,0.9853008986,-0.1661299616,-0.0457323790,0.2105190754,0.6852390766,0.0884553716,-0.6917715669,
7006.794,0.1220740378,-0.0610370189,0.9765923023,0.0637226477,0.0029297769,-1.0112613440,-0.1560106277,-0.0429700613,-0.4292123318,0.0007804483,0.0065329932,-0.0132501721,0.0311633218,0.0962068141,-0.9949839711,0.0048239292,-32.2275466919,-12.1463670731,9.6438493729,-0.4984282851,-0.7961668968,-0.4206671417,-0.4000366330,0.1530808508,-0.4864650369,-0.0528334379,0.0147730708,-0.0410306752,-0.0575261377,0.4730973244,0.6828182936,-0.5539607406,-32.2275466919,-12.1463670731,9.6438493729,-0.4984282851,-0.7961668968,-0.4206671417,-0.4000366330,0.1530808508,-0.4864650369,-0.0528334379,0.0147730708,-0.0410306752,-0.0575261377,0.4730973244,0.6828182936,-0.5539607406,0.0000000000,0.0000000000,0.0000000000,0.0000000000,0.0000000000,0.0000000000,-0.8093508482,0.3193456829,-0.3554795980,0.9853008986,-0.1661302447,-0.0457324386,0.2105283886,0.6852378845,0.0884643942,-0.6917687654,
7006.807,0.1220740378,-0.0610370189,0.9765923023,0.0644550920,0.0032959990,-1.0111392736,-0.1564989239,-0.0421155430,-0.4317758679,0.0015207678,0.0068969345,-0.0131276250,0.0311596133,0.0961852521,-0.9949861169,0.0048217387,-31.9223613739,-7.6296272278,11.2918481827,-0.4831690490,-0.7928708792,-0.4235969186,-0.4008911550,0.1580858827,-0.4958647490,-0.0353274047,0.0148968101,-0.0398660898,-0.0552365035,0.4737876952,0.6838377714,-0.5523436666,-31.9223613739,-7.6296272278,11.2918481827,-0.4831690490,-0.7928708792,-0.4235969186,-0.4008911550,0.1580858827,-0.4958647490,-0.0353274047,0.0148968101,-0.0398660898,-0.0552365035,0.4737876952,0.6838377714,-0.5523436666,0.0000000000,0.0000000000,0.0000000000,0.0000000000,0.0000000000,0.0000000000,-0.8103274703,0.3208105862,-0.3593859673,0.9853008389,-0.1661305428,-0.0457325578,0.2105357647,0.6852369308,0.0884714872,-0.6917665601,
7006.820,0.1220740378,-0.0610370189,0.9765923023,0.0642109439,0.0034180731,-1.0119937658,-0.1577196568,-0.0422376171,-0.4315317273,0.0012858957,0.0070161484,-0.0139815211,0.0311552361,0.0961620137,-0.9949886203,0.0048191384,-31.8002872467,-6.1647391319,11.9632558823,-0.4831690490,-0.7843257189,-0.4250617921,-0.3979613781,0.1599169970,-0.4941557050,-0.0330829024,0.0201947093,-0.0371607244,-0.0530089848,0.4745909274,0.6848046184,-0.5506718755,-31.8002872467,-6.1647391319,11.9632558823,-0.4831690490,-0.7843257189,-0.4250617921,-0.3979613781,0.1599169970,-0.4941557050,-0.0330829024,0.0201947093,-0.0371607244,-0.0530089848,0.4745909274,0.6848046184,-0.5506718755,0.0000000000,0.0000000000,0.0000000000,0.0000000000,0.0000000000,0.0000000000,-0.8122806549,0.3203222752,-0.3554795980,0.9853007793,-0.1661308259,-0.0457326770,0.2105464935,0.6852355599,0.0884819031,-0.6917633414,
7006.833,0.1220740378,-0.0610370189,0.9765923023,0.0629902035,0.0020752586,-1.0115054846,-0.1550340354,-0.0422376171,-0.4284798801,0.0000802800,0.0056771049,-0.0134922862,0.0311475955,0.0961471945,-0.9949901104,0.0048198239,-31.4951019287,-4.8219246864,12.6346626282,-0.4831690490,-0.7782219648,-0.4304330647,-0.4015015066,0.1672414392,-0.4934232533,-0.0308432281,0.0229871273,-0.0383087099,-0.0508349426,0.4754866660,0.6857245564,-0.5489568710,-31.4951019287,-4.8219246864,12.6346626282,-0.4831690490,-0.7782219648,-0.4304330647,-0.4015015066,0.1672414392,-0.4934232533,-0.0308432281,0.0229871273,-0.0383087099,-0.0508349426,0.4754866660,0.6857245564,-0.5489568710,0.0000000000,0.0000000000,0.0000000000,0.0000000000,0.0000000000,0.0000000000,-0.8105716109,0.3208105862,-0.3535264134,0.9853007793,-0.1661311090,-0.0457328558,0.2105633318,0.6852334142,0.0884983689,-0.6917582750,
7006.846,0.1831110567,-0.0610370189,0.9765923023,0.0634784997,0.0028077029,-1.0110172033,-0.1582079530,-0.0423596911,-0.4318979383,0.0005810186,0.0064203143,-0.0130032897,0.0311409812,0.0961244032,-0.9949927330,0.0048238682,-31.3730278015,-2.8077027798,13.9164400101,-0.4819483161,-0.7712637782,-0.4421521723,-0.4032105505,0.1646778733,-0.4992828071,-0.0273611844,0.0264987350,-0.0456431806,-0.0487329923,0.4765665829,0.6865728498,-0.5471476912,-31.3730278015,-2.8077027798,13.9164400101,-0.4819483161,-0.7712637782,-0.4421521723,-0.4032105505,0.1646778733,-0.4992828071,-0.0273611844,0.0264987350,-0.0456431806,-0.0487329923,0.4765665829,0.6865728498,-0.5471476912,0.0000000000,0.0000000000,0.0000000000,0.0000000000,0.0000000000,0.0000000000,-0.8122806549,0.3198339939,-0.3750114441,0.9853008389,-0.1661314070,-0.0457330942,0.2105410993,0.6852362752,0.0884761289,-0.6917651296,
7006.859,0.1831110567,-0.0610370189,0.9765923023,0.0642109439,0.0029297769,-1.0110172033,-0.1573534310,-0.0408948027,-0.4303109944,0.0013222918,0.0065524918,-0.0130027533,0.0311362892,0.0960855186,-0.9949964285,0.0048272572,-31.4340648651,-1.8311105967,14.4657735825,-0.4799951315,-0.7680898309,-0.4510635734,-0.4055299461,0.1690725386,-0.4964751005,-0.0231667459,0.0261483192,-0.0500828624,-0.0466591120,0.4777121246,0.6874045730,-0.5452821255,-31.4340648651,-1.8311105967,14.4657735825,-0.4799951315,-0.7680898309,-0.4510635734,-0.4055299461,0.1690725386,-0.4964751005,-0.0231667459,0.0261483192,-0.0500828624,-0.0466591120,0.4777121246,0.6874045730,-0.5452821255,0.0000000000,0.0000000000,0.0000000000,0.0000000000,0.0000000000,0.0000000000,-0.8100833297,0.3198339939,-0.3554795980,0.9853006005,-0.1661316454,-0.0457329750,0.2105515301,0.6852348447,0.0884862617,-0.6917619109,
7006.872,0.1220740378,-0.0610370189,0.9765923023,0.0645771697,0.0032959990,-1.0107730627,-0.1550340354,-0.0433362834,-0.4325083196,0.0016953871,0.0069163223,-0.0127581358,0.0311329812,0.0960844755,-0.9949967861,0.0048257019,-31.7392501831,-1.2817773819,14.8319959641,-0.4694967568,-0.7716299891,-0.4563127458,-0.4007690549,0.1693166941,-0.4975737929,-0.0104871094,0.0190356374,-0.0507915914,-0.0446275100,0.4789004326,0.6882284284,-0.5433670878,-31.7392501831,-1.2817773819,14.8319959641,-0.4694967568,-0.7716299891,-0.4563127458,-0.4007690549,0.1693166941,-0.4975737929,-0.0104871094,0.0190356374,-0.0507915914,-0.0446275100,0.4789004326,0.6882284284,-0.5433670878,0.0000000000,0.0000000000,0.0000000000,0.0000000000,0.0000000000,0.0000000000,-0.8117923737,0.3217871785,-0.3535264134,0.9853006601,-0.1661319733,-0.0457332730,0.2105710208,0.6852324009,0.0885053352,-0.6917560697,
7006.885,0.1831110567,-0.0610370189,0.9765923023,0.0642109439,0.0030518509,-1.0112613440,-0.1569872200,-0.0418713950,-0.4246955812,0.0013379902,0.0066816392,-0.0132459402,0.0311282463,0.0960606933,-0.9949990511,0.0048292456,-32.5327301025,-2.1973326206,15.0761432648,-0.4450819492,-0.7771233320,-0.4625385404,-0.4045533538,0.1694387645,-0.5005035400,0.0160766244,0.0099233389,-0.0524443388,-0.0425502360,0.4800298512,0.6891021132,-0.5414262414,-32.5327301025,-2.1973326206,15.0761432648,-0.4450819492,-0.7771233320,-0.4625385404,-0.4045533538,0.1694387645,-0.5005035400,0.0160766244,0.0099233389,-0.0524443388,-0.0425502360,0.4800298512,0.6891021132,-0.5414262414,0.0000000000,0.0000000000,0.0000000000,0.0000000000,0.0000000000,0.0000000000,-0.8100833297,0.3212988675,-0.3554795980,0.9853006601,-0.1661322117,-0.0457334518,0.2105865330,0.6852303743,0.0885204896,-0.6917514205,
7006.898,0.1220740378,-0.0610370189,1.0376293659,0.0642109439,0.0029297769,-1.0108951330,-0.1556444019,-0.0444349498,-0.4272591472,0.0013466626,0.0065596146,-0.0128791332,0.0311238822,0.0960680842,-0.9949985743,0.0048290831,-34.5469512939,-6.7751092911,14.5878477097,-0.4530167580,-0.7704092264,-0.4690084457,-0.4085817933,0.1778618693,-0.5033112764,0.0105715394,0.0128613114,-0.0544503927,-0.0401182324,0.4809210002,0.6900997162,-0.5395475030,-34.5469512939,-6.7751092911,14.5878477097,-0.4530167580,-0.7704092264,-0.4690084457,-0.4085817933,0.1778618693,-0.5033112764,0.0105715394,0.0128613114,-0.0544503927,-0.0401182324,0.4809210002,0.6900997162,-0.5395475030,0.0000000000,0.0000000000,0.0000000000,0.0000000000,0.0000000000,0.0000000000,-0.8105716109,0.3208105862,-0.3554795980,0.9853004813,-0.1661325097,-0.0457335114,0.2105998993,0.6852286458,0.0885335207,-0.6917473674,
7006.911,0.1831110567,-0.0610370189,0.9765923023,0.0651875362,0.0035401471,-1.0106509924,-0.1547898799,-0.0426038392,-0.4261604548,0.0023269951,0.0071769804,-0.0126348138,0.0311217271,0.0960599482,-0.9949993491,0.0048321318,-35.1573219299,-7.9958496094,14.3436994553,-0.4643696547,-0.7606433034,-0.4724265337,-0.4069948494,0.1772515029,-0.5016022325,0.0017448962,0.0187661052,-0.0534500480,-0.0375783220,0.4817521274,0.6911199093,-0.5376798511,-35.1573219299,-7.9958496094,14.3436994553,-0.4643696547,-0.7606433034,-0.4724265337,-0.4069948494,0.1772515029,-0.5016022325,0.0017448962,0.0187661052,-0.0534500480,-0.0375783220,0.4817521274,0.6911199093,-0.5376798511,0.0000000000,0.0000000000,0.0000000000,0.0000000000,0.0000000000,0.0000000000,-0.8120365143,0.3193456829,-0.3554795980,0.9853004813,-0.1661327630,-0.0457336903,0.2106069922,0.6852276921,0.0885403305,-0.6917452812,
7006.924,0.1220740378,-0.0610370189,0.9765923023,0.0644550920,0.0031739250,-1.0105289221,-0.1558885425,-0.0427259132,-0.4260383844,0.0016018227,0.0068088896,-0.0125122666,0.0311182402,0.0960500240,-0.9950004220,0.0048305406,-35.4014701843,-8.3010349274,14.3436994553,-0.4782860875,-0.7500228882,-0.4747459292,-0.4088259637,0.1782280952,-0.4975737929,-0.0095688999,0.0254422426,-0.0513797402,-0.0349754058,0.4825699031,0.6921365261,-0.5358111858,-35.4014701843,-8.3010349274,14.3436994553,-0.4782860875,-0.7500228882,-0.4747459292,-0.4088259637,0.1782280952,-0.4975737929,-0.0095688999,0.0254422426,-0.0513797402,-0.0349754058,0.4825699031,0.6921365261,-0.5358111858,0.0000000000,0.0000000000,0.0000000000,0.0000000000,0.0000000000,0.0000000000,-0.8098391891,0.3203222752,-0.3554795980,0.9853004217,-0.1661330462,-0.0457337499,0.2106190175,0.6852261424,0.0885520279,-0.6917416453,
7006.937,0.1831110567,0.0000000000,0.9765923023,0.0632343516,0.0021973327,-1.0104068518,-0.1564989239,-0.0437025055,-0.4267708361,0.0003836378,0.0058458950,-0.0123900771,0.0311163049,0.0960509330,-0.9950004816,0.0048372149,-35.1573219299,-7.1413311958,15.0761432648,-0.5020905137,-0.7359843850,-0.4818262160,-0.4121219516,0.1828669161,-0.5033112764,-0.0306657851,0.0353976488,-0.0540326536,-0.0323738046,0.4835123420,0.6930773854,-0.5339055657,-35.1573219299,-7.1413311958,15.0761432648,-0.5020905137,-0.7359843850,-0.4818262160,-0.4121219516,0.1828669161,-0.5033112764,-0.0306657851,0.0353976488,-0.0540326536,-0.0323738046,0.4835123420,0.6930773854,-0.5339055657,0.0000000000,0.0000000000,0.0000000000,0.0000000000,0.0000000000,0.0000000000,-0.8098391891,0.3208105862,-0.3554795980,0.9853003621,-0.1661333293,-0.0457339287,0.2106327116,0.6852243543,0.0885653868,-0.6917375326,
7006.950,0.1831110567,-0.0610370189,0.9765923023,0.0631122813,0.0036622211,-1.0105289221,-0.1538132876,-0.0399182104,-0.4281136394,0.0002754107,0.0073170727,-0.0125113726,0.0311093070,0.0960099101,-0.9950045943,0.0048383973,-35.0352478027,-5.9205908775,15.6254768372,-0.5106356740,-0.7335429192,-0.4904934764,-0.4132206142,0.1839655787,-0.5081942081,-0.0365138352,0.0336709619,-0.0582112074,-0.0298238751,0.4845538139,0.6939685941,-0.5319486856,-35.0352478027,-5.9205908775,15.6254768372,-0.5106356740,-0.7335429192,-0.4904934764,-0.4132206142,0.1839655787,-0.5081942081,-0.0365138352,0.0336709619,-0.0582112074,-0.0298238751,0.4845538139,0.6939685941,-0.5319486856,0.0000000000,0.0000000000,0.0000000000,0.0000000000,0.0000000000,0.0000000000,-0.8125247955,0.3217871785,-0.3535264134,0.9853003025,-0.1661335975,-0.0457340479,0.2106512636,0.6852219701,0.0885835513,-0.6917319298,
7006.963,0.1220740378,0.0000000000,0.9765923023,0.0634784997,0.0024414808,-1.0105289221,-0.1530808508,-0.0394299142,-0.4238410592,0.0006429553,0.0060979864,-0.0125112534,0.0311087817,0.0959653407,-0.9950088859,0.0048377635,-34.9742126465,-4.5167393684,16.1748104095,-0.5133213401,-0.7311013937,-0.4951322973,-0.4128544033,0.1892147660,-0.5031892061,-0.0365474224,0.0318704247,-0.0582856834,-0.0273319893,0.4856795669,0.6948253512,-0.5299336314,-34.9742126465,-4.5167393684,16.1748104095,-0.5133213401,-0.7311013937,-0.4951322973,-0.4128544033,0.1892147660,-0.5031892061,-0.0365474224,0.0318704247,-0.0582856834,-0.0273319893,0.4856795669,0.6948253512,-0.5299336314,0.0000000000,0.0000000000,0.0000000000,0.0000000000,0.0000000000,0.0000000000,-0.8117923737,0.3227637708,-0.3554795980,0.9853001237,-0.1661338806,-0.0457339883,0.2106703967,0.6852194667,0.0886022970,-0.6917260885,
7006.976,0.1220740378,0.0000000000,0.9765923023,0.0634784997,0.0025635548,-1.0107730627,-0.1545457393,-0.0408948027,-0.4272591472,0.0006443560,0.0062211067,-0.0127552748,0.0311081801,0.0959354341,-0.9950118065,0.0048372820,-35.0962867737,-1.7090365887,16.7851810455,-0.5028229356,-0.7331766486,-0.5052644610,-0.4159062505,0.1908017248,-0.5009918809,-0.0236078501,0.0254830122,-0.0636079907,-0.0249991938,0.4869471192,0.6956682205,-0.5277753472,-35.0962867737,-1.7090365887,16.7851810455,-0.5028229356,-0.7331766486,-0.5052644610,-0.4159062505,0.1908017248,-0.5009918809,-0.0236078501,0.0254830122,-0.0636079907,-0.0249991938,0.4869471192,0.6956682205,-0.5277753472,0.0000000000,0.0000000000,0.0000000000,0.0000000000,0.0000000000,0.0000000000,-0.8093508482,0.3232520521,-0.3574327826,0.9853003025,-0.1661342233,-0.0457343459,0.2106895894,0.6852170825,0.0886210725,-0.6917203665,
7006.989,0.1220740378,0.0000000000,0.9765923023,0.0643330216,0.0021973327,-1.0104068518,-0.1582079530,-0.0394299142,-0.4276253581,0.0014959574,0.0058577303,-0.0123893023,0.0311097875,0.0958764106,-0.9950174093,0.0048369942,-35.3404350281,-1.0986663103,16.7241439819,-0.5016022325,-0.7264626026,-0.5112460852,-0.4130985439,0.1938535720,-0.4995269775,-0.0200247765,0.0278319716,-0.0647122264,-0.0227013268,0.4882382751,0.6965155602,-0.5255641937,-35.3404350281,-1.0986663103,16.7241439819,-0.5016022325,-0.7264626026,-0.5112460852,-0.4130985439,0.1938535720,-0.4995269775,-0.0200247765,0.0278319716,-0.0647122264,-0.0227013268,0.4882382751,0.6965155602,-0.5255641937,0.0000000000,0.0000000000,0.0000000000,0.0000000000,0.0000000000,0.0000000000,-0.8122806549,0.3208105862,-0.3554795980,0.9853001237,-0.1661344469,-0.0457342863,0.2107012570,0.6852155328,0.0886324346,-0.6917167902,
7007.002,0.1220740378,-0.0610370189,0.9765923023,0.0643330216,0.0030518509,-1.0102847815,-0.1530808508,-0.0374767296,-0.4231086075,0.0015036315,0.0067108558,-0.0122666955,0.0311063640,0.0958066955,-0.9950242639,0.0048337518,-35.3404350281,-0.1831110567,16.8462181091,-0.5168614984,-0.7109591961,-0.5161290169,-0.4122440219,0.1964171231,-0.5086824894,-0.0329225063,0.0388744473,-0.0646647811,-0.0204317253,0.4896109998,0.6973212361,-0.5233072042,-35.3404350281,-0.1831110567,16.8462181091,-0.5168614984,-0.7109591961,-0.5161290169,-0.4122440219,0.1964171231,-0.5086824894,-0.0329225063,0.0388744473,-0.0646647811,-0.0204317253,0.4896109998,0.6973212361,-0.5233072042,0.0000000000,0.0000000000,0.0000000000,0.0000000000,0.0000000000,0.0000000000,-0.8103274703,0.3237403631,-0.3535264134,0.9853000641,-0.1661347151,-0.0457344651,0.2107279003,0.6852120757,0.0886586085,-0.6917087436,
7007.015,0.1220740378,0.0000000000,0.9765923023,0.0649433881,0.0031739250,-1.0105289221,-0.1557664722,-0.0394299142,-0.4271370471,0.0021080822,0.0068309442,-0.0125111938,0.0311096590,0.0957550406,-0.9950291514,0.0048314328,-33.5703620911,6.5919981003,17.8228092194,-0.5454267859,-0.6847133040,-0.5257728696,-0.4107791483,0.1971495748,-0.5057527423,-0.0594195127,0.0605760217,-0.0690395236,-0.0185324345,0.4913817644,0.6979643106,-0.5208549500,-33.5703620911,6.5919981003,17.8228092194,-0.5454267859,-0.6847133040,-0.5257728696,-0.4107791483,0.1971495748,-0.5057527423,-0.0594195127,0.0605760217,-0.0690395236,-0.0185324345,0.4913817644,0.6979643106,-0.5208549500,0.0000000000,0.0000000000,0.0000000000,0.0000000000,0.0000000000,0.0000000000,-0.8105716109,0.3227637708,-0.3574327826,0.9853000045,-0.1661350429,-0.0457345247,0.2107442319,0.6852099895,0.0886745676,-0.6917037964,
7007.028,0.1220740378,0.0610370189,0.9765923023,0.0640888736,0.0045167394,-1.0116275549,-0.1573534310,-0.0395519882,-0.4326303899,0.0012415946,0.0081651732,-0.0136105418,0.0311163068,0.0956998616,-0.9950342774,0.0048260079,-32.2885818481,11.9632558823,18.4331798553,-0.5393230915,-0.6848353744,-0.5284585357,-0.4137089252,0.1997131258,-0.5033112764,-0.0516571701,0.0559492707,-0.0662010312,-0.0169961732,0.4934016764,0.6985177994,-0.5182493329,-32.2885818481,11.9632558823,18.4331798553,-0.5393230915,-0.6848353744,-0.5284585357,-0.4137089252,0.1997131258,-0.5033112764,-0.0516571701,0.0559492707,-0.0662010312,-0.0169961732,0.4934016764,0.6985177994,-0.5182493329,0.0000000000,0.0000000000,0.0000000000,0.0000000000,0.0000000000,0.0000000000,-0.8103274703,0.3256935477,-0.3593859673,0.9852999449,-0.1661352813,-0.0457347035,0.2107676864,0.6852069497,0.0886975899,-0.6916967034,
7007.041,0.1220740378,0.0000000000,0.9765923023,0.0642109439,0.0030518509,-1.0113834143,-0.1582079530,-0.0435804315,-0.4294564724,0.0013617054,0.0066989716,-0.0133665204,0.0311173685,0.0956951305,-0.9950346947,0.0048253001,-31.3730278015,16.4799957275,18.5552539825,-0.5201574564,-0.6933805346,-0.5346843004,-0.4152958691,0.2011780143,-0.5090487599,-0.0313138366,0.0429891348,-0.0666558146,-0.0158217307,0.4956040680,0.6990238428,-0.5154953003,-31.3730278015,16.4799957275,18.5552539825,-0.5201574564,-0.6933805346,-0.5346843004,-0.4152958691,0.2011780143,-0.5090487599,-0.0313138366,0.0429891348,-0.0666558146,-0.0158217307,0.4956040680,0.6990238428,-0.5154953003,0.0000000000,0.0000000000,0.0000000000,0.0000000000,0.0000000000,0.0000000000,-0.8100833297,0.3212988675,-0.3593859673,0.9852998853,-0.1661355495,-0.0457348824,0.2107757330,0.6852058768,0.0887053609,-0.6916943192,
7007.054,0.1220740378,0.0000000000,0.9765923023,0.0632343516,0.0024414808,-1.0118716955,-0.1578417271,-0.0432142094,-0.4260383844,0.0003881156,0.0060903127,-0.0138546228,0.0311158262,0.0956875309,-0.9950354695,0.0048257704,-31.4340648651,19.4097728729,17.6396980286,-0.4928129017,-0.7044892907,-0.5470137596,-0.4093142450,0.2028870583,-0.5113681555,-0.0033241212,0.0275758505,-0.0729488134,-0.0149393380,0.4978592396,0.6995800734,-0.5125859380,-31.4340648651,19.4097728729,17.6396980286,-0.4928129017,-0.7044892907,-0.5470137596,-0.4093142450,0.2028870583,-0.5113681555,-0.0033241212,0.0275758505,-0.0729488134,-0.0149393380,0.4978592396,0.6995800734,-0.5125859380,0.0000000000,0.0000000000,0.0000000000,0.0000000000,0.0000000000,0.0000000000,-0.8110598922,0.3266701400,-0.3593859673,0.9852998257,-0.1661358178,-0.0457350612,0.2108019590,0.6852024794,0.0887311250,-0.6916863918,
7007.067,0.1220740378,0.0000000000,0.9765923023,0.0655537620,0.0021973327,-1.0112613440,-0.1535691470,-0.0445570238,-0.4277474284,0.0026989356,0.0058490681,-0.0132448673,0.0311198644,0.0957097635,-0.9950331450,0.0048283241,-31.9833984375,18.9214763641,16.9072551727,-0.4875636995,-0.7035126686,-0.5531174541,-0.4096804857,0.2110660076,-0.5094149709,0.0024544299,0.0242457986,-0.0730100870,-0.0140399849,0.5000231862,0.7001957297,-0.5096559525,-31.9833984375,18.9214763641,16.9072551727,-0.4875636995,-0.7035126686,-0.5531174541,-0.4096804857,0.2110660076,-0.5094149709,0.0024544299,0.0242457986,-0.0730100870,-0.0140399849,0.5000231862,0.7001957297,-0.5096559525,0.0000000000,0.0000000000,0.0000000000,0.0000000000,0.0000000000,0.0000000000,-0.8113040328,0.3232520521,-0.3554795980,0.9852998257,-0.1661361158,-0.0457351208,0.2108224034,0.6851998568,0.0887511671,-0.6916801929,
7007.080,0.1220740378,0.0000000000,0.9765923023,0.0653096139,0.0029297769,-1.0102847815,-0.1584521085,-0.0430921353,-0.4301889241,0.0024471059,0.0065807723,-0.0122687817,0.0311237834,0.0956978351,-0.9950342774,0.0048279506,-32.5327301025,17.9448833466,16.1748104095,-0.4870754182,-0.6988738775,-0.5577563047,-0.4106570780,0.2120425999,-0.5121005774,0.0034261346,0.0245606899,-0.0716481209,-0.0130876005,0.5020892024,0.7008596063,-0.5067293644,-32.5327301025,17.9448833466,16.1748104095,-0.4870754182,-0.6988738775,-0.5577563047,-0.4106570780,0.2120425999,-0.5121005774,0.0034261346,0.0245606899,-0.0716481209,-0.0130876005,0.5020892024,0.7008596063,-0.5067293644,0.0000000000,0.0000000000,0.0000000000,0.0000000000,0.0000000000,0.0000000000,-0.8093508482,0.3266701400,-0.3554795980,0.9852997065,-0.1661364138,-0.0457351804,0.2108561248,0.6851955056,0.0887843445,-0.6916699409,
7007.093,0.1220740378,0.0000000000,0.9765923023,0.0639667958,0.0040284432,-1.0111392736,-0.1552781761,-0.0417493209,-0.4298226833,0.0011035278,0.0076732882,-0.0131232738,0.0311245527,0.0956778750,-0.9950361848,0.0048243008,-33.2651748657,16.3579216003,14.9540700912,-0.4918363094,-0.6749473810,-0.5667897463,-0.4065065384,0.2053285390,-0.5097811818,-0.0008556247,0.0441070199,-0.0747060776,-0.0120278243,0.5040283799,0.7015988231,-0.5037990808,-33.2651748657,16.3579216003,14.9540700912,-0.4918363094,-0.6749473810,-0.5667897463,-0.4065065384,0.2053285390,-0.5097811818,-0.0008556247,0.0441070199,-0.0747060776,-0.0120278243,0.5040283799,0.7015988231,-0.5037990808,0.0000000000,0.0000000000,0.0000000000,0.0000000000,0.0000000000,0.0000000000,-0.8120365143,0.3261818290,-0.3535264134,0.9852996469,-0.1661367118,-0.0457352996,0.2108894736,0.6851912141,0.0888171569,-0.6916598082,
7007.106,0.0610370189,-0.0610370189,0.9765923023,0.0627460554,0.0036622211,-1.0102847815,-0.1551561058,-0.0423596911,-0.4315317273,-0.0001015812,0.0072921054,-0.0122677684,0.0311175380,0.0956657901,-0.9950375557,0.0048157237,-33.3262138367,16.2358474731,14.5878477097,-0.4981841445,-0.6573687196,-0.5688650012,-0.4060182571,0.2147282362,-0.5119785070,-0.0067397952,0.0572562218,-0.0708305240,-0.0109444400,0.5059452653,0.7023391724,-0.5008622408,-33.3262138367,16.2358474731,14.5878477097,-0.4981841445,-0.6573687196,-0.5688650012,-0.4060182571,0.2147282362,-0.5119785070,-0.0067397952,0.0572562218,-0.0708305240,-0.0109444400,0.5059452653,0.7023391724,-0.5008622408,0.0000000000,0.0000000000,0.0000000000,0.0000000000,0.0000000000,0.0000000000,-0.8113040328,0.3276467323,-0.3554795980,0.9852995872,-0.1661369950,-0.0457354188,0.2109249681,0.6851866245,0.0888521001,-0.6916490197,
7007.119,0.1220740378,-0.0610370189,0.9155552983,0.0617694631,0.0029297769,-1.0107730627,-0.1536912173,-0.0424817652,-0.4253059626,-0.0010577291,0.0065583633,-0.0127547979,0.0311074033,0.0956666693,-0.9950379133,0.0048141228,-33.0210266113,16.8462181091,14.6488847733,-0.5102694631,-0.6457716823,-0.5720389485,-0.4065065384,0.2130191922,-0.5152745247,-0.0183772743,0.0643739700,-0.0680776238,-0.0098791271,0.5078985095,0.7030387521,-0.4979173839,-33.0210266113,16.8462181091,14.6488847733,-0.5102694631,-0.6457716823,-0.5720389485,-0.4065065384,0.2130191922,-0.5152745247,-0.0183772743,0.0643739700,-0.0680776238,-0.0098791271,0.5078985095,0.7030387521,-0.4979173839,0.0000000000,0.0000000000,0.0000000000,0.0000000000,0.0000000000,0.0000000000,-0.8100833297,0.3237403631,-0.3554795980,0.9852996469,-0.1661373079,-0.0457357168,0.2109473795,0.6851837635,0.0888740644,-0.6916422844,
7007.132,0.1220740378,0.0000000000,0.9155552983,0.0617694631,0.0039063692,-1.0112613440,-0.1558885425,-0.0406506546,-0.4259163141,-0.0010478422,0.0075288420,-0.0132423639,0.0311029144,0.0956371278,-0.9950407147,0.0048096823,-32.4106559753,18.9825134277,15.2592544556,-0.5299233794,-0.6408886909,-0.5826593637,-0.4061403275,0.2166814208,-0.5138096213,-0.0376625061,0.0647030473,-0.0727000237,-0.0089060003,0.5099808574,0.7036639452,-0.4949151874,-32.4106559753,18.9825134277,15.2592544556,-0.5299233794,-0.6408886909,-0.5826593637,-0.4061403275,0.2166814208,-0.5138096213,-0.0376625061,0.0647030473,-0.0727000237,-0.0089060003,0.5099808574,0.7036639452,-0.4949151874,0.0000000000,0.0000000000,0.0000000000,0.0000000000,0.0000000000,0.0000000000,-0.8120365143,0.3247169554,-0.3593859673,0.9852995276,-0.1661375910,-0.0457357764,0.2109652460,0.6851814389,0.0888915583,-0.6916368604,
7007.145,0.1831110567,0.0000000000,0.9155552983,0.0621356852,0.0035401471,-1.0113834143,-0.1550340354,-0.0406506546,-0.4347056448,-0.0006735884,0.0071689831,-0.0133640170,0.0310987420,0.0956083834,-0.9950438142,0.0048115654,-32.4106559753,19.6539192200,15.8085880280,-0.5362712741,-0.6462599635,-0.5896176100,-0.4043092132,0.2210760862,-0.5085604191,-0.0436659157,0.0547095537,-0.0736546516,-0.0079438379,0.5121009946,0.7042569518,-0.4918896556,-32.4106559753,19.6539192200,15.8085880280,-0.5362712741,-0.6462599635,-0.5896176100,-0.4043092132,0.2210760862,-0.5085604191,-0.0436659157,0.0547095537,-0.0736546516,-0.0079438379,0.5121009946,0.7042569518,-0.4918896556,0.0000000000,0.0000000000,0.0000000000,0.0000000000,0.0000000000,0.0000000000,-0.8093508482,0.3227637708,-0.3593859673,0.9852994680,-0.1661378592,-0.0457359552,0.2109779567,0.6851797700,0.0889039412,-0.6916330457,
7007.158,0.1220740378,0.0610370189,0.9155552983,0.0629902035,0.0020752586,-1.0110172033,-0.1547898799,-0.0412610248,-0.4282357395,0.0001740083,0.0057070195,-0.0129982233,0.0311021451,0.0955895558,-0.9950454235,0.0048127659,-32.5327301025,19.7759933472,16.3579216003,-0.5381023884,-0.6479690075,-0.5926694274,-0.4038209319,0.2219306082,-0.5142979026,-0.0451341271,0.0483026505,-0.0707296729,-0.0069685159,0.5142514110,0.7048113346,-0.4888574183,-32.5327301025,19.7759933472,16.3579216003,-0.5381023884,-0.6479690075,-0.5926694274,-0.4038209319,0.2219306082,-0.5142979026,-0.0451341271,0.0483026505,-0.0707296729,-0.0069685159,0.5142514110,0.7048113346,-0.4888574183,0.0000000000,0.0000000000,0.0000000000,0.0000000000,0.0000000000,0.0000000000,-0.8110598922,0.3256935477,-0.3574327826,0.9852995276,-0.1661381274,-0.0457361341,0.2110030055,0.6851765513,0.0889285505,-0.6916254759,
7007.171,0.1220740378,0.0610370189,0.9765923023,0.0640888736,0.0029297769,-1.0113834143,-0.1532029212,-0.0424817652,-0.4312875867,0.0012605265,0.0065609049,-0.0133651495,0.0311082508,0.0955855176,-0.9950456023,0.0048129074,-32.7768783569,18.4331798553,17.2734756470,-0.5288247466,-0.6353953481,-0.5987731814,-0.4045533538,0.2240058631,-0.5130771995,-0.0353167653,0.0560333729,-0.0709415078,-0.0058578225,0.5163856149,0.7053405643,-0.4858496189,-32.7768783569,18.4331798553,17.2734756470,-0.5288247466,-0.6353953481,-0.5987731814,-0.4045533538,0.2240058631,-0.5130771995,-0.0353167653,0.0560333729,-0.0709415078,-0.0058578225,0.5163856149,0.7053405643,-0.4858496189,0.0000000000,0.0000000000,0.0000000000,0.0000000000,0.0000000000,0.0000000000,-0.8100833297,0.3232520521,-0.3593859673,0.9852994084,-0.1661384106,-0.0457361937,0.2110167593,0.6851747632,0.0889419615,-0.6916213036,
7007.184,0.1220740378,0.0610370189,0.9765923023,0.0648213178,0.0043946654,-1.0122379065,-0.1532029212,-0.0454115421,-0.4283578098,0.0019775480,0.0080179535,-0.0142206550,0.0311161429,0.0956206918,-0.9950419664,0.0048108436,-32.4106559753,18.0669574738,17.5786609650,-0.5233314037,-0.6212347746,-0.6031678319,-0.4013794363,0.2238837928,-0.5116122961,-0.0292520523,0.0653069615,-0.0695262551,-0.0047236769,0.5185191035,0.7058345675,-0.4828632176,-32.4106559753,18.0669574738,17.5786609650,-0.5233314037,-0.6212347746,-0.6031678319,-0.4013794363,0.2238837928,-0.5116122961,-0.0292520523,0.0653069615,-0.0695262551,-0.0047236769,0.5185191035,0.7058345675,-0.4828632176,0.0000000000,0.0000000000,0.0000000000,0.0000000000,0.0000000000,0.0000000000,-0.8115482330,0.3256935477,-0.3554795980,0.9852991700,-0.1661386788,-0.0457360744,0.2110445648,0.6851711273,0.0889692977,-0.6916127801,
7007.197,0.1220740378,0.1220740378,0.9765923023,0.0649433881,0.0035401471,-1.0111392736,-0.1528366953,-0.0395519882,-0.4320200086,0.0020726994,0.0071598329,-0.0131236911,0.0311299358,0.0955787227,-0.9950455427,0.0048090285,-31.9223613739,18.2500686646,17.7617721558,-0.5199133158,-0.6069521308,-0.6098818779,-0.4017456472,0.2282784581,-0.5125888586,-0.0252927542,0.0746735334,-0.0704733729,-0.0036043564,0.5206658840,0.7062967420,-0.4798778594,-31.9223613739,18.2500686646,17.7617721558,-0.5199133158,-0.6069521308,-0.6098818779,-0.4017456472,0.2282784581,-0.5125888586,-0.0252927542,0.0746735334,-0.0704733729,-0.0036043564,0.5206658840,0.7062967420,-0.4798778594,0.0000000000,0.0000000000,0.0000000000,0.0000000000,0.0000000000,0.0000000000,-0.8105716109,0.3276467323,-0.3574327826,0.9852995872,-0.1661390662,-0.0457366705,0.2110764980,0.6851671934,0.0890006945,-0.6916032434,
7007.210,0.1220740378,0.1220740378,0.9765923023,0.0648213178,0.0037842952,-1.0108951330,-0.1540574431,-0.0433362834,-0.4292123318,0.0019243583,0.0073991916,-0.0128811598,0.0311432313,0.0955839083,-0.9950446486,0.0048080655,-30.3964347839,21.4850311279,18.1279945374,-0.5234534740,-0.5907162428,-0.6233100295,-0.4044312835,0.2293771207,-0.5180822015,-0.0285705626,0.0860203505,-0.0780209899,-0.0027160184,0.5229768753,0.7066707015,-0.4768103361,-30.3964347839,21.4850311279,18.1279945374,-0.5234534740,-0.5907162428,-0.6233100295,-0.4044312835,0.2293771207,-0.5180822015,-0.0285705626,0.0860203505,-0.0780209899,-0.0027160184,0.5229768753,0.7066707015,-0.4768103361,0.0000000000,0.0000000000,0.0000000000,0.0000000000,0.0000000000,0.0000000000,-0.8110598922,0.3237403631,-0.3593859673,0.9852992892,-0.1661392748,-0.0457364321,0.2110908926,0.6851652265,0.0890147761,-0.6915987730,
7007.223,0.1220740378,0.0610370189,0.9765923023,0.0670186505,0.0036622211,-1.0113834143,-0.1561326981,-0.0429700613,-0.4327524602,0.0040955395,0.0072729704,-0.0133710504,0.0311564952,0.0955773219,-0.9950448871,0.0048070485,-29.6639919281,23.4382152557,18.2500686646,-0.5230872631,-0.5864436626,-0.6288033724,-0.3990600407,0.2319406718,-0.5158848763,-0.0281576514,0.0854321122,-0.0775808692,-0.0019775827,0.5253678560,0.7069960237,-0.4736927748,-29.6639919281,23.4382152557,18.2500686646,-0.5230872631,-0.5864436626,-0.6288033724,-0.3990600407,0.2319406718,-0.5158848763,-0.0281576514,0.0854321122,-0.0775808692,-0.0019775827,0.5253678560,0.7069960237,-0.4736927748,0.0000000000,0.0000000000,0.0000000000,0.0000000000,0.0000000000,0.0000000000,-0.8108157516,0.3261818290,-0.3535264134,0.9852991700,-0.1661395580,-0.0457366109,0.2111238837,0.6851609349,0.0890472308,-0.6915887594,
7007.236,0.1220740378,0.0610370189,1.0376293659,0.0650654659,0.0035401471,-1.0122379065,-0.1538132876,-0.0377208777,-0.4326303899,0.0021262392,0.0071480577,-0.0142265558,0.0311650187,0.0955032185,-0.9950517416,0.0048040869,-28.9315471649,25.0251770020,18.4331798553,-0.5263832808,-0.5876644254,-0.6329538822,-0.4012573659,0.2358470410,-0.5179601312,-0.0315769613,0.0793886185,-0.0757980347,-0.0013583851,0.5278127193,0.7072730660,-0.4705531001,-28.9315471649,25.0251770020,18.4331798553,-0.5263832808,-0.5876644254,-0.6329538822,-0.4012573659,0.2358470410,-0.5179601312,-0.0315769613,0.0793886185,-0.0757980347,-0.0013583851,0.5278127193,0.7072730660,-0.4705531001,0.0000000000,0.0000000000,0.0000000000,0.0000000000,0.0000000000,0.0000000000,-0.8108157516,0.3232520521,-0.3593859673,0.9852991104,-0.1661398113,-0.0457367301,0.2111365348,0.6851592660,0.0890595540,-0.6915849447,
7007.249,0.1220740378,0.0000000000,0.9765923023,0.0656758323,0.0035401471,-1.0126041174,-0.1529587656,-0.0455336161,-0.4306772053,0.0027282909,0.0071445750,-0.0145933032,0.0311691500,0.0955405384,-0.9950480461,0.0048039202,-28.3822135925,26.4900665283,18.5552539825,-0.5296792388,-0.5851008892,-0.6435743570,-0.3962523341,0.2398754805,-0.5141758323,-0.0351672173,0.0771354437,-0.0804457664,-0.0008436790,0.5303137898,0.7075133920,-0.4673703015,-28.3822135925,26.4900665283,18.5552539825,-0.5296792388,-0.5851008892,-0.6435743570,-0.3962523341,0.2398754805,-0.5141758323,-0.0351672173,0.0771354437,-0.0804457664,-0.0008436790,0.5303137898,0.7075133920,-0.4673703015,0.0000000000,0.0000000000,0.0000000000,0.0000000000,0.0000000000,0.0000000000,-0.8115482330,0.3256935477,-0.3535264134,0.9852990508,-0.1661401093,-0.0457368493,0.2111670673,0.6851553321,0.0890895873,-0.6915756464,
7007.262,0.1220740378,0.0000000000,0.9765923023,0.0664082766,0.0028077029,-1.0126041174,-0.1560106277,-0.0433362834,-0.4268929064,0.0034488589,0.0064122775,-0.0145940781,0.0311750602,0.0955405831,-0.9950478673,0.0048045637,-27.8939170837,27.7108058929,18.4942169189,-0.5256507993,-0.5804620385,-0.6554155350,-0.3953978121,0.2393871844,-0.5177159905,-0.0316288173,0.0769768953,-0.0862702727,-0.0004350660,0.5328525305,0.7077319026,-0.4641413391,-27.8939170837,27.7108058929,18.4942169189,-0.5256507993,-0.5804620385,-0.6554155350,-0.3953978121,0.2393871844,-0.5177159905,-0.0316288173,0.0769768953,-0.0862702727,-0.0004350660,0.5328525305,0.7077319026,-0.4641413391,0.0000000000,0.0000000000,0.0000000000,0.0000000000,0.0000000000,0.0000000000,-0.8088625669,0.3266701400,-0.3535264134,0.9852990508,-0.1661404222,-0.0457369089,0.2112027109,0.6851507425,0.0891246721,-0.6915647984,
7007.275,0.1220740378,-0.0610370189,0.9765923023,0.0666524246,0.0041505173,-1.0116275549,-0.1510055810,-0.0426038392,-0.4270149767,0.0036903173,0.0077486015,-0.0136176348,0.0311766863,0.0955461785,-0.9950472713,0.0048016366,-27.3445854187,28.9315471649,18.2500686646,-0.5162510872,-0.5793634057,-0.6673787832,-0.3951536715,0.2402417064,-0.5186926126,-0.0229630768,0.0733384490,-0.0921795368,-0.0001519621,0.5354049206,0.7079440951,-0.4608691037,-27.3445854187,28.9315471649,18.2500686646,-0.5162510872,-0.5793634057,-0.6673787832,-0.3951536715,0.2402417064,-0.5186926126,-0.0229630768,0.0733384490,-0.0921795368,-0.0001519621,0.5354049206,0.7079440951,-0.4608691037,0.0000000000,0.0000000000,0.0000000000,0.0000000000,0.0000000000,0.0000000000,-0.8105716109,0.3252052367,-0.3535264134,0.9852989912,-0.1661407053,-0.0457369685,0.2112318426,0.6851469874,0.0891533196,-0.6915559173,
7007.288,0.1220740378,-0.1220740378,0.9765923023,0.0665303543,0.0039063692,-1.0106509924,-0.1543015838,-0.0437025055,-0.4256721735,0.0035764799,0.0074991821,-0.0126405358,0.0311727840,0.0955565199,-0.9950464368,0.0047989413,-27.2835483551,29.6639919281,17.3955497742,-0.4841456413,-0.5709402561,-0.6845912337,-0.3924680352,0.2413403690,-0.5162510872,0.0080630481,0.0770899653,-0.1032209396,0.0000065055,0.5379118919,0.7082228065,-0.4575093985,-27.2835483551,29.6639919281,17.3955497742,-0.4841456413,-0.5709402561,-0.6845912337,-0.3924680352,0.2413403690,-0.5162510872,0.0080630481,0.0770899653,-0.1032209396,0.0000065055,0.5379118919,0.7082228065,-0.4575093985,0.0000000000,0.0000000000,0.0000000000,0.0000000000,0.0000000000,0.0000000000,-0.8115482330,0.3261818290,-0.3535264134,0.9852988720,-0.1661410034,-0.0457370877,0.2112636268,0.6851428747,0.0891845897,-0.6915462613,
7007.301,0.0610370189,-0.1220740378,0.9765923023,0.0660420582,0.0031739250,-1.0112613440,-0.1534470618,-0.0413830988,-0.4251838624,0.0030989796,0.0067544831,-0.0132501125,0.0311680734,0.0955388471,-0.9950482845,0.0047917683,-27.7108058929,28.6263618469,16.7241439819,-0.4801172018,-0.5633716583,-0.6892300248,-0.3880733550,0.2480544448,-0.5166173577,0.0109893680,0.0799695849,-0.1017546654,0.0002224510,0.5403274298,0.7085390091,-0.4541610479,-27.7108058929,28.6263618469,16.7241439819,-0.4801172018,-0.5633716583,-0.6892300248,-0.3880733550,0.2480544448,-0.5166173577,0.0109893680,0.0799695849,-0.1017546654,0.0002224510,0.5403274298,0.7085390091,-0.4541610479,0.0000000000,0.0000000000,0.0000000000,0.0000000000,0.0000000000,0.0000000000,-0.8115482330,0.3208105862,-0.3574327826,0.9852989316,-0.1661412865,-0.0457372665,0.2112696916,0.6851420999,0.0891903862,-0.6915444732,
7007.314,0.1220740378,-0.1220740378,0.9765923023,0.0645771697,0.0036622211,-1.0102847815,-0.1545457393,-0.0419934690,-0.4243293703,0.0016517267,0.0072387890,-0.0122724771,0.0311595351,0.0955265686,-0.9950497746,0.0047885519,-27.8939170837,27.9549541473,16.2358474731,-0.4815820754,-0.5558031201,-0.6949675083,-0.3872188628,0.2517166734,-0.5186926126,0.0084050298,0.0828310847,-0.1014551520,0.0004813126,0.5426764488,0.7088736892,-0.4508254528,-27.8939170837,27.9549541473,16.2358474731,-0.4815820754,-0.5558031201,-0.6949675083,-0.3872188628,0.2517166734,-0.5186926126,0.0084050298,0.0828310847,-0.1014551520,0.0004813126,0.5426764488,0.7088736892,-0.4508254528,0.0000000000,0.0000000000,0.0000000000,0.0000000000,0.0000000000,0.0000000000,-0.8120365143,0.3266701400,-0.3574327826,0.9852987528,-0.1661415398,-0.0457373261,0.2112960368,0.6851386428,0.0892162770,-0.6915364265,
7007.327,0.1220740378,-0.1220740378,1.0376293659,0.0632343516,0.0041505173,-1.0104068518,-0.1546678096,-0.0417493209,-0.4244514406,0.0003331378,0.0077213696,-0.0123929977,0.0311478339,0.0955055580,-0.9950521588,0.0047838874,-27.1004371643,29.8471031189,16.2358474731,-0.5172277093,-0.5310220718,-0.7112033367,-0.3862422705,0.2493972629,-0.5175939202,-0.0284497440,0.1028319001,-0.1116033196,0.0006805522,0.5451194048,0.7091462016,-0.4474366009,-27.1004371643,29.8471031189,16.2358474731,-0.5172277093,-0.5310220718,-0.7112033367,-0.3862422705,0.2493972629,-0.5175939202,-0.0284497440,0.1028319001,-0.1116033196,0.0006805522,0.5451194048,0.7091462016,-0.4474366009,0.0000000000,0.0000000000,0.0000000000,0.0000000000,0.0000000000,0.0000000000,-0.8103274703,0.3261818290,-0.3535264134,0.9852986932,-0.1661418378,-0.0457373261,0.2113283128,0.6851344705,0.0892480388,-0.6915265918,
7007.340,0.1831110567,-0.0610370189,1.0376293659,0.0621356852,0.0042725913,-1.0100406408,-0.1534470618,-0.0449232459,-0.4271370471,-0.0007467754,0.0078477766,-0.0120256543,0.0311381612,0.0955294520,-0.9950502515,0.0047858935,-26.2459182739,32.7768783569,16.4799957275,-0.5240638256,-0.5283364654,-0.7207251191,-0.3859981000,0.2541581392,-0.5184484124,-0.0368037224,0.1007704139,-0.1149246693,0.0006832848,0.5476756692,0.7093625665,-0.4439586699,-26.2459182739,32.7768783569,16.4799957275,-0.5240638256,-0.5283364654,-0.7207251191,-0.3859981000,0.2541581392,-0.5184484124,-0.0368037224,0.1007704139,-0.1149246693,0.0006832848,0.5476756692,0.7093625665,-0.4439586699,0.0000000000,0.0000000000,0.0000000000,0.0000000000,0.0000000000,0.0000000000,-0.8091067076,0.3242286444,-0.3574327826,0.9852986336,-0.1661421359,-0.0457374454,0.2113477737,0.6851319671,0.0892670974,-0.6915206909,
7007.353,0.1220740378,-0.0610370189,0.9765923023,0.0631122813,0.0035401471,-1.0107730627,-0.1554002464,-0.0396740623,-0.4325083196,0.0002438873,0.0071119680,-0.0127571225,0.0311315395,0.0954826549,-0.9950549006,0.0047820802,-25.5134735107,35.4625091553,16.9072551727,-0.5047761202,-0.5362712741,-0.7286599278,-0.3846552968,0.2498855591,-0.5160069466,-0.0194112360,0.0881634355,-0.1165395379,0.0004627249,0.5503223538,0.7095416188,-0.4403857589,-25.5134735107,35.4625091553,16.9072551727,-0.5047761202,-0.5362712741,-0.7286599278,-0.3846552968,0.2498855591,-0.5160069466,-0.0194112360,0.0881634355,-0.1165395379,0.0004627249,0.5503223538,0.7095416188,-0.4403857589,0.0000000000,0.0000000000,0.0000000000,0.0000000000,0.0000000000,0.0000000000,-0.8115482330,0.3256935477,-0.3535264134,0.9852986336,-0.1661424190,-0.0457377434,0.2113772482,0.6851281524,0.0892960802,-0.6915117502,
7007.366,0.1220740378,-0.0610370189,0.9765923023,0.0627460554,0.0050050355,-1.0108951330,-0.1540574431,-0.0416272469,-0.4301889241,-0.0001065135,0.0085662734,-0.0128781796,0.0311242379,0.0954661518,-0.9950567484,0.0047755367,-26.2459182739,35.1573219299,16.4189586639,-0.4610736370,-0.5395672321,-0.7456282377,-0.3840449154,0.2574541569,-0.5196691751,0.0221374035,0.0801942348,-0.1270906925,0.0001997306,0.5528929830,0.7098039985,-0.4367278218,-26.2459182739,35.1573219299,16.4189586639,-0.4610736370,-0.5395672321,-0.7456282377,-0.3840449154,0.2574541569,-0.5196691751,0.0221374035,0.0801942348,-0.1270906925,0.0001997306,0.5528929830,0.7098039985,-0.4367278218,0.0000000000,0.0000000000,0.0000000000,0.0000000000,0.0000000000,0.0000000000,-0.8120365143,0.3247169554,-0.3574327826,0.9852985144,-0.1661426872,-0.0457376838,0.2113961875,0.6851256490,0.0893146470,-0.6915059686,
7007.379,0.1220740378,0.0000000000,0.9765923023,0.0623798333,0.0029297769,-1.0110172033,-0.1554002464,-0.0384533219,-0.4273812175,-0.0004657842,0.0064907321,-0.0129997730,0.0311210807,0.0954048112,-0.9950627089,0.0047731446,-27.1614742279,33.9976196289,15.5644397736,-0.4481337965,-0.5316324234,-0.7595446706,-0.3767204881,0.2556230426,-0.5139316916,0.0328552425,0.0833937526,-0.1345844865,0.0000096468,0.5553529859,0.7101457119,-0.4330357015,-27.1614742279,33.9976196289,15.5644397736,-0.4481337965,-0.5316324234,-0.7595446706,-0.3767204881,0.2556230426,-0.5139316916,0.0328552425,0.0833937526,-0.1345844865,0.0000096468,0.5553529859,0.7101457119,-0.4330357015,0.0000000000,0.0000000000,0.0000000000,0.0000000000,0.0000000000,0.0000000000,-0.8103274703,0.3291116059,-0.3574327826,0.9852985740,-0.1661430299,-0.0457379818,0.2114316225,0.6851211190,0.0893495083,-0.6914952397,
7007.392,0.1220740378,0.0000000000,0.9765923023,0.0637226477,0.0024414808,-1.0101627111,-0.1543015838,-0.0434583575,-0.4301889241,0.0008770749,0.0060045589,-0.0121453404,0.0311209243,0.0954117924,-0.9950620532,0.0047744182,-28.1380653381,32.9599914551,14.5878477097,-0.4409314394,-0.5268715620,-0.7677236199,-0.3770866990,0.2591631711,-0.5157628059,0.0377698243,0.0833696127,-0.1363517642,-0.0001078635,0.5576919913,0.7105696797,-0.4293181300,-28.1380653381,32.9599914551,14.5878477097,-0.4409314394,-0.5268715620,-0.7677236199,-0.3770866990,0.2591631711,-0.5157628059,0.0377698243,0.0833696127,-0.1363517642,-0.0001078635,0.5576919913,0.7105696797,-0.4293181300,0.0000000000,0.0000000000,0.0000000000,0.0000000000,0.0000000000,0.0000000000,-0.8125247955,0.3286233246,-0.3593859673,0.9852985144,-0.1661433131,-0.0457381010,0.2114603817,0.6851173639,0.0893777832,-0.6914864779,
7007.405,0.1220740378,0.0000000000,1.0376293659,0.0633564293,0.0019531846,-1.0112613440,-0.1538132876,-0.0427259132,-0.4301889241,0.0005130768,0.0055214674,-0.0132438540,0.0311195999,0.0954052806,-0.9950627089,0.0047766995,-29.6029548645,30.8847312927,13.0008850098,-0.4436170459,-0.5164952278,-0.7639393210,-0.3785516024,0.2613605261,-0.5166173577,0.0328464508,0.0888934135,-0.1262373328,-0.0000597308,0.5598337054,0.7111124396,-0.4256160557,-29.6029548645,30.8847312927,13.0008850098,-0.4436170459,-0.5164952278,-0.7639393210,-0.3785516024,0.2613605261,-0.5166173577,0.0328464508,0.0888934135,-0.1262373328,-0.0000597308,0.5598337054,0.7111124396,-0.4256160557,0.0000000000,0.0000000000,0.0000000000,0.0000000000,0.0000000000,0.0000000000,-0.8113040328,0.3266701400,-0.3554795980,0.9852983952,-0.1661435813,-0.0457382202,0.2114895731,0.6851135492,0.0894064903,-0.6914775968,
7007.418,0.1831110567,0.0000000000,1.0376293659,0.0634784997,0.0026856288,-1.0106509924,-0.1513718069,-0.0445570238,-0.4245735109,0.0006365702,0.0062661017,-0.0126334429,0.0311181806,0.0954319909,-0.9950601459,0.0047835363,-29.6639919281,30.8847312927,12.3294782639,-0.4526505470,-0.5111240149,-0.7666249871,-0.3752555847,0.2633137107,-0.5169835687,0.0215057731,0.0894208550,-0.1226566434,-0.0000120674,0.5619245172,0.7116662264,-0.4219191968,-29.6639919281,30.8847312927,12.3294782639,-0.4526505470,-0.5111240149,-0.7666249871,-0.3752555847,0.2633137107,-0.5169835687,0.0215057731,0.0894208550,-0.1226566434,-0.0000120674,0.5619245172,0.7116662264,-0.4219191968,0.0000000000,0.0000000000,0.0000000000,0.0000000000,0.0000000000,0.0000000000,-0.8098391891,0.3252052367,-0.3535264134,0.9852983952,-0.1661438644,-0.0457382798,0.2115177661,0.6851099133,0.0894341990,-0.6914690137,
7007.431,0.1831110567,0.0610370189,0.9765923023,0.0639667958,0.0034180731,-1.0108951330,-0.1530808508,-0.0427259132,-0.4279915690,0.0011132732,0.0070063910,-0.0128782988,0.0311235748,0.0954335630,-0.9950599074,0.0047880458,-29.6639919281,31.4340648651,11.9632558823,-0.4550920129,-0.5068514347,-0.7717520595,-0.3753776550,0.2668538392,-0.5142979026,0.0166290402,0.0888475776,-0.1215271354,0.0000047070,0.5639877319,0.7122316957,-0.4181955755,-29.6639919281,31.4340648651,11.9632558823,-0.4550920129,-0.5068514347,-0.7717520595,-0.3753776550,0.2668538392,-0.5142979026,0.0166290402,0.0888475776,-0.1215271354,0.0000047070,0.5639877319,0.7122316957,-0.4181955755,0.0000000000,0.0000000000,0.0000000000,0.0000000000,0.0000000000,0.0000000000,-0.8091067076,0.3315531015,-0.3554795980,0.9852983356,-0.1661441922,-0.0457383990,0.2115652114,0.6851037741,0.0894809887,-0.6914545298,
7007.444,0.1831110567,0.0610370189,0.9765923023,0.0648213178,0.0025635548,-1.0108951330,-0.1539353579,-0.0462660603,-0.4317758679,0.0019520894,0.0061638998,-0.0128793716,0.0311306212,0.0954776406,-0.9950552583,0.0047961664,-30.1522865295,31.3119907379,11.7801446915,-0.4328745306,-0.5007476807,-0.7823725343,-0.3682973683,0.2649006546,-0.5150303841,0.0362781882,0.0900468230,-0.1258475780,0.0000096873,0.5660292506,0.7128233314,-0.4144122601,-30.1522865295,31.3119907379,11.7801446915,-0.4328745306,-0.5007476807,-0.7823725343,-0.3682973683,0.2649006546,-0.5150303841,0.0362781882,0.0900468230,-0.1258475780,0.0000096873,0.5660292506,0.7128233314,-0.4144122601,0.0000000000,0.0000000000,0.0000000000,0.0000000000,0.0000000000,0.0000000000,-0.8122806549,0.3330179751,-0.3554795980,0.9852982759,-0.1661445051,-0.0457385182,0.2116153985,0.6850972772,0.0895304829,-0.6914392114,
7007.457,0.1220740378,0.0610370189,0.9155552983,0.0638447255,0.0041505173,-1.0115054846,-0.1536912173,-0.0465102084,-0.4331187010,0.0009647906,0.0077437027,-0.0134903193,0.0311360415,0.0955303162,-0.9950501323,0.0047947620,-31.1288795471,29.4808807373,11.2918481827,-0.4119998813,-0.5011139512,-0.7917721868,-0.3706167936,0.2661214173,-0.5133213401,0.0546160638,0.0847068429,-0.1290144324,0.0001315080,0.5679354072,0.7134927511,-0.4106349647,-31.1288795471,29.4808807373,11.2918481827,-0.4119998813,-0.5011139512,-0.7917721868,-0.3706167936,0.2661214173,-0.5133213401,0.0546160638,0.0847068429,-0.1290144324,0.0001315080,0.5679354072,0.7134927511,-0.4106349647,0.0000000000,0.0000000000,0.0000000000,0.0000000000,0.0000000000,0.0000000000,-0.8108157516,0.3295999169,-0.3574327826,0.9852980971,-0.1661447287,-0.0457385182,0.2116510570,0.6850925684,0.0895656049,-0.6914283037,
7007.470,0.1220740378,0.0000000000,0.9155552983,0.0649433881,0.0036622211,-1.0105289221,-0.1578417271,-0.0422376171,-0.4348277152,0.0020577461,0.0072506769,-0.0125141740,0.0311391894,0.0955146402,-0.9950515032,0.0047921906,-32.5937690735,26.6121406555,10.3762931824,-0.3973509967,-0.4979400039,-0.7995849252,-0.3676870167,0.2713705897,-0.5124667883,0.0668721199,0.0827969313,-0.1307031512,0.0004503608,0.5696632266,0.7142606974,-0.4068893194,-32.5937690735,26.6121406555,10.3762931824,-0.3973509967,-0.4979400039,-0.7995849252,-0.3676870167,0.2713705897,-0.5124667883,0.0668721199,0.0827969313,-0.1307031512,0.0004503608,0.5696632266,0.7142606974,-0.4068893194,0.0000000000,0.0000000000,0.0000000000,0.0000000000,0.0000000000,0.0000000000,-0.8125247955,0.3281350136,-0.3535264134,0.9852982163,-0.1661451012,-0.0457387567,0.2116869837,0.6850879788,0.0896009579,-0.6914173961,
7007.483,0.1220740378,0.0610370189,0.9765923023,0.0655537620,0.0035401471,-1.0112613440,-0.1501510739,-0.0440687276,-0.4307992756,0.0026490539,0.0071251863,-0.0132477880,0.0311487205,0.0955416933,-0.9950487018,0.0047922488,-35.6456184387,20.5694751740,7.5075531006,-0.3750114441,-0.4934232533,-0.8111819625,-0.3675649166,0.2782067358,-0.5088046193,0.0871113837,0.0820866525,-0.1363565326,0.0011680498,0.5709692240,0.7152975202,-0.4032194614,-35.6456184387,20.5694751740,7.5075531006,-0.3750114441,-0.4934232533,-0.8111819625,-0.3675649166,0.2782067358,-0.5088046193,0.0871113837,0.0820866525,-0.1363565326,0.0011680498,0.5709692240,0.7152975202,-0.4032194614,0.0000000000,0.0000000000,0.0000000000,0.0000000000,0.0000000000,0.0000000000,-0.4985503852,0.3291116059,-0.3593859673,0.9852979183,-0.1661454737,-0.0457386971,0.2119187564,0.6850578189,0.0898303241,-0.6913463473,
7007.496,0.1831110567,0.0000000000,0.9765923023,0.0653096139,0.0028077029,-1.0111392736,-0.1533249915,-0.0457777642,-0.4307992756,0.0023977533,0.0064035919,-0.0131261945,0.0311515797,0.0955810845,-0.9950447083,0.0047992282,-37.1105079651,16.9682903290,6.0426650047,-0.3800164759,-0.4840235710,-0.8166753054,-0.3690298200,0.2796716094,-0.5149083138,0.0802886486,0.0861446857,-0.1360998154,0.0021491507,0.5720549822,0.7164387703,-0.3996343613,-37.1105079651,16.9682903290,6.0426650047,-0.3800164759,-0.4840235710,-0.8166753054,-0.3690298200,0.2796716094,-0.5149083138,0.0802886486,0.0861446857,-0.1360998154,0.0021491507,0.5720549822,0.7164387703,-0.3996343613,0.0000000000,0.0000000000,0.0000000000,0.0000000000,0.0000000000,0.0000000000,-0.4997711182,0.3325296938,-0.3554795980,0.9852979183,-0.1661459208,-0.0457389355,0.2121672481,0.6850255132,0.0900762379,-0.6912702322,
7007.509,0.1220740378,0.0000000000,0.9765923023,0.0639667958,0.0024414808,-1.0111392736,-0.1519821733,-0.0428479873,-0.4273812175,0.0010544211,0.0060393405,-0.0131261945,0.0311517175,0.0955865979,-0.9950441718,0.0048004068,-38.3922843933,13.4281444550,5.1271095276,-0.4141972065,-0.4682760239,-0.8185064197,-0.3669545650,0.2827234864,-0.5089266896,0.0447565019,0.0963630676,-0.1324327588,0.0034656893,0.5729596019,0.7176333666,-0.3961706161,-38.3922843933,13.4281444550,5.1271095276,-0.4141972065,-0.4682760239,-0.8185064197,-0.3669545650,0.2827234864,-0.5089266896,0.0447565019,0.0963630676,-0.1324327588,0.0034656893,0.5729596019,0.7176333666,-0.3961706161,0.0000000000,0.0000000000,0.0000000000,0.0000000000,0.0000000000,0.0000000000,-0.4990386665,0.3315531015,-0.3593859673,0.9852977991,-0.1661463082,-0.0457390547,0.2124039531,0.6849945784,0.0903104991,-0.6911975741,
7007.522,0.1220740378,0.0000000000,0.9765923023,0.0645771697,0.0037842952,-1.0104068518,-0.1521042585,-0.0471205786,-0.4276253581,0.0016610324,0.0073774755,-0.0123940110,0.0311535168,0.0956479013,-0.9950383306,0.0048001753,-38.6364326477,10.9256267548,6.6530351639,-0.4821924567,-0.4338511229,-0.8076418638,-0.3662221134,0.2873622775,-0.5062410235,-0.0238331258,0.1249209642,-0.1163887382,0.0051663448,0.5738965869,0.7186883092,-0.3928698599,-38.6364326477,10.9256267548,6.6530351639,-0.4821924567,-0.4338511229,-0.8076418638,-0.3662221134,0.2873622775,-0.5062410235,-0.0238331258,0.1249209642,-0.1163887382,0.0051663448,0.5738965869,0.7186883092,-0.3928698599,0.0000000000,0.0000000000,0.0000000000,0.0000000000,0.0000000000,0.0000000000,-0.4970854819,0.3344828784,-0.3574327826,0.9852977991,-0.1661467552,-0.0457393527,0.2126537412,0.6849619150,0.0905577317,-0.6911208630,
7007.535,0.1220740378,0.0000000000,0.9765923023,0.0646992400,0.0034180731,-1.0106509924,-0.1534470618,-0.0422376171,-0.4282357395,0.0017788708,0.0070084068,-0.0126384497,0.0311558023,0.0956404880,-0.9950388074,0.0047987304,-37.9650268555,11.3528852463,8.6062192917,-0.4860988259,-0.4229865372,-0.8032471538,-0.3639027178,0.2869960666,-0.5053865314,-0.0281772316,0.1297981441,-0.1069103479,0.0068884362,0.5749661922,0.7196012735,-0.3895948529,-37.9650268555,11.3528852463,8.6062192917,-0.4860988259,-0.4229865372,-0.8032471538,-0.3639027178,0.2869960666,-0.5053865314,-0.0281772316,0.1297981441,-0.1069103479,0.0068884362,0.5749661922,0.7196012735,-0.3895948529,0.0000000000,0.0000000000,0.0000000000,0.0000000000,0.0000000000,0.0000000000,-0.5000152588,0.3374126554,-0.3730582595,0.9852977395,-0.1661471575,-0.0457394123,0.2128784209,0.6849324107,0.0907801017,-0.6910517216,
7007.548,0.1831110567,0.0000000000,0.9765923023,0.0634784997,0.0039063692,-1.0106509924,-0.1555223316,-0.0428479873,-0.4288460910,0.0005598739,0.0075020948,-0.0126382709,0.0311546940,0.0956350788,-0.9950395823,0.0048011602,-37.4767303467,11.5359964371,10.5594043732,-0.4729148149,-0.4167607725,-0.8041017056,-0.3626819551,0.2889492512,-0.5066072345,-0.0153297484,0.1299212873,-0.1027457714,0.0086191399,0.5761542916,0.7203942537,-0.3863259554,-37.4767303467,11.5359964371,10.5594043732,-0.4729148149,-0.4167607725,-0.8041017056,-0.3626819551,0.2889492512,-0.5066072345,-0.0153297484,0.1299212873,-0.1027457714,0.0086191399,0.5761542916,0.7203942537,-0.3863259554,0.0000000000,0.0000000000,0.0000000000,0.0000000000,0.0000000000,0.0000000000,-0.4983062148,0.3354594707,-0.3574327826,0.9852976799,-0.1661475897,-0.0457397103,0.2131280750,0.6848995686,0.0910272300,-0.6909748912,
7007.561,0.1220740378,0.0000000000,0.9155552983,0.0633564293,0.0037842952,-1.0104068518,-0.1508835107,-0.0404065065,-0.4325083196,0.0004400760,0.0073746769,-0.0123940110,0.0311539173,0.0956153125,-0.9950413704,0.0047977725,-38.0260620117,9.4607381821,12.5736255646,-0.4401989877,-0.4138309956,-0.8205816746,-0.3620716035,0.2912686467,-0.5102694631,0.0173234046,0.1265117526,-0.1142913103,0.0105115240,0.5773875713,0.7211188078,-0.3830722272,-38.0260620117,9.4607381821,12.5736255646,-0.4401989877,-0.4138309956,-0.8205816746,-0.3620716035,0.2912686467,-0.5102694631,0.0173234046,0.1265117526,-0.1142913103,0.0105115240,0.5773875713,0.7211188078,-0.3830722272,0.0000000000,0.0000000000,0.0000000000,0.0000000000,0.0000000000,0.0000000000,-0.4970854819,0.3398541212,-0.3574327826,0.9852974415,-0.1661479622,-0.0457397699,0.2133906782,0.6848648190,0.0912872329,-0.6908938289,
7007.574,0.1220740378,0.0610370189,0.9155552983,0.0634784997,0.0024414808,-1.0104068518,-0.1503952146,-0.0417493209,-0.4290902317,0.0005531535,0.0060331821,-0.0123946071,0.0311583336,0.0956157595,-0.9950411916,0.0047988752,-38.6974716187,7.8127384186,12.5125885010,-0.4260383844,-0.4124881625,-0.8320566416,-0.3612170815,0.2933439016,-0.5070955753,0.0315236151,0.1214249134,-0.1209205389,0.0125094941,0.5785409212,0.7218739986,-0.3798360825,-38.6974716187,7.8127384186,12.5125885010,-0.4260383844,-0.4124881625,-0.8320566416,-0.3612170815,0.2933439016,-0.5070955753,0.0315236151,0.1214249134,-0.1209205389,0.0125094941,0.5785409212,0.7218739986,-0.3798360825,0.0000000000,0.0000000000,0.0000000000,0.0000000000,0.0000000000,0.0000000000,-0.5000152588,0.3408307135,-0.3535264134,0.9852975607,-0.1661484390,-0.0457400680,0.2136612684,0.6848290563,0.0915551260,-0.6908103228,
7007.587,0.1220740378,0.0610370189,0.9765923023,0.0638447255,0.0030518509,-1.0100406408,-0.1547898799,-0.0405285805,-0.4261604548,0.0009085611,0.0066425153,-0.0120290518,0.0311639365,0.0955826044,-0.9950441718,0.0047978396,-39.4909515381,6.7751092911,11.6580705643,-0.4019898176,-0.4123660922,-0.8486587405,-0.3614612222,0.3001800478,-0.5096591115,0.0555194318,0.1150817871,-0.1326821446,0.0145304017,0.5795915127,0.7227071524,-0.3765641749,-39.4909515381,6.7751092911,11.6580705643,-0.4019898176,-0.4123660922,-0.8486587405,-0.3614612222,0.3001800478,-0.5096591115,0.0555194318,0.1150817871,-0.1326821446,0.0145304017,0.5795915127,0.7227071524,-0.3765641749,0.0000000000,0.0000000000,0.0000000000,0.0000000000,0.0000000000,0.0000000000,-0.4965972006,0.3418073058,-0.3554795980,0.9852972627,-0.1661488265,-0.0457400680,0.2139314562,0.6847931147,0.0918226764,-0.6907266974,
7007.600,0.1220740378,0.0610370189,0.9765923023,0.0650654659,0.0018311106,-1.0105289221,-0.1512497365,-0.0408948027,-0.4242072701,0.0021126717,0.0054267845,-0.0125184059,0.0311720688,0.0955650210,-0.9950456023,0.0048005804,-40.7116928101,1.4648884535,9.0945158005,-0.3794061244,-0.4047975242,-0.8575701118,-0.3613391519,0.3005462885,-0.5122226477,0.0783660412,0.1162134111,-0.1370645165,0.0168233551,0.5802958012,0.7237078547,-0.3734490275,-40.7116928101,1.4648884535,9.0945158005,-0.3794061244,-0.4047975242,-0.8575701118,-0.3613391519,0.3005462885,-0.5122226477,0.0783660412,0.1162134111,-0.1370645165,0.0168233551,0.5802958012,0.7237078547,-0.3734490275,0.0000000000,0.0000000000,0.0000000000,0.0000000000,0.0000000000,0.0000000000,-0.4970854819,0.3408307135,-0.3750114441,0.9852973819,-0.1661492586,-0.0457403660,0.2141579688,0.6847630143,0.0920469314,-0.6906566024,
7007.613,0.1220740378,0.0610370189,0.9765923023,0.0653096139,0.0026856288,-1.0104068518,-0.1501510739,-0.0426038392,-0.4262825549,0.0023390204,0.0062820693,-0.0123974681,0.0311808605,0.0955732167,-0.9950446486,0.0048020710,-44.4349479675,-3.9674062729,8.4231090546,-0.4033326209,-0.3921018243,-0.8475600481,-0.3645130694,0.3044526577,-0.5081942081,0.0554340780,0.1219946146,-0.1227344275,0.0196841955,0.5807582736,0.7248284817,-0.3704048395,-44.4349479675,-3.9674062729,8.4231090546,-0.4033326209,-0.3921018243,-0.8475600481,-0.3645130694,0.3044526577,-0.5081942081,0.0554340780,0.1219946146,-0.1227344275,0.0196841955,0.5807582736,0.7248284817,-0.3704048395,0.0000000000,0.0000000000,0.0000000000,0.0000000000,0.0000000000,0.0000000000,-0.4983062148,0.3427838981,-0.3554795980,0.9852970839,-0.1661496907,-0.0457403064,0.2144275755,0.6847269535,0.0923139304,-0.6905729175,
7007.626,0.1831110567,0.0610370189,1.0376293659,0.0664082766,0.0024414808,-1.0108951330,-0.1502731442,-0.0405285805,-0.4245735109,0.0034147948,0.0060512009,-0.0128872395,0.0311917551,0.0955483988,-0.9950464964,0.0048090038,-45.6556892395,-9.8269596100,9.0334787369,-0.4375133514,-0.3744010627,-0.8366954327,-0.3617053628,0.3053071797,-0.5096591115,0.0232008398,0.1324889362,-0.1080410480,0.0230652019,0.5810815692,0.7258891463,-0.3676150143,-45.6556892395,-9.8269596100,9.0334787369,-0.4375133514,-0.3744010627,-0.8366954327,-0.3617053628,0.3053071797,-0.5096591115,0.0232008398,0.1324889362,-0.1080410480,0.0230652019,0.5810815692,0.7258891463,-0.3676150143,0.0000000000,0.0000000000,0.0000000000,0.0000000000,0.0000000000,0.0000000000,-0.4983062148,0.3422956169,-0.3750114441,0.9852972627,-0.1661501378,-0.0457407832,0.2146552652,0.6846965551,0.0925393552,-0.6905023456,
7007.639,0.1220740378,0.0610370189,1.0376293659,0.0649433881,0.0043946654,-1.0111392736,-0.1534470618,-0.0428479873,-0.4283578098,0.0019344017,0.0079973284,-0.0131323338,0.0311998427,0.0955440477,-0.9950466752,0.0048060971,-45.8998374939,-13.3060703278,10.4983673096,-0.4622943699,-0.3576769233,-0.8384044766,-0.3639027178,0.3026215434,-0.5050203204,0.0010342896,0.1417684555,-0.1062764525,0.0267826729,0.5813764930,0.7268487811,-0.3649913371,-45.8998374939,-13.3060703278,10.4983673096,-0.4622943699,-0.3576769233,-0.8384044766,-0.3639027178,0.3026215434,-0.5050203204,0.0010342896,0.1417684555,-0.1062764525,0.0267826729,0.5813764930,0.7268487811,-0.3649913371,0.0000000000,0.0000000000,0.0000000000,0.0000000000,0.0000000000,0.0000000000,-0.4980620742,0.3457136750,-0.3750114441,0.9852971435,-0.1661505699,-0.0457409024,0.2148920745,0.6846647263,0.0927738696,-0.6904287338,
7007.652,0.1831110567,0.0610370189,0.9765923023,0.0653096139,0.0042725913,-1.0112613440,-0.1524704695,-0.0397961363,-0.4235969186,0.0022833794,0.0078788046,-0.0132555366,0.0312084351,0.0955088288,-0.9950498939,0.0048075859,-45.5336151123,-14.1605882645,13.4281444550,-0.4707174897,-0.3436384201,-0.8425549865,-0.3604846299,0.3123874664,-0.5085604191,-0.0043927133,0.1481054425,-0.1071243882,0.0306355171,0.5818482637,0.7276067138,-0.3624171317,-45.5336151123,-14.1605882645,13.4281444550,-0.4707174897,-0.3436384201,-0.8425549865,-0.3604846299,0.3123874664,-0.5085604191,-0.0043927133,0.1481054425,-0.1071243882,0.0306355171,0.5818482637,0.7276067138,-0.3624171317,0.0000000000,0.0000000000,0.0000000000,0.0000000000,0.0000000000,0.0000000000,-0.4965972006,0.3432722092,-0.3750114441,0.9852970243,-0.1661509573,-0.0457409620,0.2151212990,0.6846338511,0.0930008739,-0.6903573871,
7007.665,0.1220740378,0.0000000000,0.9765923023,0.0646992400,0.0035401471,-1.0108951330,-0.1513718069,-0.0400402844,-0.4278694987,0.0016693920,0.0071428684,-0.0128895044,0.0312105510,0.0954789519,-0.9950526357,0.0048050839,-45.3505058289,-13.3060703278,14.2216253281,-0.4586321712,-0.3457136750,-0.8490249515,-0.3645130694,0.3155613840,-0.5052644610,0.0105591714,0.1382989287,-0.1102972627,0.0344124921,0.5823667049,0.7283245921,-0.3597942591,-45.3505058289,-13.3060703278,14.2216253281,-0.4586321712,-0.3457136750,-0.8490249515,-0.3645130694,0.3155613840,-0.5052644610,0.0105591714,0.1382989287,-0.1102972627,0.0344124921,0.5823667049,0.7283245921,-0.3597942591,0.0000000000,0.0000000000,0.0000000000,0.0000000000,0.0000000000,0.0000000000,-0.4975737929,0.3466902673,-0.3535264134,0.9852969050,-0.1661513895,-0.0457412601,0.2154023796,0.6845958829,0.0932792872,-0.6902698278,
7007.678,0.1220740378,0.0000000000,0.9765923023,0.0651875362,0.0028077029,-1.0106509924,-0.1511276662,-0.0430921353,-0.4234748483,0.0021516010,0.0064105671,-0.0126457810,0.0312135164,0.0954916254,-0.9950513244,0.0048058443,-45.5336151123,-13.0619220734,14.4657735825,-0.4397106767,-0.3475447893,-0.8569597602,-0.3641468585,0.3142185807,-0.5027008653,0.0322194099,0.1287078559,-0.1149414182,0.0381362401,0.5828877687,0.7290369272,-0.3571224809,-45.5336151123,-13.0619220734,14.4657735825,-0.4397106767,-0.3475447893,-0.8569597602,-0.3641468585,0.3142185807,-0.5027008653,0.0322194099,0.1287078559,-0.1149414182,0.0381362401,0.5828877687,0.7290369272,-0.3571224809,0.0000000000,0.0000000000,0.0000000000,0.0000000000,0.0000000000,0.0000000000,-0.4965972006,0.3481551707,-0.3535264134,0.9852968454,-0.1661518365,-0.0457414389,0.2156870216,0.6845573187,0.0935612544,-0.6901810169,
7007.691,0.1220740378,0.0000000000,0.9765923023,0.0657979101,0.0028077029,-1.0116275549,-0.1529587656,-0.0384533219,-0.4282357395,0.0027532279,0.0064107226,-0.0136228800,0.0312181357,0.0954361036,-0.9950565100,0.0048045986,-47.9750976563,-18.4942169189,13.4891815186,-0.3912473023,-0.3357036114,-0.8662374020,-0.3651234508,0.3219092488,-0.5067293048,0.0838243663,0.1325374842,-0.1211323738,0.0422089361,0.5831657648,0.7298725247,-0.3544938862,-47.9750976563,-18.4942169189,13.4891815186,-0.3912473023,-0.3357036114,-0.8662374020,-0.3651234508,0.3219092488,-0.5067293048,0.0838243663,0.1325374842,-0.1211323738,0.0422089361,0.5831657648,0.7298725247,-0.3544938862,0.0000000000,0.0000000000,0.0000000000,0.0000000000,0.0000000000,0.0000000000,-0.4987945259,0.3491317630,-0.3691518903,0.9852968454,-0.1661523134,-0.0457416773,0.2159398645,0.6845230460,0.0938117057,-0.6901020408,
7007.704,0.1220740378,-0.0610370189,1.0376293659,0.0640888736,0.0036622211,-1.0106509924,-0.1503952146,-0.0438245796,-0.4272591472,0.0010542646,0.0072618350,-0.0126456618,0.0312131885,0.0954548568,-0.9950548410,0.0048030089,-50.1724281311,-24.0485858917,12.6956996918,-0.3828241825,-0.3212988675,-0.8648945689,-0.3665883243,0.3244727850,-0.5025787950,0.0960031450,0.1386640966,-0.1170433164,0.0467127450,0.5831998587,0.7307854891,-0.3519833982,-50.1724281311,-24.0485858917,12.6956996918,-0.3828241825,-0.3212988675,-0.8648945689,-0.3665883243,0.3244727850,-0.5025787950,0.0960031450,0.1386640966,-0.1170433164,0.0467127450,0.5831998587,0.7307854891,-0.3519833982,0.0000000000,0.0000000000,0.0000000000,0.0000000000,0.0000000000,0.0000000000,-0.4990386665,0.3476668596,-0.3711050749,0.9852965474,-0.1661527157,-0.0457416177,0.2161830217,0.6844898462,0.0940526053,-0.6900258660,
7007.717,0.1831110567,0.0000000000,0.9765923023,0.0643330216,0.0034180731,-1.0111392736,-0.1535691470,-0.0465102084,-0.4238410592,0.0012967065,0.0070254733,-0.0131340623,0.0312134251,0.0955049694,-0.9950500131,0.0048085395,-52.5528717041,-30.5795459747,12.0853300095,-0.3884395957,-0.3061617017,-0.8669698238,-0.3693960309,0.3274025619,-0.5080721378,0.0949537456,0.1451995373,-0.1168193221,0.0517410673,0.5829885006,0.7317401171,-0.3496392369,-52.5528717041,-30.5795459747,12.0853300095,-0.3884395957,-0.3061617017,-0.8669698238,-0.3693960309,0.3274025619,-0.5080721378,0.0949537456,0.1451995373,-0.1168193221,0.0517410673,0.5829885006,0.7317401171,-0.3496392369,0.0000000000,0.0000000000,0.0000000000,0.0000000000,0.0000000000,0.0000000000,-0.4975737929,0.3481551707,-0.3691518903,0.9852966070,-0.1661531478,-0.0457419753,0.2164311856,0.6844559908,0.0942984447,-0.6899482012,
7007.730,0.1220740378,0.0000000000,0.9765923023,0.0646992400,0.0030518509,-1.0100406408,-0.1519821733,-0.0426038392,-0.4286019504,0.0016590655,0.0066581564,-0.0120356679,0.0312153846,0.0955071822,-0.9950498343,0.0048082480,-57.2527236938,-43.8245811462,11.9022188187,-0.4065065384,-0.2970061302,-0.8697775006,-0.3722037375,0.3308206499,-0.5019684434,0.0832177103,0.1451078653,-0.1182279587,0.0578726493,0.5823181868,0.7327513695,-0.3476722240,-57.2527236938,-43.8245811462,11.9022188187,-0.4065065384,-0.2970061302,-0.8697775006,-0.3722037375,0.3308206499,-0.5019684434,0.0832177103,0.1451078653,-0.1182279587,0.0578726493,0.5823181868,0.7327513695,-0.3476722240,0.0000000000,0.0000000000,0.0000000000,0.0000000000,0.0000000000,0.0000000000,-0.4978179336,0.3549913168,-0.3691518903,0.9852965474,-0.1661535949,-0.0457421541,0.2166979909,0.6844194531,0.0945627913,-0.6898645163,
7007.743,0.1220740378,0.0000000000,0.9765923023,0.0636005774,0.0043946654,-1.0097965002,-0.1530808508,-0.0412610248,-0.4246955812,0.0005619228,0.0079932362,-0.0117914081,0.0312150866,0.0954893678,-0.9950515032,0.0048037660,-59.4500579834,-49.9282798767,11.5970335007,-0.4154179394,-0.2990813851,-0.8677022457,-0.3730582595,0.3374126554,-0.5029450655,0.0814069510,0.1335446835,-0.1152923107,0.0644726008,0.5814171433,0.7337598205,-0.3458877206,-59.4500579834,-49.9282798767,11.5970335007,-0.4154179394,-0.2990813851,-0.8677022457,-0.3730582595,0.3374126554,-0.5029450655,0.0814069510,0.1335446835,-0.1152923107,0.0644726008,0.5814171433,0.7337598205,-0.3458877206,0.0000000000,0.0000000000,0.0000000000,0.0000000000,0.0000000000,0.0000000000,-0.4985503852,0.3505966365,-0.3730582595,0.9852964282,-0.1661540568,-0.0457422733,0.2169423997,0.6843858957,0.0948049575,-0.6897877455,
7007.756,0.1220740378,0.0000000000,1.0376293659,0.0643330216,0.0037842952,-1.0107730627,-0.1541795135,-0.0416272469,-0.4301889241,0.0012925863,0.0073788799,-0.0127680302,0.0312162675,0.0954667106,-0.9950537682,0.0048011546,-61.5253143311,-55.6657600403,11.1697740555,-0.4152958691,-0.3001800478,-0.8675801754,-0.3780632913,0.3405865729,-0.5051423907,0.0892993510,0.1227511466,-0.1148294210,0.0714939982,0.5802794695,0.7347759008,-0.3442574739,-61.5253143311,-55.6657600403,11.1697740555,-0.4152958691,-0.3001800478,-0.8675801754,-0.3780632913,0.3405865729,-0.5051423907,0.0892993510,0.1227511466,-0.1148294210,0.0714939982,0.5802794695,0.7347759008,-0.3442574739,0.0000000000,0.0000000000,0.0000000000,0.0000000000,0.0000000000,0.0000000000,-0.4992828071,0.3549913168,-0.3711050749,0.9852964282,-0.1661545038,-0.0457426310,0.2172018588,0.6843501925,0.0950620547,-0.6897062063,
7007.769,0.1220740378,0.0000000000,0.9765923023,0.0656758323,0.0023194067,-1.0117496252,-0.1573534310,-0.0429700613,-0.4286019504,0.0026273280,0.0059166006,-0.0137451887,0.0312202126,0.0954579711,-0.9950544238,0.0048025665,-65.7979049683,-67.8731613159,10.4373302460,-0.4489883184,-0.2635578513,-0.8470717669,-0.3859981000,0.3408307135,-0.5009918809,0.0650657415,0.1490509510,-0.0949920416,0.0795831084,0.5786824822,0.7358067036,-0.3429674506,-65.7979049683,-67.8731613159,10.4373302460,-0.4489883184,-0.2635578513,-0.8470717669,-0.3859981000,0.3408307135,-0.5009918809,0.0650657415,0.1490509510,-0.0949920416,0.0795831084,0.5786824822,0.7358067036,-0.3429674506,0.0000000000,0.0000000000,0.0000000000,0.0000000000,0.0000000000,0.0000000000,-0.4987945259,0.3554795980,-0.3730582595,0.9852961898,-0.1661548764,-0.0457425714,0.2174577713,0.6843147874,0.0953156799,-0.6896255612,
7007.782,0.1220740378,0.0000000000,0.9765923023,0.0651875362,0.0052491836,-1.0112613440,-0.1557664722,-0.0413830988,-0.4288460910,0.0021332353,0.0088345045,-0.0132572055,0.0312237870,0.0954334289,-0.9950566292,0.0047961627,-67.0796813965,-73.4275360107,10.8645896912,-0.4663228393,-0.2392651141,-0.8287606239,-0.3875850737,0.3486434519,-0.4941557050,0.0579922795,0.1627537310,-0.0780297518,0.0881372169,0.5769190192,0.7367326617,-0.3418573141,-67.0796813965,-73.4275360107,10.8645896912,-0.4663228393,-0.2392651141,-0.8287606239,-0.3875850737,0.3486434519,-0.4941557050,0.0579922795,0.1627537310,-0.0780297518,0.0881372169,0.5769190192,0.7367326617,-0.3418573141,0.0000000000,0.0000000000,0.0000000000,0.0000000000,0.0000000000,0.0000000000,-0.5000152588,0.3559679091,-0.3730582595,0.9852961302,-0.1661553383,-0.0457427502,0.2177131325,0.6842794418,0.0955687463,-0.6895450354,
7007.795,0.1220740378,0.0000000000,0.9765923023,0.0646992400,0.0041505173,-1.0107730627,-0.1584521085,-0.0424817652,-0.4339731932,0.0016414151,0.0077294391,-0.0127691627,0.0312259402,0.0954144150,-0.9950583577,0.0047925487,-67.5069427490,-77.8221969604,11.7801446915,-0.5008697510,-0.2059389055,-0.8211920261,-0.3932004869,0.3509628475,-0.4898831248,0.0344278216,0.1852328479,-0.0724835396,0.0970912129,0.5750632286,0.7374969721,-0.3409091532,-67.5069427490,-77.8221969604,11.7801446915,-0.5008697510,-0.2059389055,-0.8211920261,-0.3932004869,0.3509628475,-0.4898831248,0.0344278216,0.1852328479,-0.0724835396,0.0970912129,0.5750632286,0.7374969721,-0.3409091532,0.0000000000,0.0000000000,0.0000000000,0.0000000000,0.0000000000,0.0000000000,-0.4965972006,0.3559679091,-0.3730582595,0.9852960110,-0.1661557555,-0.0457429290,0.2179691792,0.6842438579,0.0958225131,-0.6894642115,
7007.808,0.1831110567,0.0000000000,0.9765923023,0.0643330216,0.0045167394,-1.0111392736,-0.1560106277,-0.0429700613,-0.4205450714,0.0012735948,0.0080981292,-0.0131354332,0.0312266313,0.0954121426,-0.9950586557,0.0047937823,-66.3472366333,-79.4701995850,15.1371803284,-0.5942564011,-0.1712698787,-0.7899410725,-0.3990600407,0.3576769233,-0.4889065325,-0.0472179651,0.2087609321,-0.0439851284,0.1063612774,0.5733667612,0.7378848195,-0.3401606977,-66.3472366333,-79.4701995850,15.1371803284,-0.5942564011,-0.1712698787,-0.7899410725,-0.3990600407,0.3576769233,-0.4889065325,-0.0472179651,0.2087609321,-0.0439851284,0.1063612774,0.5733667612,0.7378848195,-0.3401606977,0.0000000000,0.0000000000,0.0000000000,0.0000000000,0.0000000000,0.0000000000,-0.4963530302,0.3579210937,-0.3711050749,0.9852960706,-0.1661562175,-0.0457432866,0.2182336152,0.6842070818,0.0960846096,-0.6893807054,
7007.821,0.1220740378,0.0000000000,0.9155552983,0.0627460554,0.0029297769,-1.0095522404,-0.1551561058,-0.0408948027,-0.4275032878,-0.0003076643,0.0065101259,-0.0115480423,0.0312239509,0.0953886881,-0.9950609207,0.0047922558,-64.9433898926,-76.7845687866,17.1514015198,-0.6231879592,-0.1574755162,-0.7811517715,-0.3978392780,0.3623157442,-0.4936674237,-0.0646312833,0.2113849670,-0.0381292105,0.1154491231,0.5718908906,0.7380361557,-0.3393526673,-64.9433898926,-76.7845687866,17.1514015198,-0.6231879592,-0.1574755162,-0.7811517715,-0.3978392780,0.3623157442,-0.4936674237,-0.0646312833,0.2113849670,-0.0381292105,0.1154491231,0.5718908906,0.7380361557,-0.3393526673,0.0000000000,0.0000000000,0.0000000000,0.0000000000,0.0000000000,0.0000000000,-0.4990386665,0.3598742783,-0.3593859673,0.9852958918,-0.1661566496,-0.0457433462,0.2185246795,0.6841663718,0.0963731706,-0.6892884970,
7007.834,0.1220740378,0.0610370189,0.9155552983,0.0622577593,0.0025635548,-1.0105289221,-0.1582079530,-0.0412610248,-0.4276253581,-0.0007982254,0.0061446927,-0.0125248432,0.0312251709,0.0953615159,-0.9950634837,0.0047919038,-63.1733131409,-73.5496063232,19.0435504913,-0.6385692954,-0.1477095932,-0.7712637782,-0.3995483220,0.3657338321,-0.4837794006,-0.0688490868,0.2100284845,-0.0312841535,0.1242896393,0.5706104636,0.7379963994,-0.3384704888,-63.1733131409,-73.5496063232,19.0435504913,-0.6385692954,-0.1477095932,-0.7712637782,-0.3995483220,0.3657338321,-0.4837794006,-0.0688490868,0.2100284845,-0.0312841535,0.1242896393,0.5706104636,0.7379963994,-0.3384704888,0.0000000000,0.0000000000,0.0000000000,0.0000000000,0.0000000000,0.0000000000,-0.4978179336,0.3628040552,-0.3593859673,0.9852957726,-0.1661571264,-0.0457435250,0.2188234478,0.6841245294,0.0966693684,-0.6891937852,
7007.847,0.1831110567,0.0610370189,0.9155552983,0.0633564293,0.0024414808,-1.0110172033,-0.1572313607,-0.0448011719,-0.4292123318,0.0002929270,0.0060346480,-0.0130136609,0.0312282406,0.0953825712,-0.9950614572,0.0047989134,-60.1214637756,-68.1173095703,21.6681423187,-0.6465041041,-0.1223181859,-0.7625964880,-0.4066286087,0.3714712858,-0.4847559929,-0.0662260056,0.2243614793,-0.0255623460,0.1327104419,0.5696763992,0.7377200723,-0.3374475539,-60.1214637756,-68.1173095703,21.6681423187,-0.6465041041,-0.1223181859,-0.7625964880,-0.4066286087,0.3714712858,-0.4847559929,-0.0662260056,0.2243614793,-0.0255623460,0.1327104419,0.5696763992,0.7377200723,-0.3374475539,0.0000000000,0.0000000000,0.0000000000,0.0000000000,0.0000000000,0.0000000000,-0.4970854819,0.3603625596,-0.3574327826,0.9852957129,-0.1661576033,-0.0457437634,0.2191181928,0.6840831041,0.0969615951,-0.6891002059,
7007.860,0.1220740378,0.0610370189,0.9155552983,0.0631122813,0.0028077029,-1.0113834143,-0.1534470618,-0.0394299142,-0.4257942438,0.0000426471,0.0064004008,-0.0133802295,0.0312315058,0.0953450426,-0.9950647950,0.0047977963,-58.8396873474,-66.4693145752,22.7057704926,-0.6852015853,-0.1026642695,-0.7535630465,-0.4085817933,0.3736686409,-0.4797509611,-0.0944971442,0.2329615057,-0.0197006464,0.1410304755,0.5688486695,0.7372837663,-0.3364211917,-58.8396873474,-66.4693145752,22.7057704926,-0.6852015853,-0.1026642695,-0.7535630465,-0.4085817933,0.3736686409,-0.4797509611,-0.0944971442,0.2329615057,-0.0197006464,0.1410304755,0.5688486695,0.7372837663,-0.3364211917,0.0000000000,0.0000000000,0.0000000000,0.0000000000,0.0000000000,0.0000000000,-0.4983062148,0.3608508706,-0.3574327826,0.9852954745,-0.1661580354,-0.0457437634,0.2194121033,0.6840416193,0.0972530469,-0.6890066862,
7007.873,0.1220740378,0.1220740378,0.9155552983,0.0640888736,0.0031739250,-1.0118716955,-0.1551561058,-0.0405285805,-0.4327524602,0.0009977967,0.0067643588,-0.0138698816,0.0312424321,0.0953158736,-0.9950674772,0.0047967769,-56.9475402832,-63.6005744934,24.4758453369,-0.7340312004,-0.0781273842,-0.7448957562,-0.4130985439,0.3779412210,-0.4785302281,-0.1331269741,0.2464285493,-0.0143415332,0.1491776556,0.5682221651,0.7366447449,-0.3353638649,-56.9475402832,-63.6005744934,24.4758453369,-0.7340312004,-0.0781273842,-0.7448957562,-0.4130985439,0.3779412210,-0.4785302281,-0.1331269741,0.2464285493,-0.0143415332,0.1491776556,0.5682221651,0.7366447449,-0.3353638649,0.0000000000,0.0000000000,0.0000000000,0.0000000000,0.0000000000,0.0000000000,-0.4973296225,0.3593859673,-0.3574327826,0.9852957726,-0.1661585271,-0.0457442999,0.2197009325,0.6840009093,0.0975394398,-0.6889148355,
7007.886,0.1220740378,0.0610370189,0.9765923023,0.0653096139,0.0036622211,-1.0112613440,-0.1585741788,-0.0396740623,-0.4311655164,0.0022017360,0.0072486568,-0.0132606030,0.0312512629,0.0952615365,-0.9950722456,0.0047938842,-50.7217636108,-51.3931694031,29.0536212921,-0.7649159431,-0.0461439863,-0.7367168069,-0.4117557406,0.3781853616,-0.4760887623,-0.1551214457,0.2675488591,-0.0087878108,0.1564009339,0.5683302283,0.7356696725,-0.3340273499,-50.7217636108,-51.3931694031,29.0536212921,-0.7649159431,-0.0461439863,-0.7367168069,-0.4117557406,0.3781853616,-0.4760887623,-0.1551214457,0.2675488591,-0.0087878108,0.1564009339,0.5683302283,0.7356696725,-0.3340273499,0.0000000000,0.0000000000,0.0000000000,0.0000000000,0.0000000000,0.0000000000,-0.4995269775,0.3613391519,-0.3574327826,0.9852955341,-0.1661589891,-0.0457442403,0.2199925929,0.6839594841,0.0978286937,-0.6888217330,
7007.899,0.1831110567,0.0610370189,0.9155552983,0.0664082766,0.0030518509,-1.0112613440,-0.1519821733,-0.0428479873,-0.4306772053,0.0032782108,0.0066472902,-0.0132620335,0.0312618352,0.0952731520,-0.9950708747,0.0047997921,-47.7919845581,-45.2894668579,31.0678424835,-0.7356181741,-0.0438245796,-0.7322000861,-0.4154179394,0.3838007748,-0.4738914073,-0.1177913547,0.2591776252,-0.0065184832,0.1630786210,0.5687622428,0.7345710993,-0.3325124979,-47.7919845581,-45.2894668579,31.0678424835,-0.7356181741,-0.0438245796,-0.7322000861,-0.4154179394,0.3838007748,-0.4738914073,-0.1177913547,0.2591776252,-0.0065184832,0.1630786210,0.5687622428,0.7345710993,-0.3325124979,0.0000000000,0.0000000000,0.0000000000,0.0000000000,0.0000000000,0.0000000000,-0.4985503852,0.3632923365,-0.3554795980,0.9852954745,-0.1661594510,-0.0457444787,0.2202931046,0.6839167476,0.0981267393,-0.6887257695,
7007.912,0.1220740378,0.0610370189,0.9765923023,0.0676290169,0.0032959990,-1.0099185705,-0.1549119502,-0.0417493209,-0.4266487658,0.0044704974,0.0068892124,-0.0119210482,0.0312762037,0.0952569842,-0.9950718880,0.0047995364,-45.6556892395,-41.1999893188,31.9833984375,-0.7112033367,-0.0430921353,-0.7320780158,-0.4170049131,0.3857539594,-0.4704733491,-0.0860010982,0.2494111061,-0.0084075332,0.1693474352,0.5693804622,0.7334067225,-0.3308869898,-45.6556892395,-41.1999893188,31.9833984375,-0.7112033367,-0.0430921353,-0.7320780158,-0.4170049131,0.3857539594,-0.4704733491,-0.0860010982,0.2494111061,-0.0084075332,0.1693474352,0.5693804622,0.7334067225,-0.3308869898,0.0000000000,0.0000000000,0.0000000000,0.0000000000,0.0000000000,0.0000000000,-0.4975737929,0.3628040552,-0.3554795980,0.9852952361,-0.1661598980,-0.0457444787,0.2205912322,0.6838741302,0.0984224603,-0.6886303425,
7007.925,0.1831110567,0.0610370189,0.9765923023,0.0671407208,0.0036622211,-1.0105289221,-0.1527146250,-0.0438245796,-0.4261604548,0.0039564744,0.0072620604,-0.0125330687,0.0312886238,0.0952749625,-0.9950697422,0.0048046303,-44.1297645569,-38.2091751099,31.4951019287,-0.6711630821,-0.0413830988,-0.7357402444,-0.4151737988,0.3872188628,-0.4701071084,-0.0392217636,0.2408847660,-0.0138601065,0.1752402931,0.5700756907,0.7322553992,-0.3291667998,-44.1297645569,-38.2091751099,31.4951019287,-0.6711630821,-0.0413830988,-0.7357402444,-0.4151737988,0.3872188628,-0.4701071084,-0.0392217636,0.2408847660,-0.0138601065,0.1752402931,0.5700756907,0.7322553992,-0.3291667998,0.0000000000,0.0000000000,0.0000000000,0.0000000000,0.0000000000,0.0000000000,-0.4980620742,0.3628040552,-0.3535264134,0.9852953553,-0.1661604047,-0.0457448363,0.2208917588,0.6838311553,0.0987205505,-0.6885341406,
7007.938,0.1220740378,0.0610370189,0.9765923023,0.0673848689,0.0034180731,-1.0116275549,-0.1571092904,-0.0423596911,-0.4290902317,0.0041741878,0.0070150974,-0.0136333108,0.0313020088,0.0952597708,-0.9950707555,0.0048040147,-43.9466552734,-38.6364326477,30.7626571655,-0.6700643897,-0.0314951017,-0.7373272181,-0.4144413471,0.3902707100,-0.4641254842,-0.0314736962,0.2406188548,-0.0174017549,0.1811077297,0.5706980824,0.7311023474,-0.3274709880,-43.9466552734,-38.6364326477,30.7626571655,-0.6700643897,-0.0314951017,-0.7373272181,-0.4144413471,0.3902707100,-0.4641254842,-0.0314736962,0.2406188548,-0.0174017549,0.1811077297,0.5706980824,0.7311023474,-0.3274709880,0.0000000000,0.0000000000,0.0000000000,0.0000000000,0.0000000000,0.0000000000,-0.4992828071,0.3632923365,-0.3535264134,0.9852950573,-0.1661608219,-0.0457448959,0.2211914063,0.6837880611,0.0990178213,-0.6884379387,
7007.951,0.1220740378,0.0000000000,1.0376293659,0.0690939054,0.0036622211,-1.0119937658,-0.1569872200,-0.0419934690,-0.4305551350,0.0058592930,0.0072559281,-0.0140010715,0.0313142091,0.0952346772,-0.9950729012,0.0048027155,-43.7635421753,-39.1247291565,30.0302124023,-0.6706747413,-0.0218512528,-0.7383037806,-0.4177373648,0.3903927803,-0.4643696547,-0.0255085826,0.2401941866,-0.0205081701,0.1869543195,0.5712498426,0.7299422026,-0.3258070946,-43.7635421753,-39.1247291565,30.0302124023,-0.6706747413,-0.0218512528,-0.7383037806,-0.4177373648,0.3903927803,-0.4643696547,-0.0255085826,0.2401941866,-0.0205081701,0.1869543195,0.5712498426,0.7299422026,-0.3258070946,0.0000000000,0.0000000000,0.0000000000,0.0000000000,0.0000000000,0.0000000000,-0.4992828071,0.3632923365,-0.3574327826,0.9852951169,-0.1661613435,-0.0457451344,0.2214813232,0.6837463379,0.0993054211,-0.6883448362,
7007.964,0.1220740378,-0.0610370189,0.9765923023,0.0667745024,0.0034180731,-1.0122379065,-0.1540574431,-0.0406506546,-0.4289681613,0.0035381764,0.0070090122,-0.0142452717,0.0313153341,0.0952061638,-0.9950755239,0.0048005227,-43.4583587646,-41.1999893188,29.4808807373,-0.7108371258,0.0205084383,-0.7278054357,-0.4196905494,0.3907589912,-0.4648579359,-0.0588006973,0.2724180222,-0.0125927329,0.1929887086,0.5717182755,0.7286898494,-0.3242668509,-43.4583587646,-41.1999893188,29.4808807373,-0.7108371258,0.0205084383,-0.7278054357,-0.4196905494,0.3907589912,-0.4648579359,-0.0588006973,0.2724180222,-0.0125927329,0.1929887086,0.5717182755,0.7286898494,-0.3242668509,0.0000000000,0.0000000000,0.0000000000,0.0000000000,0.0000000000,0.0000000000,-0.4992828071,0.3637806475,-0.3554795980,0.9852948189,-0.1661617607,-0.0457451344,0.2217752486,0.6837037802,0.0995970517,-0.6882501841,
7007.977,0.1220740378,-0.1220740378,0.9765923023,0.0670186505,0.0036622211,-1.0113834143,-0.1535691470,-0.0372325815,-0.4340952933,0.0037897751,0.0072491872,-0.0133903027,0.0313121639,0.0951329097,-0.9950826168,0.0047958838,-41.9934692383,-40.2844314575,30.6405830383,-0.7560045123,0.0418713950,-0.7104709148,-0.4213995934,0.3962523341,-0.4626606107,-0.0971036553,0.2836332321,0.0019484162,0.1989880055,0.5722903013,0.7272809744,-0.3227910995,-41.9934692383,-40.2844314575,30.6405830383,-0.7560045123,0.0418713950,-0.7104709148,-0.4213995934,0.3962523341,-0.4626606107,-0.0971036553,0.2836332321,0.0019484162,0.1989880055,0.5722903013,0.7272809744,-0.3227910995,0.0000000000,0.0000000000,0.0000000000,0.0000000000,0.0000000000,0.0000000000,-0.5000152588,0.3637806475,-0.3554795980,0.9852949381,-0.1661622971,-0.0457454324,0.2220672965,0.6836615205,0.0998868123,-0.6881561279,
7007.990,0.1220740378,-0.1220740378,0.9765923023,0.0653096139,0.0057374798,-1.0113834143,-0.1561326981,-0.0423596911,-0.4300668240,0.0020965263,0.0093102483,-0.0133892298,0.0313050225,0.0951213017,-0.9950841069,0.0047876947,-39.4299125671,-36.8663597107,32.4106559753,-0.7759025693,0.0487075411,-0.6954557896,-0.4185918868,0.4007690549,-0.4594866931,-0.1105151772,0.2804367542,0.0142646432,0.2046988457,0.5730988979,0.7257149816,-0.3213069737,-39.4299125671,-36.8663597107,32.4106559753,-0.7759025693,0.0487075411,-0.6954557896,-0.4185918868,0.4007690549,-0.4594866931,-0.1105151772,0.2804367542,0.0142646432,0.2046988457,0.5730988979,0.7257149816,-0.3213069737,0.0000000000,0.0000000000,0.0000000000,0.0000000000,0.0000000000,0.0000000000,-0.4987945259,0.3628040552,-0.3125095367,0.9852947593,-0.1661627740,-0.0457456708,0.2224529982,0.6836053729,0.1002696231,-0.6880316138,
7008.003,0.1220740378,-0.1831110567,0.9155552983,0.0644550920,0.0036622211,-1.0100406408,-0.1550340354,-0.0411389507,-0.4282357395,0.0012721345,0.0072304048,-0.0120446086,0.0312903188,0.0951026604,-0.9950861931,0.0047833892,-34.1807289124,-26.0017700195,35.4014701843,-0.7495346069,0.0473647267,-0.6812952161,-0.4173711240,0.4026001692,-0.4568010569,-0.0790247321,0.2693887353,0.0267049670,0.2094936818,0.5744829178,0.7240257859,-0.3195501566,-34.1807289124,-26.0017700195,35.4014701843,-0.7495346069,0.0473647267,-0.6812952161,-0.4173711240,0.4026001692,-0.4568010569,-0.0790247321,0.2693887353,0.0267049670,0.2094936818,0.5744829178,0.7240257859,-0.3195501566,0.0000000000,0.0000000000,0.0000000000,0.0000000000,0.0000000000,0.0000000000,-0.4980620742,0.3642689288,-0.3105563521,0.9852946401,-0.1661633104,-0.0457458496,0.2228462249,0.6835479140,0.1006599441,-0.6879044175,
7008.016,0.1220740378,-0.1831110567,0.9155552983,0.0639667958,0.0024414808,-1.0112613440,-0.1532029212,-0.0426038392,-0.4276253581,0.0008165613,0.0060111489,-0.0132632256,0.0312739052,0.0951087996,-0.9950862527,0.0047827591,-32.7768783569,-23.0719928741,35.4625091553,-0.7112033367,0.0423596911,-0.6804406643,-0.4182256460,0.4023560286,-0.4522843063,-0.0361259580,0.2548838854,0.0261335373,0.2139602751,0.5759581923,0.7223593593,-0.3177009821,-32.7768783569,-23.0719928741,35.4625091553,-0.7112033367,0.0423596911,-0.6804406643,-0.4182256460,0.4023560286,-0.4522843063,-0.0361259580,0.2548838854,0.0261335373,0.2139602751,0.5759581923,0.7223593593,-0.3177009821,0.0000000000,0.0000000000,0.0000000000,0.0000000000,0.0000000000,0.0000000000,-0.4968413413,0.3642689288,-0.3125095367,0.9852944613,-0.1661638170,-0.0457459688,0.2232334614,0.6834911108,0.1010443568,-0.6877788901,
7008.029,0.1220740378,-0.1220740378,0.9155552983,0.0618915372,0.0026856288,-1.0108951330,-0.1573534310,-0.0404065065,-0.4287240207,-0.0012266450,0.0062555545,-0.0128949881,0.0312580876,0.0950741246,-0.9950900078,0.0047802692,-32.2885818481,-22.9499187469,34.7300643921,-0.6927701831,0.0440687276,-0.6861781478,-0.4185918868,0.4055299461,-0.4510635734,-0.0133227706,0.2472526729,0.0189539194,0.2183206677,0.5773897171,0.7207155824,-0.3158639669,-32.2885818481,-22.9499187469,34.7300643921,-0.6927701831,0.0440687276,-0.6861781478,-0.4185918868,0.4055299461,-0.4510635734,-0.0133227706,0.2472526729,0.0189539194,0.2183206677,0.5773897171,0.7207155824,-0.3158639669,0.0000000000,0.0000000000,0.0000000000,0.0000000000,0.0000000000,0.0000000000,-0.4973296225,0.3691518903,-0.3125095367,0.9852944016,-0.1661643237,-0.0457462072,0.2236325890,0.6834323406,0.1014406234,-0.6876493096,
7008.042,0.1220740378,-0.1831110567,0.9155552983,0.0653096139,0.0034180731,-1.0116275549,-0.1549119502,-0.0384533219,-0.4303109944,0.0022173524,0.0069846446,-0.0136257410,0.0312455837,0.0950204879,-0.9950955510,0.0047756787,-32.1665077209,-25.9407329559,33.9976196289,-0.7673574090,0.0900906399,-0.6999725103,-0.4166387022,0.4055299461,-0.4576555789,-0.0831167102,0.2838664353,0.0031707883,0.2229356468,0.5787165165,0.7189595699,-0.3142102063,-32.1665077209,-25.9407329559,33.9976196289,-0.7673574090,0.0900906399,-0.6999725103,-0.4166387022,0.4055299461,-0.4576555789,-0.0831167102,0.2838664353,0.0031707883,0.2229356468,0.5787165165,0.7189595699,-0.3142102063,0.0000000000,0.0000000000,0.0000000000,0.0000000000,0.0000000000,0.0000000000,-0.4973296225,0.3667104244,-0.3125095367,0.9852942824,-0.1661648452,-0.0457464457,0.2240226567,0.6833746433,0.1018279269,-0.6875224113,
7008.055,0.1220740378,-0.1831110567,0.8545182943,0.0650654659,0.0017090365,-1.0089418888,-0.1555223316,-0.0413830988,-0.4323862493,0.0019993037,0.0052800118,-0.0109384060,0.0312324241,0.0950085595,-0.9950972199,0.0047762520,-30.7626571655,-24.0485858917,35.5235443115,-0.8069093823,0.1093783379,-0.7019256949,-0.4155400395,0.4060182571,-0.4486220777,-0.1180621982,0.2936898470,-0.0007376671,0.2274412662,0.5801875591,0.7170916796,-0.3125323355,-30.7626571655,-24.0485858917,35.5235443115,-0.8069093823,0.1093783379,-0.7019256949,-0.4155400395,0.4060182571,-0.4486220777,-0.1180621982,0.2936898470,-0.0007376671,0.2274412662,0.5801875591,0.7170916796,-0.3125323355,0.0000000000,0.0000000000,0.0000000000,0.0000000000,0.0000000000,0.0000000000,-0.4973296225,0.3676870167,-0.3554795980,0.9852942824,-0.1661653370,-0.0457467437,0.2243160009,0.6833311319,0.1021191403,-0.6874268651,
7008.068,0.1220740378,-0.1831110567,0.9155552983,0.0632343516,0.0031739250,-1.0110172033,-0.1560106277,-0.0430921353,-0.4309213459,0.0002038702,0.0067427293,-0.0130115151,0.0312147234,0.0950126126,-0.9950973392,0.0047735977,-28.9925842285,-20.3863639832,37.6598396301,-0.8135014176,0.1142612994,-0.6988738775,-0.4129764736,0.4085817933,-0.4488662481,-0.1205033660,0.2890729606,0.0006555319,0.2316691130,0.5819196105,0.7151073217,-0.3107486367,-28.9925842285,-20.3863639832,37.6598396301,-0.8135014176,0.1142612994,-0.6988738775,-0.4129764736,0.4085817933,-0.4488662481,-0.1205033660,0.2890729606,0.0006555319,0.2316691130,0.5819196105,0.7151073217,-0.3107486367,0.0000000000,0.0000000000,0.0000000000,0.0000000000,0.0000000000,0.0000000000,-0.4970854819,0.3667104244,-0.3105563521,0.9852941632,-0.1661658585,-0.0457469821,0.2247075140,0.6832728386,0.1025079414,-0.6872990727,
7008.081,0.1220740378,-0.1220740378,0.9155552983,0.0643330216,0.0036622211,-1.0088198185,-0.1556444019,-0.0433362834,-0.4316537976,0.0013213158,0.0072264117,-0.0108129382,0.0312055461,0.0950207785,-0.9950968027,0.0047706622,-24.6589565277,-12.9398479462,41.6272468567,-0.8142338395,0.1218298897,-0.6769005656,-0.4146855175,0.4151737988,-0.4438612163,-0.1179122329,0.2871762812,0.0216291547,0.2353376150,0.5841538310,0.7129327059,-0.3087901175,-24.6589565277,-12.9398479462,41.6272468567,-0.8142338395,0.1218298897,-0.6769005656,-0.4146855175,0.4151737988,-0.4438612163,-0.1179122329,0.2871762812,0.0216291547,0.2353376150,0.5841538310,0.7129327059,-0.3087901175,0.0000000000,0.0000000000,0.0000000000,0.0000000000,0.0000000000,0.0000000000,-0.4968413413,0.3706167936,-0.3125095367,0.9852940440,-0.1661663651,-0.0457471609,0.2251036912,0.6832135916,0.1029014215,-0.6871694922,
7008.094,0.1220740378,-0.1220740378,0.9155552983,0.0604266487,0.0018311106,-1.0097965002,-0.1539353579,-0.0408948027,-0.4293344021,-0.0025468357,0.0053997752,-0.0117872357,0.0311863720,0.0950024799,-0.9950992465,0.0047704941,-22.7057704926,-8.9724416733,42.6038398743,-0.7837153077,0.1173131540,-0.6858119369,-0.4117557406,0.4123660922,-0.4444715679,-0.0847117305,0.2733478546,0.0121812224,0.2386126220,0.5865941644,0.7107375264,-0.3067041039,-22.7057704926,-8.9724416733,42.6038398743,-0.7837153077,0.1173131540,-0.6858119369,-0.4117557406,0.4123660922,-0.4444715679,-0.0847117305,0.2733478546,0.0121812224,0.2386126220,0.5865941644,0.7107375264,-0.3067041039,0.0000000000,0.0000000000,0.0000000000,0.0000000000,0.0000000000,0.0000000000,-0.4978179336,0.3671987057,-0.3554795980,0.9852939844,-0.1661668569,-0.0457473397,0.2253898829,0.6831706762,0.1031856164,-0.6870757341,
7008.107,0.1220740378,0.0000000000,0.9765923023,0.0605487227,0.0042725913,-1.0101627111,-0.1534470618,-0.0443128757,-0.4213995934,-0.0024084300,0.0078343069,-0.0121523738,0.0311784483,0.0950273052,-0.9950969815,0.0047670347,-22.0343647003,-6.6530351639,42.7869491577,-0.7607654333,0.1156041175,-0.6963103414,-0.4127323329,0.4167607725,-0.4442274272,-0.0595278740,0.2624143958,0.0014431477,0.2416563481,0.5891059041,0.7085723281,-0.3045085371,-22.0343647003,-6.6530351639,42.7869491577,-0.7607654333,0.1156041175,-0.6963103414,-0.4127323329,0.4167607725,-0.4442274272,-0.0595278740,0.2624143958,0.0014431477,0.2416563481,0.5891059041,0.7085723281,-0.3045085371,0.0000000000,0.0000000000,0.0000000000,0.0000000000,0.0000000000,0.0000000000,-0.4963530302,0.3671987057,-0.3105563521,0.9852938652,-0.1661673486,-0.0457475185,0.2257778198,0.6831122637,0.1035709754,-0.6869484186,
7008.120,0.1831110567,0.1220740378,0.9155552983,0.0623798333,0.0003662221,-1.0096743107,-0.1530808508,-0.0432142094,-0.4281136394,-0.0005915798,0.0039502964,-0.0116649270,0.0311844163,0.0950422958,-0.9950954318,0.0047793160,-23.0109558105,-7.6296272278,43.1531715393,-0.7508773804,0.1449018866,-0.7005829215,-0.4071169198,0.4171269834,-0.4423963130,-0.0473875999,0.2822145820,-0.0031627417,0.2448233515,0.5916066170,0.7063678503,-0.3022440076,-23.0109558105,-7.6296272278,43.1531715393,-0.7508773804,0.1449018866,-0.7005829215,-0.4071169198,0.4171269834,-0.4423963130,-0.0473875999,0.2822145820,-0.0031627417,0.2448233515,0.5916066170,0.7063678503,-0.3022440076,0.0000000000,0.0000000000,0.0000000000,0.0000000000,0.0000000000,0.0000000000,-0.4968413413,0.3686636090,-0.3535264134,0.9852939248,-0.1661678702,-0.0457478762,0.2260694951,0.6830682755,0.1038606539,-0.6868526340,
7008.133,0.1220740378,0.1220740378,0.9765923023,0.0622577593,0.0029297769,-1.0105289221,-0.1518601030,-0.0393078402,-0.4243293703,-0.0007269159,0.0065134680,-0.0125203729,0.0311912280,0.0950044766,-0.9950987697,0.0047785728,-23.3771781921,-8.6062192917,43.7025070190,-0.7485579848,0.1532029212,-0.7015594840,-0.4085817933,0.4171269834,-0.4411755800,-0.0427814126,0.2808956504,-0.0046220422,0.2480738759,0.5940843225,0.7041140199,-0.2999843359,-23.3771781921,-8.6062192917,43.7025070190,-0.7485579848,0.1532029212,-0.7015594840,-0.4085817933,0.4171269834,-0.4411755800,-0.0427814126,0.2808956504,-0.0046220422,0.2480738759,0.5940843225,0.7041140199,-0.2999843359,0.0000000000,0.0000000000,0.0000000000,0.0000000000,0.0000000000,0.0000000000,-0.4975737929,0.3676870167,-0.3125095367,0.9852937460,-0.1661683768,-0.0457480550,0.2264499217,0.6830105782,0.1042386070,-0.6867273450,
7008.146,0.1831110567,0.1831110567,0.9765923023,0.0621356852,0.0026856288,-1.0121158361,-0.1541795135,-0.0412610248,-0.4283578098,-0.0008717589,0.0062808036,-0.0141087770,0.0312021207,0.0949853212,-0.9951003194,0.0047847745,-24.0485858917,-9.8269596100,43.8245811462,-0.7308572531,0.1492965519,-0.7097384334,-0.4116336703,0.4189580977,-0.4395886064,-0.0228005648,0.2673148215,-0.0134083629,0.2513866723,0.5964943171,0.7018572092,-0.2977241874,-24.0485858917,-9.8269596100,43.8245811462,-0.7308572531,0.1492965519,-0.7097384334,-0.4116336703,0.4189580977,-0.4395886064,-0.0228005648,0.2673148215,-0.0134083629,0.2513866723,0.5964943171,0.7018572092,-0.2977241874,0.0000000000,0.0000000000,0.0000000000,0.0000000000,0.0000000000,0.0000000000,-0.4358043075,0.3662221134,-0.3125095367,0.9852936268,-0.1661689132,-0.0457481742,0.2268609107,0.6829480529,0.1046469808,-0.6865917444,
7008.159,0.1220740378,0.1831110567,1.0376293659,0.0645771697,0.0029297769,-1.0101627111,-0.1530808508,-0.0417493209,-0.4317758679,0.0015345141,0.0065251878,-0.0121579170,0.0312197339,0.0949695185,-0.9951012135,0.0047860746,-25.5745105743,-14.2216253281,44.0076904297,-0.8082522154,0.1580858827,-0.7058320642,-0.4062623978,0.4216437340,-0.4339731932,-0.0972912312,0.2662481368,-0.0108614564,0.2551186979,0.5987151265,0.6994779706,-0.2956841588,-25.5745105743,-14.2216253281,44.0076904297,-0.8082522154,0.1580858827,-0.7058320642,-0.4062623978,0.4216437340,-0.4339731932,-0.0972912312,0.2662481368,-0.0108614564,0.2551186979,0.5987151265,0.6994779706,-0.2956841588,0.0000000000,0.0000000000,0.0000000000,0.0000000000,0.0000000000,0.0000000000,-0.4350718856,0.3676870167,-0.3086031675,0.9852935672,-0.1661695093,-0.0457484722,0.2272839993,0.6828834414,0.1050674170,-0.6864519119,
7008.172,0.1831110567,0.1831110567,1.0376293659,0.0650654659,0.0023194067,-1.0116275549,-0.1532029212,-0.0405285805,-0.4237189889,0.0019858405,0.0059287278,-0.0136250854,0.0312376488,0.0949392617,-0.9951034784,0.0047938130,-24.6589565277,-13.0619220734,45.1063575745,-0.8150883317,0.1751762480,-0.7097384334,-0.4055299461,0.4209112823,-0.4369029701,-0.1014368534,0.2734184265,-0.0160529017,0.2587541342,0.6010510325,0.6970111728,-0.2936043739,-24.6589565277,-13.0619220734,45.1063575745,-0.8150883317,0.1751762480,-0.7097384334,-0.4055299461,0.4209112823,-0.4369029701,-0.1014368534,0.2734184265,-0.0160529017,0.2587541342,0.6010510325,0.6970111728,-0.2936043739,0.0000000000,0.0000000000,0.0000000000,0.0000000000,0.0000000000,0.0000000000,-0.4353160262,0.3691518903,-0.3066499829,0.9852933288,-0.1661700308,-0.0457485914,0.2277137339,0.6828174591,0.1054945216,-0.6863095164,
7008.185,0.1220740378,0.1220740378,1.0376293659,0.0666524246,0.0056154057,-1.0119937658,-0.1547898799,-0.0427259132,-0.4287240207,0.0035389438,0.0092116874,-0.0139933825,0.0312551707,0.0949322507,-0.9951037169,0.0047887112,-23.5602893829,-10.1321449280,46.3881340027,-0.8095950484,0.2027649730,-0.6913052797,-0.4021118879,0.4261604548,-0.4322641790,-0.0936499238,0.2909601927,0.0013664961,0.2622196376,0.6035529375,0.6944809556,-0.2913845778,-23.5602893829,-10.1321449280,46.3881340027,-0.8095950484,0.2027649730,-0.6913052797,-0.4021118879,0.4261604548,-0.4322641790,-0.0936499238,0.2909601927,0.0013664961,0.2622196376,0.6035529375,0.6944809556,-0.2913845778,0.0000000000,0.0000000000,0.0000000000,0.0000000000,0.0000000000,0.0000000000,-0.4372692108,0.3667104244,-0.3066499829,0.9852932096,-0.1661705524,-0.0457487702,0.2281333357,0.6827527881,0.1059115976,-0.6861702204,
7008.198,0.1220740378,0.1220740378,0.9765923023,0.0655537620,0.0054933317,-1.0117496252,-0.1552781761,-0.0402844325,-0.4318979383,0.0024119169,0.0090765636,-0.0137509704,0.0312701054,0.0948965698,-0.9951065183,0.0047824443,-21.1188087463,-1.2207404375,47.0595397949,-0.7207251191,0.2064272016,-0.6848353744,-0.3979613781,0.4281136394,-0.4294564724,-0.0038337111,0.2847434282,0.0080448985,0.2649455369,0.6063984632,0.6920729876,-0.2887277305,-21.1188087463,-1.2207404375,47.0595397949,-0.7207251191,0.2064272016,-0.6848353744,-0.3979613781,0.4281136394,-0.4294564724,-0.0038337111,0.2847434282,0.0080448985,0.2649455369,0.6063984632,0.6920729876,-0.2887277305,0.0000000000,0.0000000000,0.0000000000,0.0000000000,0.0000000000,0.0000000000,-0.4370250702,0.3671987057,-0.3066499829,0.9852931499,-0.1661711484,-0.0457490087,0.2285523415,0.6826879978,0.1063281149,-0.6860308647,
7008.211,0.1831110567,0.0610370189,1.0376293659,0.0677510947,0.0037842952,-1.0116275549,-0.1546678096,-0.0448011719,-0.4343394339,0.0045808032,0.0073742899,-0.0136307478,0.0312838629,0.0949158967,-0.9951044321,0.0047877724,-21.9122905731,-0.3662221134,45.5336151123,-0.6801965237,0.1976378709,-0.6844691038,-0.3991821110,0.4281136394,-0.4304330647,0.0373252034,0.2662221789,0.0087901354,0.2675536275,0.6091397405,0.6897987723,-0.2859815061,-21.9122905731,-0.3662221134,45.5336151123,-0.6801965237,0.1976378709,-0.6844691038,-0.3991821110,0.4281136394,-0.4304330647,0.0373252034,0.2662221789,0.0087901354,0.2675536275,0.6091397405,0.6897987723,-0.2859815061,0.0000000000,0.0000000000,0.0000000000,0.0000000000,0.0000000000,0.0000000000,-0.4345835745,0.3676870167,-0.3066499829,0.9852929711,-0.1661716998,-0.0457492471,0.2289720327,0.6826227903,0.1067453548,-0.6858909726,
7008.224,0.1220740378,0.0000000000,1.0376293659,0.0690939054,0.0050050355,-1.0113834143,-0.1519821733,-0.0430921353,-0.4303109944,0.0058993250,0.0085851029,-0.0133880973,0.0312964171,0.0949218273,-0.9951032996,0.0047841733,-23.5602893829,-2.8687398434,43.7025070190,-0.6991180182,0.2136295736,-0.6783654094,-0.3949095011,0.4320200086,-0.4297006130,0.0192917585,0.2724844515,0.0148683190,0.2703840435,0.6116489172,0.6875654459,-0.2833294570,-23.5602893829,-2.8687398434,43.7025070190,-0.6991180182,0.2136295736,-0.6783654094,-0.3949095011,0.4320200086,-0.4297006130,0.0192917585,0.2724844515,0.0148683190,0.2703840435,0.6116489172,0.6875654459,-0.2833294570,0.0000000000,0.0000000000,0.0000000000,0.0000000000,0.0000000000,0.0000000000,-0.4365367591,0.3725699782,-0.3105563521,0.9852929115,-0.1661722660,-0.0457494259,0.2293922901,0.6825572252,0.1071632132,-0.6857506037,
7008.237,0.1220740378,0.0000000000,1.0376293659,0.0673848689,0.0030518509,-1.0121158361,-0.1540574431,-0.0415051728,-0.4278694987,0.0041747168,0.0066316929,-0.0141215324,0.0313042849,0.0949011445,-0.9951051474,0.0047841510,-24.3537712097,-1.7090365887,41.1999893188,-0.6943571568,0.2367015630,-0.6920377016,-0.3955198824,0.4336069822,-0.4287240207,0.0246483088,0.2859842181,0.0013250113,0.2731179893,0.6140110493,0.6855038404,-0.2805801630,-24.3537712097,-1.7090365887,41.1999893188,-0.6943571568,0.2367015630,-0.6920377016,-0.3955198824,0.4336069822,-0.4287240207,0.0246483088,0.2859842181,0.0013250113,0.2731179893,0.6140110493,0.6855038404,-0.2805801630,0.0000000000,0.0000000000,0.0000000000,0.0000000000,0.0000000000,0.0000000000,-0.4343394339,0.3686636090,-0.3086031675,0.9852928519,-0.1661728323,-0.0457496643,0.2298057377,0.6824924946,0.1075743362,-0.6856122613,
7008.250,0.1220740378,-0.0610370189,1.0376293659,0.0692159832,0.0018311106,-1.0116275549,-0.1539353579,-0.0407727286,-0.4318979383,0.0059918612,0.0054167467,-0.0136341453,0.0313111283,0.0948702469,-0.9951077104,0.0047867307,-25.3303623199,-0.6714072227,40.2233963013,-0.7249976993,0.2547685206,-0.7046113610,-0.3899044693,0.4332407713,-0.4233527780,-0.0055669546,0.2944760621,-0.0110753775,0.2758356035,0.6162918806,0.6835173965,-0.2777530253,-25.3303623199,-0.6714072227,40.2233963013,-0.7249976993,0.2547685206,-0.7046113610,-0.3899044693,0.4332407713,-0.4233527780,-0.0055669546,0.2944760621,-0.0110753775,0.2758356035,0.6162918806,0.6835173965,-0.2777530253,0.0000000000,0.0000000000,0.0000000000,0.0000000000,0.0000000000,0.0000000000,-0.4340952933,0.3715933859,-0.3086031675,0.9852927923,-0.1661733687,-0.0457500815,0.2302253544,0.6824265122,0.1079916358,-0.6854715943,
7008.263,0.1220740378,-0.1220740378,1.0376293659,0.0688497573,0.0008545183,-1.0111392736,-0.1558885425,-0.0391857661,-0.4237189889,0.0056239590,0.0044507394,-0.0131460428,0.0313117206,0.0948150307,-0.9951130748,0.0047903424,-25.7576217651,1.7700735331,39.9792480469,-0.7188940048,0.2634357810,-0.7053437829,-0.3916135132,0.4351939559,-0.4226203263,0.0005708933,0.2935467064,-0.0113605857,0.2784152627,0.6185843945,0.6816074252,-0.2747604847,-25.7576217651,1.7700735331,39.9792480469,-0.7188940048,0.2634357810,-0.7053437829,-0.3916135132,0.4351939559,-0.4226203263,0.0005708933,0.2935467064,-0.0113605857,0.2784152627,0.6185843945,0.6816074252,-0.2747604847,0.0000000000,0.0000000000,0.0000000000,0.0000000000,0.0000000000,0.0000000000,-0.4360484779,0.3730582595,-0.3105563521,0.9852926731,-0.1661739051,-0.0457503796,0.2306409031,0.6823608875,0.1084049419,-0.6853320003,
7008.276,0.1220740378,-0.1831110567,1.0376293659,0.0687276870,0.0046388134,-1.0128482580,-0.1567430645,-0.0418713950,-0.4314096570,0.0055120513,0.0082269227,-0.0148543119,0.0313071571,0.0947912037,-0.9951154590,0.0047850707,-27.5887317657,0.9155552983,37.9650268555,-0.6747031808,0.2638019919,-0.7049775720,-0.3892941177,0.4371471405,-0.4250617921,0.0447090268,0.2843523026,-0.0105909705,0.2810358107,0.6207029223,0.6798272133,-0.2717086077,-27.5887317657,0.9155552983,37.9650268555,-0.6747031808,0.2638019919,-0.7049775720,-0.3892941177,0.4371471405,-0.4250617921,0.0447090268,0.2843523026,-0.0105909705,0.2810358107,0.6207029223,0.6798272133,-0.2717086077,0.0000000000,0.0000000000,0.0000000000,0.0000000000,0.0000000000,0.0000000000,-0.4372692108,0.3725699782,-0.3105563521,0.9852926731,-0.1661744565,-0.0457505584,0.2310523093,0.6822956800,0.1088141650,-0.6851934791,
7008.289,0.1220740378,-0.2441480756,0.9765923023,0.0646992400,0.0031739250,-1.0108951330,-0.1543015838,-0.0411389507,-0.4243293703,0.0015234724,0.0067604748,-0.0128986835,0.0312874541,0.0947718024,-0.9951179028,0.0047817882,-29.0536212921,-1.5869624615,36.3780632019,-0.6655476689,0.2667317688,-0.6972869039,-0.3869746923,0.4367808998,-0.4221320152,0.0540342331,0.2777588964,-0.0028595924,0.2838369906,0.6226107478,0.6780953407,-0.2687432170,-29.0536212921,-1.5869624615,36.3780632019,-0.6655476689,0.2667317688,-0.6972869039,-0.3869746923,0.4367808998,-0.4221320152,0.0540342331,0.2777588964,-0.0028595924,0.2838369906,0.6226107478,0.6780953407,-0.2687432170,0.0000000000,0.0000000000,0.0000000000,0.0000000000,0.0000000000,0.0000000000,-0.4360484779,0.3730582595,-0.3125095367,0.9852924943,-0.1661750227,-0.0457507968,0.2314588726,0.6822309494,0.1092186049,-0.6850563288,
7008.302,0.0610370189,-0.2441480756,0.9765923023,0.0651875362,0.0010986663,-1.0129703283,-0.1534470618,-0.0408948027,-0.4290902317,0.0020496696,0.0046832827,-0.0149714351,0.0312687531,0.0947503969,-0.9951206446,0.0047783502,-30.5185089111,-4.1505174637,34.6079902649,-0.6469923854,0.2745445073,-0.6927701831,-0.3836787045,0.4386120141,-0.4204230011,0.0729618669,0.2760800719,0.0013570786,0.2868087888,0.6243138313,0.6764167547,-0.2658516169,-30.5185089111,-4.1505174637,34.6079902649,-0.6469923854,0.2745445073,-0.6927701831,-0.3836787045,0.4386120141,-0.4204230011,0.0729618669,0.2760800719,0.0013570786,0.2868087888,0.6243138313,0.6764167547,-0.2658516169,0.0000000000,0.0000000000,0.0000000000,0.0000000000,0.0000000000,0.0000000000,-0.4350718856,0.3686636090,-0.3125095367,0.9852923751,-0.1661755890,-0.0457509756,0.2318518013,0.6821681857,0.1096095070,-0.6849235296,
7008.315,0.0610370189,-0.3051851094,0.9765923023,0.0643330216,0.0042725913,-1.0097965002,-0.1544236541,-0.0428479873,-0.4325083196,0.0012467206,0.0078395698,-0.0117943287,0.0312438849,0.0947513804,-0.9951213002,0.0047671478,-32.8989524841,-6.2257757187,31.8613243103,-0.6841028929,0.3122653961,-0.6975310445,-0.3850215077,0.4409314394,-0.4134647548,0.0364896059,0.3042795062,-0.0041104555,0.2900395095,0.6257074475,0.6748661399,-0.2629957795,-32.8989524841,-6.2257757187,31.8613243103,-0.6841028929,0.3122653961,-0.6975310445,-0.3850215077,0.4409314394,-0.4134647548,0.0364896059,0.3042795062,-0.0041104555,0.2900395095,0.6257074475,0.6748661399,-0.2629957795,0.0000000000,0.0000000000,0.0000000000,0.0000000000,0.0000000000,0.0000000000,-0.4370250702,0.3667104244,-0.2968840599,0.9852921963,-0.1661760956,-0.0457511544,0.2322753668,0.6821001768,0.1100309715,-0.6847800612,
7008.328,0.0610370189,-0.3051851094,0.9155552983,0.0634784997,0.0008545183,-1.0101627111,-0.1544236541,-0.0407727286,-0.4270149767,0.0004477724,0.0044201654,-0.0121569633,0.0312163420,0.0947316810,-0.9951241612,0.0047632251,-33.2651748657,-4.6998505592,31.0678424835,-0.7049775720,0.3253273070,-0.6898403764,-0.3845332265,0.4425183833,-0.4102908373,0.0160713792,0.3078778088,0.0029321313,0.2932106555,0.6270477772,0.6733803749,-0.2600793540,-33.2651748657,-4.6998505592,31.0678424835,-0.7049775720,0.3253273070,-0.6898403764,-0.3845332265,0.4425183833,-0.4102908373,0.0160713792,0.3078778088,0.0029321313,0.2932106555,0.6270477772,0.6733803749,-0.2600793540,0.0000000000,0.0000000000,0.0000000000,0.0000000000,0.0000000000,0.0000000000,-0.4345835745,0.3720816672,-0.3105563521,0.9852920771,-0.1661766320,-0.0457513928,0.2326787114,0.6820352077,0.1104323417,-0.6846432090,
7008.341,0.1220740378,-0.3051851094,0.9765923023,0.0595721304,0.0009765923,-1.0099185705,-0.1540574431,-0.0380870998,-0.4279915690,-0.0033840761,0.0045516016,-0.0119081736,0.0311790425,0.0946723968,-0.9951308966,0.0047624884,-32.7158432007,-1.4038513899,30.5795459747,-0.7298806906,0.3316751719,-0.6794641018,-0.3806268573,0.4400769174,-0.4102908373,-0.0087537766,0.3049249053,0.0129306316,0.2961657345,0.6284272671,0.6719526649,-0.2570768595,-32.7158432007,-1.4038513899,30.5795459747,-0.7298806906,0.3316751719,-0.6794641018,-0.3806268573,0.4400769174,-0.4102908373,-0.0087537766,0.3049249053,0.0129306316,0.2961657345,0.6284272671,0.6719526649,-0.2570768595,0.0000000000,0.0000000000,0.0000000000,0.0000000000,0.0000000000,0.0000000000,-0.4353160262,0.3701284826,-0.2949308753,0.9852919579,-0.1661771983,-0.0457516313,0.2331136763,0.6819648743,0.1108652353,-0.6844953299,
7008.354,0.0610370189,-0.2441480756,0.9155552983,0.0636005774,0.0030518509,-1.0118716955,-0.1539353579,-0.0413830988,-0.4249397218,0.0006885976,0.0066146320,-0.0138584971,0.0311576203,0.0946632251,-0.9951324463,0.0047540120,-29.4808807373,9.0945158005,29.3588066101,-0.7228003740,0.3288674653,-0.6806848645,-0.3780632913,0.4471572042,-0.4076052010,-0.0029352307,0.2934143245,0.0126309395,0.2982715964,0.6300361156,0.6707877517,-0.2537245452,-29.4808807373,9.0945158005,29.3588066101,-0.7228003740,0.3288674653,-0.6806848645,-0.3780632913,0.4471572042,-0.4076052010,-0.0029352307,0.2934143245,0.0126309395,0.2982715964,0.6300361156,0.6707877517,-0.2537245452,0.0000000000,0.0000000000,0.0000000000,0.0000000000,0.0000000000,0.0000000000,-0.4362926185,0.3696402013,-0.3105563521,0.9852920175,-0.1661777794,-0.0457521081,0.2335050702,0.6819013953,0.1112547666,-0.6843620539,
7008.367,0.0610370189,-0.1831110567,0.9155552983,0.0625019073,0.0043946654,-1.0124820471,-0.1538132876,-0.0391857661,-0.4290902317,-0.0003711209,0.0079386570,-0.0144662857,0.0311392788,0.0946247354,-0.9951367378,0.0047416012,-28.3211765289,13.1839962006,28.6263618469,-0.6801965237,0.3161717653,-0.6782433391,-0.3740348518,0.4480117261,-0.4104129076,0.0377737880,0.2723021209,0.0165535808,0.2999898791,0.6317350268,0.6697409153,-0.2502151132,-28.3211765289,13.1839962006,28.6263618469,-0.6801965237,0.3161717653,-0.6782433391,-0.3740348518,0.4480117261,-0.4104129076,0.0377737880,0.2723021209,0.0165535808,0.2999898791,0.6317350268,0.6697409153,-0.2502151132,0.0000000000,0.0000000000,0.0000000000,0.0000000000,0.0000000000,0.0000000000,-0.4350718856,0.3706167936,-0.3086031675,0.9852918386,-0.1661783308,-0.0457522869,0.2339027077,0.6818366051,0.1116505787,-0.6842263341,
7008.380,0.0610370189,-0.1220740378,0.9155552983,0.0582293160,0.0039063692,-1.0097965002,-0.1529587656,-0.0405285805,-0.4292123318,-0.0045953579,0.0074340138,-0.0117776990,0.0311160367,0.0946066752,-0.9951392412,0.0047306013,-28.4432506561,13.4281444550,27.4666576385,-0.6414990425,0.3187353015,-0.6759239435,-0.3717154562,0.4480117261,-0.4107791483,0.0744199157,0.2665673196,0.0204140544,0.3016361594,0.6333761215,0.6687656641,-0.2466710806,-28.4432506561,13.4281444550,27.4666576385,-0.6414990425,0.3187353015,-0.6759239435,-0.3717154562,0.4480117261,-0.4107791483,0.0744199157,0.2665673196,0.0204140544,0.3016361594,0.6333761215,0.6687656641,-0.2466710806,0.0000000000,0.0000000000,0.0000000000,0.0000000000,0.0000000000,0.0000000000,-0.4355601668,0.3681752980,-0.3066499829,0.9852917194,-0.1661788374,-0.0457525849,0.2342961282,0.6817722321,0.1120422259,-0.6840918064,
7008.393,0.0610370189,-0.0610370189,0.9155552983,0.0632343516,0.0018311106,-1.0113834143,-0.1522263288,-0.0429700613,-0.4264046252,0.0004229769,0.0053527649,-0.0133637190,0.0311096087,0.0946237817,-0.9951379299,0.0047275214,-29.2977695465,11.6580705643,26.0628070831,-0.6106143594,0.3258156180,-0.6646931171,-0.3729361892,0.4481337965,-0.4150517285,0.1033846736,0.2653822601,0.0329461694,0.3033900559,0.6348797679,0.6678255796,-0.2431765646,-29.2977695465,11.6580705643,26.0628070831,-0.6106143594,0.3258156180,-0.6646931171,-0.3729361892,0.4481337965,-0.4150517285,0.1033846736,0.2653822601,0.0329461694,0.3033900559,0.6348797679,0.6678255796,-0.2431765646,0.0000000000,0.0000000000,0.0000000000,0.0000000000,0.0000000000,0.0000000000,-0.4353160262,0.3696402013,-0.2968840599,0.9852916002,-0.1661794037,-0.0457528830,0.2347165346,0.6817032099,0.1124607995,-0.6839478016,
7008.406,0.0610370189,-0.1220740378,0.8545182943,0.0609149449,0.0062257759,-1.0115054846,-0.1505172849,-0.0433362834,-0.4182256460,-0.0018611439,0.0097191017,-0.0134834647,0.0310931988,0.0946586579,-0.9951351285,0.0047128308,-32.1054725647,6.2257757187,23.5602893829,-0.6070742011,0.3320413828,-0.6570024490,-0.3680532277,0.4472792745,-0.4107791483,0.1056643128,0.2633114755,0.0411573648,0.3055711687,0.6360300779,0.6669253111,-0.2398881763,-32.1054725647,6.2257757187,23.5602893829,-0.6070742011,0.3320413828,-0.6570024490,-0.3680532277,0.4472792745,-0.4107791483,0.1056643128,0.2633114755,0.0411573648,0.3055711687,0.6360300779,0.6669253111,-0.2398881763,0.0000000000,0.0000000000,0.0000000000,0.0000000000,0.0000000000,0.0000000000,-0.4340952933,0.3706167936,-0.2968840599,0.9852915406,-0.1661799699,-0.0457531214,0.2351382375,0.6816337109,0.1128807142,-0.6838030219,
7008.419,0.1220740378,0.0000000000,0.8545182943,0.0609149449,0.0036622211,-1.0102847815,-0.1513718069,-0.0469985045,-0.4234748483,-0.0018476881,0.0071506267,-0.0122619271,0.0310863480,0.0947378799,-0.9951279163,0.0047122161,-33.9976196289,-0.0610370189,23.8654747009,-0.7007049918,0.3789178133,-0.6170842648,-0.3702505529,0.4502090514,-0.4010132253,0.0118255019,0.3015229106,0.0803809166,0.3084375858,0.6369121671,0.6658220887,-0.2369254529,-33.9976196289,-0.0610370189,23.8654747009,-0.7007049918,0.3789178133,-0.6170842648,-0.3702505529,0.4502090514,-0.4010132253,0.0118255019,0.3015229106,0.0803809166,0.3084375858,0.6369121671,0.6658220887,-0.2369254529,0.0000000000,0.0000000000,0.0000000000,0.0000000000,0.0000000000,0.0000000000,-0.4340952933,0.3720816672,-0.2929776907,0.9852914214,-0.1661805212,-0.0457533598,0.2355719507,0.6815619469,0.1133126393,-0.6836538315,
7008.432,0.1220740378,0.0610370189,0.9155552983,0.0590838343,0.0043946654,-1.0082094669,-0.1529587656,-0.0450453199,-0.4293344021,-0.0036675557,0.0078751743,-0.0101858377,0.0310809277,0.0947792158,-0.9951239824,0.0047090417,-32.6548042297,-1.2207404375,26.2459182739,-0.7574694157,0.4104129076,-0.5819269419,-0.3654896617,0.4508194327,-0.4004028440,-0.0448775887,0.3241692781,0.1144371033,0.3114587367,0.6379092932,0.6644527912,-0.2341183871,-32.6548042297,-1.2207404375,26.2459182739,-0.7574694157,0.4104129076,-0.5819269419,-0.3654896617,0.4508194327,-0.4004028440,-0.0448775887,0.3241692781,0.1144371033,0.3114587367,0.6379092932,0.6644527912,-0.2341183871,0.0000000000,0.0000000000,0.0000000000,0.0000000000,0.0000000000,0.0000000000,-0.4358043075,0.3715933859,-0.2910245061,0.9852913618,-0.1661811024,-0.0457537174,0.2360063046,0.6814898252,0.1137452424,-0.6835041046,
7008.445,0.1831110567,0.1831110567,0.9155552983,0.0592059083,0.0054933317,-1.0097965002,-0.1527146250,-0.0446790978,-0.4277474284,-0.0035557486,0.0089712162,-0.0117735267,0.0310859848,0.0948169976,-0.9951203465,0.0047094021,-26.0017700195,8.1789608002,29.4198436737,-0.6754356623,0.4036988318,-0.5837580562,-0.3678090870,0.4526505470,-0.4007690549,0.0357828140,0.3089838624,0.1129092574,0.3135475814,0.6394916773,0.6630443931,-0.2309854180,-26.0017700195,8.1789608002,29.4198436737,-0.6754356623,0.4036988318,-0.5837580562,-0.3678090870,0.4526505470,-0.4007690549,0.0357828140,0.3089838624,0.1129092574,0.3135475814,0.6394916773,0.6630443931,-0.2309854180,0.0000000000,0.0000000000,0.0000000000,0.0000000000,0.0000000000,0.0000000000,-0.4348277152,0.3706167936,-0.2929776907,0.9852912426,-0.1661816984,-0.0457539558,0.2364311963,0.6814189553,0.1141684577,-0.6833573580,
7008.458,0.1831110567,0.1831110567,0.9155552983,0.0625019073,0.0040284432,-1.0088198185,-0.1529587656,-0.0429700613,-0.4242072701,-0.0002864748,0.0075109466,-0.0107985139,0.0310990158,0.0948320702,-0.9951184392,0.0047134445,-24.5368824005,11.2308111191,28.6263618469,-0.6240425110,0.3962523341,-0.6095156670,-0.3629261255,0.4519180954,-0.4043092132,0.0852031708,0.2933829725,0.0880055428,0.3152481616,0.6411731839,0.6617408991,-0.2277235538,-24.5368824005,11.2308111191,28.6263618469,-0.6240425110,0.3962523341,-0.6095156670,-0.3629261255,0.4519180954,-0.4043092132,0.0852031708,0.2933829725,0.0880055428,0.3152481616,0.6411731839,0.6617408991,-0.2277235538,0.0000000000,0.0000000000,0.0000000000,0.0000000000,0.0000000000,0.0000000000,-0.4358043075,0.3706167936,-0.2929776907,0.9852910638,-0.1661822200,-0.0457541347,0.2368533462,0.6813482046,0.1145890057,-0.6832112074,
7008.471,0.1831110567,0.3051851094,0.9155552983,0.0628681332,0.0015869625,-1.0106509924,-0.1532029212,-0.0429700613,-0.4245735109,0.0000306442,0.0050861631,-0.0126328468,0.0311226342,0.0948459506,-0.9951163530,0.0047245291,-24.8420658112,11.5970335007,26.6731777191,-0.5818048716,0.3801385462,-0.6404004097,-0.3618274629,0.4511856437,-0.4007690549,0.1252313852,0.2694233656,0.0581614375,0.3167871535,0.6427429318,0.6606103182,-0.2244214267,-24.8420658112,11.5970335007,26.6731777191,-0.5818048716,0.3801385462,-0.6404004097,-0.3618274629,0.4511856437,-0.4007690549,0.1252313852,0.2694233656,0.0581614375,0.3167871535,0.6427429318,0.6606103182,-0.2244214267,0.0000000000,0.0000000000,0.0000000000,0.0000000000,0.0000000000,0.0000000000,-0.4350718856,0.3715933859,-0.2949308753,0.9852909446,-0.1661827862,-0.0457544327,0.2372714132,0.6812779307,0.1150055155,-0.6830662489,
7008.484,0.1831110567,0.3051851094,0.9155552983,0.0657979101,0.0036622211,-1.0116275549,-0.1541795135,-0.0416272469,-0.4287240207,0.0028974637,0.0071678106,-0.0136134028,0.0311537497,0.0948382393,-0.9951160550,0.0047304649,-29.4198436737,3.6011841297,21.1798458099,-0.5750907660,0.3988158703,-0.6694540381,-0.3571886420,0.4558244646,-0.4028443396,0.1306936741,0.2803673446,0.0291053653,0.3188943267,0.6437327266,0.6596450806,-0.2214197516,-29.4198436737,3.6011841297,21.1798458099,-0.5750907660,0.3988158703,-0.6694540381,-0.3571886420,0.4558244646,-0.4028443396,0.1306936741,0.2803673446,0.0291053653,0.3188943267,0.6437327266,0.6596450806,-0.2214197516,0.0000000000,0.0000000000,0.0000000000,0.0000000000,0.0000000000,0.0000000000,-0.4370250702,0.3715933859,-0.2949308753,0.9852908850,-0.1661833376,-0.0457547307,0.2376862168,0.6812079549,0.1154188216,-0.6829221249,
7008.497,0.1831110567,0.2441480756,0.9765923023,0.0654316843,0.0014648885,-1.0117496252,-0.1536912173,-0.0378429517,-0.4331187010,0.0024810955,0.0049883612,-0.0137387514,0.0311781894,0.0947755054,-0.9951212406,0.0047397893,-31.5561389923,-1.2817773819,19.8370304108,-0.6324656010,0.4536271393,-0.6310006976,-0.3547471464,0.4558244646,-0.3947874308,0.0728870630,0.3271820545,0.0665926933,0.3215555549,0.6444318891,0.6585952640,-0.2186443210,-31.5561389923,-1.2817773819,19.8370304108,-0.6324656010,0.4536271393,-0.6310006976,-0.3547471464,0.4558244646,-0.3947874308,0.0728870630,0.3271820545,0.0665926933,0.3215555549,0.6444318891,0.6585952640,-0.2186443210,0.0000000000,0.0000000000,0.0000000000,0.0000000000,0.0000000000,0.0000000000,-0.4370250702,0.3706167936,-0.2929776907,0.9852907658,-0.1661839038,-0.0457549691,0.2381013185,0.6811376214,0.1158324704,-0.6827775836,
7008.510,0.1831110567,0.3051851094,0.9155552983,0.0650654659,0.0029297769,-1.0105289221,-0.1522263288,-0.0391857661,-0.4203009009,0.0020557344,0.0064631347,-0.0125218034,0.0312073529,0.0947430134,-0.9951233864,0.0047465046,-31.4951019287,-3.0518510342,20.0201416016,-0.6848353744,0.4906155467,-0.5778985023,-0.3530381322,0.4560686052,-0.3986938000,0.0205042958,0.3560587168,0.1181894541,0.3244678080,0.6450763345,0.6573919058,-0.2160478234,-31.4951019287,-3.0518510342,20.0201416016,-0.6848353744,0.4906155467,-0.5778985023,-0.3530381322,0.4560686052,-0.3986938000,0.0205042958,0.3560587168,0.1181894541,0.3244678080,0.6450763345,0.6573919058,-0.2160478234,0.0000000000,0.0000000000,0.0000000000,0.0000000000,0.0000000000,0.0000000000,-0.4345835745,0.5000152588,-0.2968840599,0.9852909446,-0.1661846638,-0.0457555652,0.2387925833,0.6810200810,0.1165215746,-0.6825363636,
7008.523,0.1220740378,0.3051851094,0.9155552983,0.0631122813,0.0024414808,-1.0106509924,-0.1556444019,-0.0380870998,-0.4270149767,0.0000533611,0.0059764623,-0.0126469135,0.0312320702,0.0946850255,-0.9951280951,0.0047478308,-25.6355476379,4.0284433365,22.0954017639,-0.7235327959,0.5195471048,-0.5534836650,-0.3556016684,0.4568010569,-0.3869746923,-0.0190191269,0.3772992790,0.1419116259,0.3267754912,0.6460643411,0.6561572552,-0.2133544832,-25.6355476379,4.0284433365,22.0954017639,-0.7235327959,0.5195471048,-0.5534836650,-0.3556016684,0.4568010569,-0.3869746923,-0.0190191269,0.3772992790,0.1419116259,0.3267754912,0.6460643411,0.6561572552,-0.2133544832,0.0000000000,0.0000000000,0.0000000000,0.0000000000,0.0000000000,0.0000000000,-0.4350718856,0.3730582595,-0.2968840599,0.9852906466,-0.1661851853,-0.0457556844,0.2391998172,0.6809503436,0.1169274971,-0.6823937893,
7008.536,0.1831110567,0.3051851094,0.9155552983,0.0650654659,0.0025635548,-1.0107730627,-0.1544236541,-0.0402844325,-0.4305551350,0.0019480288,0.0061101923,-0.0127727985,0.0312608108,0.0946588442,-0.9951296449,0.0047555924,-22.7057704926,10.1321449280,21.9122905731,-0.6654255986,0.5022125840,-0.5713065267,-0.3536484838,0.4592425227,-0.3930784166,0.0373184085,0.3526920378,0.1243534088,0.3284604251,0.6472858191,0.6550530791,-0.2104371339,-22.7057704926,10.1321449280,21.9122905731,-0.6654255986,0.5022125840,-0.5713065267,-0.3536484838,0.4592425227,-0.3930784166,0.0373184085,0.3526920378,0.1243534088,0.3284604251,0.6472858191,0.6550530791,-0.2104371339,0.0000000000,0.0000000000,0.0000000000,0.0000000000,0.0000000000,0.0000000000,-0.4362926185,0.3720816672,-0.2910245061,0.9852904677,-0.1661857665,-0.0457558036,0.2396168560,0.6808786988,0.1173432320,-0.6822475195,
7008.549,0.1831110567,0.2441480756,0.9765923023,0.0683614612,0.0023194067,-1.0127261877,-0.1541795135,-0.0406506546,-0.4257942438,0.0051809102,0.0058795544,-0.0147299767,0.0312917493,0.0946339369,-0.9951310158,0.0047645336,-21.5460681915,13.2450332642,20.3863639832,-0.6134220362,0.4847559929,-0.5959654450,-0.3540147245,0.4572893381,-0.3897823989,0.0870010853,0.3283541501,0.1005212069,0.3297692239,0.6485198736,0.6541473866,-0.2073859423,-21.5460681915,13.2450332642,20.3863639832,-0.6134220362,0.4847559929,-0.5959654450,-0.3540147245,0.4572893381,-0.3897823989,0.0870010853,0.3283541501,0.1005212069,0.3297692239,0.6485198736,0.6541473866,-0.2073859423,0.0000000000,0.0000000000,0.0000000000,0.0000000000,0.0000000000,0.0000000000,-0.4338511229,0.3696402013,-0.2968840599,0.9852904081,-0.1661863178,-0.0457561612,0.2400112003,0.6808107495,0.1177363768,-0.6821089983,
7008.562,0.1831110567,0.1831110567,0.9765923023,0.0684835389,0.0020752586,-1.0122379065,-0.1550340354,-0.0426038392,-0.4256721735,0.0052500591,0.0056500575,-0.0142450929,0.0313174427,0.0946321487,-0.9951303601,0.0047742855,-24.0485858917,8.6672563553,15.3202915192,-0.5669118166,0.4637592733,-0.6200140119,-0.3498641849,0.4571672678,-0.3881954551,0.1316893697,0.3008805513,0.0768178105,0.3312751949,0.6493319273,0.6534733772,-0.2045503408,-24.0485858917,8.6672563553,15.3202915192,-0.5669118166,0.4637592733,-0.6200140119,-0.3498641849,0.4571672678,-0.3881954551,0.1316893697,0.3008805513,0.0768178105,0.3312751949,0.6493319273,0.6534733772,-0.2045503408,0.0000000000,0.0000000000,0.0000000000,0.0000000000,0.0000000000,0.0000000000,-0.4353160262,0.3691518903,-0.2968840599,0.9852902293,-0.1661868840,-0.0457562804,0.2404013276,0.6807432771,0.1181253493,-0.6819716692,
7008.575,0.1831110567,0.1220740378,0.9765923023,0.0684835389,0.0029297769,-1.0132144690,-0.1518601030,-0.0382091738,-0.4253059626,0.0052083731,0.0065149618,-0.0152243376,0.0313379765,0.0945813656,-0.9951344728,0.0047798376,-25.8186588287,4.0284433365,13.6722927094,-0.6053651571,0.4847559929,-0.6140323877,-0.3486434519,0.4588763118,-0.3791619539,0.0921219587,0.3153867424,0.0823681355,0.3331847787,0.6498542428,0.6527888775,-0.2019595057,-25.8186588287,4.0284433365,13.6722927094,-0.6053651571,0.4847559929,-0.6140323877,-0.3486434519,0.4588763118,-0.3791619539,0.0921219587,0.3153867424,0.0823681355,0.3331847787,0.6498542428,0.6527888775,-0.2019595057,0.0000000000,0.0000000000,0.0000000000,0.0000000000,0.0000000000,0.0000000000,-0.4367808998,0.3711050749,-0.2929776907,0.9852901697,-0.1661874354,-0.0457565784,0.2408041656,0.6806733608,0.1185270473,-0.6818296313,
7008.588,0.1220740378,0.0000000000,0.9155552983,0.0714133158,0.0052491836,-1.0127261877,-0.1557664722,-0.0386974700,-0.4278694987,0.0081033483,0.0088219689,-0.0147382021,0.0313561484,0.0945314392,-0.9951387048,0.0047737411,-26.5511035919,1.5869624615,13.4281444550,-0.6552934647,0.5179601312,-0.5915707946,-0.3469344079,0.4585101008,-0.3831903934,0.0415323973,0.3419917822,0.1038550735,0.3353681266,0.6502757668,0.6519953012,-0.1995376348,-26.5511035919,1.5869624615,13.4281444550,-0.6552934647,0.5179601312,-0.5915707946,-0.3469344079,0.4585101008,-0.3831903934,0.0415323973,0.3419917822,0.1038550735,0.3353681266,0.6502757668,0.6519953012,-0.1995376348,0.0000000000,0.0000000000,0.0000000000,0.0000000000,0.0000000000,0.0000000000,-0.4345835745,0.3706167936,-0.2949308753,0.9852900505,-0.1661880165,-0.0457568169,0.2411998212,0.6806044579,0.1189216152,-0.6816898584,
7008.601,0.1220740378,0.0000000000,0.9765923023,0.0692159832,0.0025635548,-1.0117496252,-0.1535691470,-0.0416272469,-0.4299447536,0.0058818832,0.0061379038,-0.0137631297,0.0313681550,0.0945203900,-0.9951393604,0.0047753155,-23.3161411285,5.8595538139,15.0761432648,-0.7022919655,0.5205237269,-0.5778985023,-0.3501083553,0.4585101008,-0.3801385462,-0.0065697432,0.3382344246,0.1170040965,0.3372021616,0.6508949399,0.6511762738,-0.1970872432,-23.3161411285,5.8595538139,15.0761432648,-0.7022919655,0.5205237269,-0.5778985023,-0.3501083553,0.4585101008,-0.3801385462,-0.0065697432,0.3382344246,0.1170040965,0.3372021616,0.6508949399,0.6511762738,-0.1970872432,0.0000000000,0.0000000000,0.0000000000,0.0000000000,0.0000000000,0.0000000000,-0.3730582595,0.3730582595,-0.2949308753,0.9852898121,-0.1661885828,-0.0457568765,0.2416356057,0.6805282235,0.1193562821,-0.6815355420,
7008.614,0.1220740378,-0.1220740378,0.9155552983,0.0671407208,0.0028077029,-1.0102847815,-0.1521042585,-0.0417493209,-0.4310434163,0.0038135499,0.0063817082,-0.0122978687,0.0313647166,0.0945203975,-0.9951394796,0.0047748163,-20.8746604919,10.0711078644,15.5034027100,-0.6808069348,0.5102694631,-0.5979186296,-0.3503524959,0.4636372030,-0.3802606165,0.0131762624,0.3219742179,0.0971214771,0.3385973573,0.6516880393,0.6504354477,-0.1945039034,-20.8746604919,10.0711078644,15.5034027100,-0.6808069348,0.5102694631,-0.5979186296,-0.3503524959,0.4636372030,-0.3802606165,0.0131762624,0.3219742179,0.0971214771,0.3385973573,0.6516880393,0.6504354477,-0.1945039034,0.0000000000,0.0000000000,0.0000000000,0.0000000000,0.0000000000,0.0000000000,-0.3725699782,0.3711050749,-0.2968840599,0.9852897525,-0.1661891788,-0.0457572937,0.2420592159,0.6804538965,0.1197788343,-0.6813853383,
7008.627,0.1220740378,-0.1220740378,0.9765923023,0.0664082766,0.0040284432,-1.0113834143,-0.1532029212,-0.0424817652,-0.4278694987,0.0030919984,0.0075967708,-0.0133957863,0.0313595459,0.0945223495,-0.9951394796,0.0047715339,-19.2876987457,13.7943658829,15.0151062012,-0.6328318119,0.5101473927,-0.6163518429,-0.3480330706,0.4627826810,-0.3789178133,0.0587958097,0.3160838783,0.0794489384,0.3396107852,0.6525939107,0.6498193741,-0.1917397082,-19.2876987457,13.7943658829,15.0151062012,-0.6328318119,0.5101473927,-0.6163518429,-0.3480330706,0.4627826810,-0.3789178133,0.0587958097,0.3160838783,0.0794489384,0.3396107852,0.6525939107,0.6498193741,-0.1917397082,0.0000000000,0.0000000000,0.0000000000,0.0000000000,0.0000000000,0.0000000000,-0.3750114441,0.3691518903,-0.2968840599,0.9852896333,-0.1661897600,-0.0457575917,0.2424740493,0.6803808212,0.1201926768,-0.6812379360,
7008.640,0.1220740378,-0.1220740378,0.9765923023,0.0668965727,0.0053712577,-1.0113834143,-0.1518601030,-0.0400402844,-0.4270149767,0.0035887361,0.0089273062,-0.0133952498,0.0313560441,0.0944962576,-0.9951421022,0.0047641969,-19.4708099365,15.0151062012,11.9022188187,-0.5621509552,0.5096591115,-0.6228217483,-0.3459578156,0.4599749744,-0.3783074319,0.1268569827,0.3101099133,0.0740253329,0.3404420912,0.6533823013,0.6494295001,-0.1888799816,-19.4708099365,15.0151062012,11.9022188187,-0.5621509552,0.5096591115,-0.6228217483,-0.3459578156,0.4599749744,-0.3783074319,0.1268569827,0.3101099133,0.0740253329,0.3404420912,0.6533823013,0.6494295001,-0.1888799816,0.0000000000,0.0000000000,0.0000000000,0.0000000000,0.0000000000,0.0000000000,-0.3715933859,0.3706167936,-0.2929776907,0.9852895737,-0.1661903262,-0.0457579494,0.2429028451,0.6803050041,0.1206205115,-0.6810852885,
7008.653,0.1831110567,-0.1220740378,0.9765923023,0.0637226477,0.0039063692,-1.0108951330,-0.1528366953,-0.0405285805,-0.4264046252,0.0004386604,0.0074680480,-0.0129054189,0.0313439965,0.0944742635,-0.9951445460,0.0047651776,-21.0577716827,12.0853300095,9.8879966736,-0.5599536300,0.5081942081,-0.6251411438,-0.3452253938,0.4669331908,-0.3773308396,0.1268433928,0.3032440245,0.0723202229,0.3414866626,0.6539430618,0.6491011977,-0.1861616522,-21.0577716827,12.0853300095,9.8879966736,-0.5599536300,0.5081942081,-0.6251411438,-0.3452253938,0.4669331908,-0.3773308396,0.1268433928,0.3032440245,0.0723202229,0.3414866626,0.6539430618,0.6491011977,-0.1861616522,0.0000000000,0.0000000000,0.0000000000,0.0000000000,0.0000000000,0.0000000000,-0.3745231628,0.3720816672,-0.2968840599,0.9852893353,-0.1661909074,-0.0457580090,0.2433215082,0.6802306771,0.1210382730,-0.6809358597,
7008.666,0.1220740378,-0.1220740378,0.9765923023,0.0620136112,0.0048829615,-1.0099185705,-0.1550340354,-0.0408948027,-0.4254280329,-0.0012385249,0.0084347576,-0.0119268298,0.0313287005,0.0944510624,-0.9951472282,0.0047580162,-22.7668075562,8.6062192917,8.4841451645,-0.5952330232,0.5272377729,-0.6132999659,-0.3426618278,0.4670552611,-0.3711050749,0.0899384618,0.3168386221,0.0841377974,0.3428732455,0.6542672515,0.6487654448,-0.1836274713,-22.7668075562,8.6062192917,8.4841451645,-0.5952330232,0.5272377729,-0.6132999659,-0.3426618278,0.4670552611,-0.3711050749,0.0899384618,0.3168386221,0.0841377974,0.3428732455,0.6542672515,0.6487654448,-0.1836274713,0.0000000000,0.0000000000,0.0000000000,0.0000000000,0.0000000000,0.0000000000,-0.3723258078,0.3706167936,-0.2968840599,0.9852892756,-0.1661915034,-0.0457583070,0.2437354177,0.6801569462,0.1214513183,-0.6807879210,
7008.679,0.1831110567,-0.1220740378,0.9765923023,0.0623798333,0.0030518509,-1.0105289221,-0.1539353579,-0.0405285805,-0.4314096570,-0.0008422546,0.0066135041,-0.0125352740,0.0313133784,0.0944250599,-0.9951502681,0.0047606821,-22.4616222382,10.0711078644,8.4231090546,-0.6500442624,0.5652027726,-0.5893734694,-0.3435163498,0.4619281590,-0.3736686409,0.0334966183,0.3493376672,0.1079940200,0.3442717493,0.6545826197,0.6484201550,-0.1810889840,-22.4616222382,10.0711078644,8.4231090546,-0.6500442624,0.5652027726,-0.5893734694,-0.3435163498,0.4619281590,-0.3736686409,0.0334966183,0.3493376672,0.1079940200,0.3442717493,0.6545826197,0.6484201550,-0.1810889840,0.0000000000,0.0000000000,0.0000000000,0.0000000000,0.0000000000,0.0000000000,-0.3750114441,0.3706167936,-0.2929776907,0.9852891564,-0.1661920696,-0.0457586050,0.2441558838,0.6800817847,0.1218709573,-0.6806373596,
7008.692,0.1831110567,-0.0610370189,0.9155552983,0.0617694631,0.0009765923,-1.0096743107,-0.1551561058,-0.0422376171,-0.4273812175,-0.0014306083,0.0045576254,-0.0116793513,0.0313014984,0.0944240466,-0.9951505065,0.0047692591,-21.3019199371,12.9398479462,9.0945158005,-0.6402783394,0.5632495880,-0.5786309242,-0.3386333883,0.4636372030,-0.3701284826,0.0412499905,0.3419823647,0.1190130711,0.3454544544,0.6550112367,0.6480939388,-0.1784354448,-21.3019199371,12.9398479462,9.0945158005,-0.6402783394,0.5632495880,-0.5786309242,-0.3386333883,0.4636372030,-0.3701284826,0.0412499905,0.3419823647,0.1190130711,0.3454544544,0.6550112367,0.6480939388,-0.1784354448,0.0000000000,0.0000000000,0.0000000000,0.0000000000,0.0000000000,0.0000000000,-0.3747673035,0.3706167936,-0.3105563521,0.9852890372,-0.1661926359,-0.0457589030,0.2445293516,0.6800147891,0.1222437099,-0.6805033684,
7008.705,0.1831110567,0.0000000000,0.9155552983,0.0612811670,0.0026856288,-1.0097965002,-0.1511276662,-0.0446790978,-0.4276253581,-0.0019052401,0.0062774946,-0.0118007064,0.0312939622,0.0944673866,-0.9951468706,0.0047753672,-20.2032527924,14.8319959641,9.5217752457,-0.6296578646,0.5523850322,-0.5813165903,-0.3365581334,0.4651020765,-0.3700064123,0.0495774746,0.3258548975,0.1168742180,0.3464431763,0.6555238962,0.6477864981,-0.1757318676,-20.2032527924,14.8319959641,9.5217752457,-0.6296578646,0.5523850322,-0.5813165903,-0.3365581334,0.4651020765,-0.3700064123,0.0495774746,0.3258548975,0.1168742180,0.3464431763,0.6555238962,0.6477864981,-0.1757318676,0.0000000000,0.0000000000,0.0000000000,0.0000000000,0.0000000000,0.0000000000,-0.3745231628,0.3686636090,-0.2968840599,0.9852889180,-0.1661932021,-0.0457590818,0.2449306399,0.6799425483,0.1226442829,-0.6803591251,
7008.718,0.1220740378,0.0000000000,0.9155552983,0.0606707968,0.0024414808,-1.0097965002,-0.1535691470,-0.0411389507,-0.4325083196,-0.0024989508,0.0060346914,-0.0117996931,0.0312856585,0.0944549963,-0.9951481223,0.0047748592,-19.1656246185,14.6488847733,9.9490337372,-0.6039002538,0.5409100652,-0.5918149352,-0.3322855234,0.4652241468,-0.3720816672,0.0729550719,0.3092390597,0.1069997549,0.3473301232,0.6561144590,0.6474291086,-0.1730734855,-19.1656246185,14.6488847733,9.9490337372,-0.6039002538,0.5409100652,-0.5918149352,-0.3322855234,0.4652241468,-0.3720816672,0.0729550719,0.3092390597,0.1069997549,0.3473301232,0.6561144590,0.6474291086,-0.1730734855,0.0000000000,0.0000000000,0.0000000000,0.0000000000,0.0000000000,0.0000000000,-0.3730582595,0.3686636090,-0.3125095367,0.9852889776,-0.1661937982,-0.0457595587,0.2452910542,0.6798775196,0.1230040640,-0.6802294254,
7008.731,0.1831110567,0.1220740378,0.9155552983,0.0618915372,0.0023194067,-1.0097965002,-0.1563768387,-0.0428479873,-0.4305551350,-0.0012889393,0.0059251939,-0.0118004084,0.0312904008,0.0944574103,-0.9951477051,0.0047817058,-19.4097728729,12.5736255646,10.3152561188,-0.6258735657,0.5542161465,-0.5981627703,-0.3330179751,0.4666890502,-0.3678090870,0.0488732457,0.3173571229,0.1009517908,0.3483743072,0.6566466093,0.6470054984,-0.1705229580,-19.4097728729,12.5736255646,10.3152561188,-0.6258735657,0.5542161465,-0.5981627703,-0.3330179751,0.4666890502,-0.3678090870,0.0488732457,0.3173571229,0.1009517908,0.3483743072,0.6566466093,0.6470054984,-0.1705229580,0.0000000000,0.0000000000,0.0000000000,0.0000000000,0.0000000000,0.0000000000,-0.3713492155,0.3681752980,-0.3125095367,0.9852887988,-0.1661943346,-0.0457596779,0.2456492782,0.6798126101,0.1233616918,-0.6801002026,
7008.744,0.1831110567,0.1220740378,0.9155552983,0.0625019073,0.0017090365,-1.0100406408,-0.1564989239,-0.0426038392,-0.4231086075,-0.0006922036,0.0053303586,-0.0120454431,0.0312964544,0.0944579095,-0.9951476455,0.0047901021,-18.9214763641,12.3294782639,11.1697740555,-0.6515091658,0.5733817816,-0.6056092978,-0.3349711597,0.4653462470,-0.3680532277,0.0211564302,0.3313080668,0.0937244892,0.3494387269,0.6572108865,0.6465169191,-0.1680050194,-18.9214763641,12.3294782639,11.1697740555,-0.6515091658,0.5733817816,-0.6056092978,-0.3349711597,0.4653462470,-0.3680532277,0.0211564302,0.3313080668,0.0937244892,0.3494387269,0.6572108865,0.6465169191,-0.1680050194,0.0000000000,0.0000000000,0.0000000000,0.0000000000,0.0000000000,0.0000000000,-0.3723258078,0.3696402013,-0.3105563521,0.9852886796,-0.1661948562,-0.0457599759,0.2460139245,0.6797463298,0.1237257794,-0.6799684763,
7008.757,0.1831110567,0.1220740378,0.9155552983,0.0621356852,0.0021973327,-1.0101627111,-0.1533249915,-0.0419934690,-0.4301889241,-0.0010700934,0.0058317007,-0.0121682882,0.0313016586,0.0944579691,-0.9951472878,0.0047971546,-16.2968845367,17.5786609650,13.0619220734,-0.6488234997,0.5835139155,-0.6048768759,-0.3308206499,0.4654683173,-0.3651234508,0.0210192204,0.3363118172,0.0953715444,0.3500883281,0.6580349803,0.6460322738,-0.1652693301,-16.2968845367,17.5786609650,13.0619220734,-0.6488234997,0.5835139155,-0.6048768759,-0.3308206499,0.4654683173,-0.3651234508,0.0210192204,0.3363118172,0.0953715444,0.3500883281,0.6580349803,0.6460322738,-0.1652693301,0.0000000000,0.0000000000,0.0000000000,0.0000000000,0.0000000000,0.0000000000,-0.3740348518,0.3725699782,-0.3105563521,0.9852885604,-0.1661953926,-0.0457602143,0.2463835776,0.6796789169,0.1240949035,-0.6798347235,
7008.770,0.1220740378,0.1831110567,0.9155552983,0.0637226477,0.0056154057,-1.0112613440,-0.1535691470,-0.0413830988,-0.4310434163,0.0004871190,0.0092352591,-0.0132687688,0.0313172154,0.0944490880,-0.9951476455,0.0047910567,-14.9540700912,19.7759933472,13.3060703278,-0.6318552494,0.5733817816,-0.6113467813,-0.3272804916,0.4692526162,-0.3637806475,0.0348258615,0.3212363124,0.0901546478,0.3505032659,0.6589444876,0.6455898285,-0.1624707431,-14.9540700912,19.7759933472,13.3060703278,-0.6318552494,0.5733817816,-0.6113467813,-0.3272804916,0.4692526162,-0.3637806475,0.0348258615,0.3212363124,0.0901546478,0.3505032659,0.6589444876,0.6455898285,-0.1624707431,0.0000000000,0.0000000000,0.0000000000,0.0000000000,0.0000000000,0.0000000000,-0.3750114441,0.3676870167,-0.2910245061,0.9852883816,-0.1661959589,-0.0457605124,0.2467878759,0.6796049476,0.1244986877,-0.6796881557,
7008.783,0.1220740378,0.2441480756,0.9155552983,0.0639667958,0.0025635548,-1.0113834143,-0.1566209942,-0.0406506546,-0.4286019504,0.0006898716,0.0061840396,-0.0133935213,0.0313379467,0.0944223851,-0.9951494932,0.0047924919,-14.3436994553,20.7525863647,13.0008850098,-0.6078066230,0.5680105090,-0.6079286933,-0.3250831664,0.4633930624,-0.3579210937,0.0555455089,0.3110343814,0.0949738026,0.3508092165,0.6598517299,0.6452057362,-0.1596297026,-14.3436994553,20.7525863647,13.0008850098,-0.6078066230,0.5680105090,-0.6079286933,-0.3250831664,0.4633930624,-0.3579210937,0.0555455089,0.3110343814,0.0949738026,0.3508092165,0.6598517299,0.6452057362,-0.1596297026,0.0000000000,0.0000000000,0.0000000000,0.0000000000,0.0000000000,0.0000000000,-0.3718375266,0.3662221134,-0.3105563521,0.9852882028,-0.1661964953,-0.0457606912,0.2471377999,0.6795406938,0.1248481646,-0.6795610785,
7008.796,0.1831110567,0.1831110567,0.8545182943,0.0672627985,0.0041505173,-1.0115054846,-0.1566209942,-0.0416272469,-0.4386120141,0.0039391071,0.0077737686,-0.0135185719,0.0313611776,0.0944117978,-0.9951498508,0.0047957511,-14.5268106461,19.1045875549,11.9632558823,-0.5719168782,0.5623950958,-0.5973082781,-0.3260597587,0.4676656425,-0.3599963486,0.0882737637,0.3006547689,0.1068113446,0.3511891961,0.6606743336,0.6448354125,-0.1568641067,-14.5268106461,19.1045875549,11.9632558823,-0.5719168782,0.5623950958,-0.5973082781,-0.3260597587,0.4676656425,-0.3599963486,0.0882737637,0.3006547689,0.1068113446,0.3511891961,0.6606743336,0.6448354125,-0.1568641067,0.0000000000,0.0000000000,0.0000000000,0.0000000000,0.0000000000,0.0000000000,-0.3718375266,0.3657338321,-0.3105563521,0.9852883220,-0.1661970764,-0.0457612276,0.2474846691,0.6794769168,0.1251945943,-0.6794350147,
7008.809,0.1831110567,0.2441480756,0.9155552983,0.0678731650,0.0029297769,-1.0115054846,-0.1540574431,-0.0444349498,-0.4389782548,0.0044893771,0.0065624868,-0.0135223269,0.0313905552,0.0944395214,-0.9951460958,0.0048041828,-15.3813285828,16.4799957275,11.8411817551,-0.5569017529,0.5653248429,-0.5846125484,-0.3266701400,0.4622943699,-0.3604846299,0.1004322767,0.2986953259,0.1203443408,0.3517788053,0.6614156365,0.6443997622,-0.1541857123,-15.3813285828,16.4799957275,11.8411817551,-0.5569017529,0.5653248429,-0.5846125484,-0.3266701400,0.4622943699,-0.3604846299,0.1004322767,0.2986953259,0.1203443408,0.3517788053,0.6614156365,0.6443997622,-0.1541857123,0.0000000000,0.0000000000,0.0000000000,0.0000000000,0.0000000000,0.0000000000,-0.3740348518,0.3642689288,-0.3125095367,0.9852881432,-0.1661975682,-0.0457614064,0.2478196025,0.6794150472,0.1255291402,-0.6793130040,
7008.822,0.1831110567,0.1831110567,0.9765923023,0.0675069466,0.0043946654,-1.0110172033,-0.1522263288,-0.0428479873,-0.4348277152,0.0040756389,0.0080302330,-0.0130371451,0.0314140618,0.0944476575,-0.9951446652,0.0048081134,-16.4799957275,13.5502185822,11.7801446915,-0.5549485683,0.5726493001,-0.5783867836,-0.3258156180,0.4640034139,-0.3560899794,0.0998909473,0.3009880185,0.1269705296,0.3526149392,0.6620517373,0.6439019442,-0.1516049206,-16.4799957275,13.5502185822,11.7801446915,-0.5549485683,0.5726493001,-0.5783867836,-0.3258156180,0.4640034139,-0.3560899794,0.0998909473,0.3009880185,0.1269705296,0.3526149392,0.6620517373,0.6439019442,-0.1516049206,0.0000000000,0.0000000000,0.0000000000,0.0000000000,0.0000000000,0.0000000000,-0.3713492155,0.3671987057,-0.3086031675,0.9852879643,-0.1661981344,-0.0457616448,0.2481721044,0.6793497801,0.1258812845,-0.6791843772,
7008.835,0.1831110567,0.1220740378,0.9765923023,0.0689718351,0.0026856288,-1.0122379065,-0.1517380327,-0.0394299142,-0.4342173636,0.0054971054,0.0063325036,-0.0142606497,0.0314353444,0.0944118500,-0.9951473475,0.0048146704,-17.5176239014,10.9256267548,12.3905143738,-0.5655690432,0.5974303484,-0.5803399682,-0.3239845037,0.4679097831,-0.3579210937,0.0870735645,0.3205025792,0.1250053048,0.3536912203,0.6626532674,0.6432780027,-0.1490968913,-17.5176239014,10.9256267548,12.3905143738,-0.5655690432,0.5974303484,-0.5803399682,-0.3239845037,0.4679097831,-0.3579210937,0.0870735645,0.3205025792,0.1250053048,0.3536912203,0.6626532674,0.6432780027,-0.1490968913,0.0000000000,0.0000000000,0.0000000000,0.0000000000,0.0000000000,0.0000000000,-0.3715933859,0.3662221134,-0.3125095367,0.9852880836,-0.1661987156,-0.0457621217,0.2485103160,0.6792870760,0.1262191534,-0.6790608764,
7008.848,0.1831110567,0.1220740378,0.9765923023,0.0694601312,0.0039063692,-1.0115054846,-0.1540574431,-0.0427259132,-0.4350718856,0.0059395656,0.0075584692,-0.0135311484,0.0314579457,0.0944127664,-0.9951465130,0.0048194728,-17.7617721558,11.4139223099,12.5125885010,-0.5451826453,0.5952330232,-0.5920590758,-0.3239845037,0.4663228393,-0.3530381322,0.1051050425,0.3130205572,0.1133665442,0.3547155559,0.6632494926,0.6426944733,-0.1465061307,-17.7617721558,11.4139223099,12.5125885010,-0.5451826453,0.5952330232,-0.5920590758,-0.3239845037,0.4663228393,-0.3530381322,0.1051050425,0.3130205572,0.1133665442,0.3547155559,0.6632494926,0.6426944733,-0.1465061307,0.0000000000,0.0000000000,0.0000000000,0.0000000000,0.0000000000,0.0000000000,-0.3718375266,0.3642689288,-0.3125095367,0.9852878451,-0.1661992371,-0.0457621813,0.2488413006,0.6792253852,0.1265498400,-0.6789397001,
7008.861,0.1831110567,0.1220740378,0.9765923023,0.0690939054,0.0009765923,-1.0110172033,-0.1534470618,-0.0432142094,-0.4312875867,0.0055293366,0.0046483539,-0.0130457282,0.0314788967,0.0944224820,-0.9951449633,0.0048316540,-18.4942169189,10.6814785004,12.1463670731,-0.5258949399,0.5918149352,-0.6001159549,-0.3231299818,0.4611957073,-0.3543809354,0.1220653057,0.3042950630,0.1053081155,0.3557782769,0.6638037562,0.6421213746,-0.1439089477,-18.4942169189,10.6814785004,12.1463670731,-0.5258949399,0.5918149352,-0.6001159549,-0.3231299818,0.4611957073,-0.3543809354,0.1220653057,0.3042950630,0.1053081155,0.3557782769,0.6638037562,0.6421213746,-0.1439089477,0.0000000000,0.0000000000,0.0000000000,0.0000000000,0.0000000000,0.0000000000,-0.3728141189,0.3662221134,-0.3086031675,0.9852877855,-0.1661997885,-0.0457625985,0.2491851598,0.6791611910,0.1268934160,-0.6788136959,
7008.874,0.1831110567,0.0610370189,0.9765923023,0.0654316843,0.0025635548,-1.0110172033,-0.1552781761,-0.0405285805,-0.4314096570,0.0018520132,0.0062470483,-0.0130467415,0.0314860232,0.0943916887,-0.9951475859,0.0048372378,-20.8746604919,4.7608876228,10.6814785004,-0.5332193971,0.5988952518,-0.5902279615,-0.3211767972,0.4624164701,-0.3476668596,0.1132489443,0.3059411049,0.1143288612,0.3573219478,0.6640894413,0.6414881349,-0.1415718645,-20.8746604919,4.7608876228,10.6814785004,-0.5332193971,0.5988952518,-0.5902279615,-0.3211767972,0.4624164701,-0.3476668596,0.1132489443,0.3059411049,0.1143288612,0.3573219478,0.6640894413,0.6414881349,-0.1415718645,0.0000000000,0.0000000000,0.0000000000,0.0000000000,0.0000000000,0.0000000000,-0.3728141189,0.3637806475,-0.3125095367,0.9852875471,-0.1662003249,-0.0457627177,0.2495108098,0.6791001558,0.1272188276,-0.6786941290,
7008.887,0.1831110567,0.0610370189,0.9765923023,0.0654316843,0.0019531846,-1.0112613440,-0.1554002464,-0.0448011719,-0.4279915690,0.0018370599,0.0056513702,-0.0132918954,0.0314926617,0.0944168642,-0.9951449037,0.0048460593,-21.3629570007,2.2583696842,10.1321449280,-0.5371257663,0.5905941725,-0.5827814341,-0.3253273070,0.4651020765,-0.3502304256,0.1082121730,0.2922645211,0.1205555201,0.3590272069,0.6642735004,0.6408218145,-0.1393951178,-21.3629570007,2.2583696842,10.1321449280,-0.5371257663,0.5905941725,-0.5827814341,-0.3253273070,0.4651020765,-0.3502304256,0.1082121730,0.2922645211,0.1205555201,0.3590272069,0.6642735004,0.6408218145,-0.1393951178,0.0000000000,0.0000000000,0.0000000000,0.0000000000,0.0000000000,0.0000000000,-0.3725699782,0.3632923365,-0.3086031675,0.9852874875,-0.1662008911,-0.0457630754,0.2498434037,0.6790377498,0.1275511980,-0.6785718799,
7008.900,0.1831110567,0.0610370189,0.9765923023,0.0645771697,0.0029297769,-1.0105289221,-0.1554002464,-0.0421155430,-0.4312875867,0.0009716302,0.0066377521,-0.0125602484,0.0314976908,0.0944063067,-0.9951457381,0.0048511168,-21.1798458099,0.7324442267,9.5828123093,-0.5642262101,0.5962095857,-0.5865657330,-0.3250831664,0.4698629677,-0.3524277508,0.0802590251,0.2926598191,0.1153184772,0.3608081043,0.6643981934,0.6401254535,-0.1373877078,-21.1798458099,0.7324442267,9.5828123093,-0.5642262101,0.5962095857,-0.5865657330,-0.3250831664,0.4698629677,-0.3524277508,0.0802590251,0.2926598191,0.1153184772,0.3608081043,0.6643981934,0.6401254535,-0.1373877078,0.0000000000,0.0000000000,0.0000000000,0.0000000000,0.0000000000,0.0000000000,-0.3740348518,0.3647572398,-0.2910245061,0.9852873683,-0.1662014276,-0.0457633138,0.2502228022,0.6789662838,0.1279304475,-0.6784321666,
7008.913,0.1831110567,0.0000000000,0.9765923023,0.0636005774,0.0035401471,-1.0104068518,-0.1541795135,-0.0430921353,-0.4306772053,-0.0000004098,0.0072548459,-0.0124378800,0.0314950757,0.0944122449,-0.9951452017,0.0048544374,-19.7759933472,3.1128878593,9.5828123093,-0.5394451618,0.6153752208,-0.5908383727,-0.3252052367,0.4665669799,-0.3475447893,0.1037857533,0.3067061305,0.1099632978,0.3623624146,0.6646001339,0.6394926310,-0.1352503151,-19.7759933472,3.1128878593,9.5828123093,-0.5394451618,0.6153752208,-0.5908383727,-0.3252052367,0.4665669799,-0.3475447893,0.1037857533,0.3067061305,0.1099632978,0.3623624146,0.6646001339,0.6394926310,-0.1352503151,0.0000000000,0.0000000000,0.0000000000,0.0000000000,0.0000000000,0.0000000000,-0.3737907112,0.3652455211,-0.3125095367,0.9852873087,-0.1662019640,-0.0457636714,0.2505466342,0.6789051294,0.1282541305,-0.6783127785,
7008.926,0.1220740378,0.0000000000,0.9765923023,0.0654316843,0.0034180731,-1.0106509924,-0.1541795135,-0.0390636921,-0.4331187010,0.0018262863,0.0071294350,-0.0126822591,0.0314976647,0.0943645835,-0.9951496720,0.0048514763,-19.5928821564,3.3570361137,9.4607381821,-0.5323649049,0.6279488802,-0.5838801265,-0.3223975301,0.4670552611,-0.3516952991,0.1095629930,0.3141584992,0.1158414483,0.3638971150,0.6648296714,0.6388314366,-0.1331093311,-19.5928821564,3.3570361137,9.4607381821,-0.5323649049,0.6279488802,-0.5838801265,-0.3223975301,0.4670552611,-0.3516952991,0.1095629930,0.3141584992,0.1158414483,0.3638971150,0.6648296714,0.6388314366,-0.1331093311,0.0000000000,0.0000000000,0.0000000000,0.0000000000,0.0000000000,0.0000000000,-0.3740348518,0.3671987057,-0.3086031675,0.9852872491,-0.1662025154,-0.0457639694,0.2508837581,0.6788412929,0.1285911351,-0.6781882644,
7008.939,0.1831110567,0.0000000000,0.9155552983,0.0638447255,0.0024414808,-1.0102847815,-0.1533249915,-0.0393078402,-0.4304330647,0.0002425909,0.0061642979,-0.0123158693,0.0314956717,0.0943287313,-0.9951531291,0.0048558912,-19.5318470001,2.6856288910,9.3386640549,-0.5341960192,0.6323435307,-0.5738700628,-0.3183690906,0.4658345282,-0.3449812233,0.1065325141,0.3134538531,0.1246448159,0.3654814363,0.6650266051,0.6381539106,-0.1310186237,-19.5318470001,2.6856288910,9.3386640549,-0.5341960192,0.6323435307,-0.5738700628,-0.3183690906,0.4658345282,-0.3449812233,0.1065325141,0.3134538531,0.1246448159,0.3654814363,0.6650266051,0.6381539106,-0.1310186237,0.0000000000,0.0000000000,0.0000000000,0.0000000000,0.0000000000,0.0000000000,-0.3715933859,0.3623157442,-0.3125095367,0.9852870107,-0.1662030518,-0.0457640290,0.2511974573,0.6787816882,0.1289047301,-0.6780721545,
7008.952,0.1220740378,0.0610370189,0.9155552983,0.0622577593,0.0025635548,-1.0095522404,-0.1550340354,-0.0382091738,-0.4315317273,-0.0013441592,0.0062865224,-0.0115833879,0.0314958282,0.0942734778,-0.9951583147,0.0048542074,-17.9448833466,2.6245918274,9.0334787369,-0.5753349662,0.6358836889,-0.5632495880,-0.3159276247,0.4676656425,-0.3415631652,0.0643555522,0.3121984005,0.1340103149,0.3670171201,0.6652117372,0.6374690533,-0.1291065812,-17.9448833466,2.6245918274,9.0334787369,-0.5753349662,0.6358836889,-0.5632495880,-0.3159276247,0.4676656425,-0.3415631652,0.0643555522,0.3121984005,0.1340103149,0.3670171201,0.6652117372,0.6374690533,-0.1291065812,0.0000000000,0.0000000000,0.0000000000,0.0000000000,0.0000000000,0.0000000000,-0.3740348518,0.3613391519,-0.2910245061,0.9852868915,-0.1662036031,-0.0457642674,0.2515607178,0.6787124872,0.1292679459,-0.6779375672,
7008.965,0.1220740378,0.1220740378,0.9155552983,0.0628681332,0.0024414808,-1.0105289221,-0.1545457393,-0.0402844325,-0.4290902317,-0.0007469207,0.0061652139,-0.0125609040,0.0315024666,0.0942475796,-0.9951605797,0.0048543904,-16.4799957275,4.5777764320,9.1555528641,-0.5634937882,0.6371043921,-0.5663014650,-0.3181249499,0.4633930624,-0.3446150124,0.0748637319,0.3087984920,0.1300194860,0.3683387339,0.6654802561,0.6368201375,-0.1271461099,-16.4799957275,4.5777764320,9.1555528641,-0.5634937882,0.6371043921,-0.5663014650,-0.3181249499,0.4633930624,-0.3446150124,0.0748637319,0.3087984920,0.1300194860,0.3683387339,0.6654802561,0.6368201375,-0.1271461099,0.0000000000,0.0000000000,0.0000000000,0.0000000000,0.0000000000,0.0000000000,-0.3725699782,0.3637806475,-0.3105563521,0.9852869511,-0.1662041694,-0.0457647443,0.2518793344,0.6786516905,0.1295865178,-0.6778194308,
7008.978,0.1831110567,0.1220740378,0.9155552983,0.0654316843,0.0025635548,-1.0100406408,-0.1546678096,-0.0399182104,-0.4268929064,0.0017907917,0.0062980792,-0.0120742917,0.0315149873,0.0942173153,-0.9951630235,0.0048600277,-15.6865139008,5.7985167503,9.0334787369,-0.5343180895,0.6361278296,-0.5669118166,-0.3211767972,0.4686422348,-0.3419293761,0.1024693847,0.3032903671,0.1286952496,0.3695191741,0.6657748222,0.6362317204,-0.1251082420,-15.6865139008,5.7985167503,9.0334787369,-0.5343180895,0.6361278296,-0.5669118166,-0.3211767972,0.4686422348,-0.3419293761,0.1024693847,0.3032903671,0.1286952496,0.3695191741,0.6657748222,0.6362317204,-0.1251082420,0.0000000000,0.0000000000,0.0000000000,0.0000000000,0.0000000000,0.0000000000,-0.3713492155,0.3637806475,-0.3105563521,0.9852867126,-0.1662046760,-0.0457649231,0.2521969974,0.6785908341,0.1299041659,-0.6777013540,
7008.991,0.1831110567,0.1831110567,0.9765923023,0.0666524246,-0.0017090365,-1.0097965002,-0.1533249915,-0.0411389507,-0.4310434163,0.0029691458,0.0020580278,-0.0118329525,0.0315346643,0.0942003354,-0.9951639175,0.0048776972,-15.8696250916,3.1739249229,8.3620719910,-0.5330973268,0.6484572887,-0.5506759882,-0.3188574016,0.4659565985,-0.3429059684,0.1024923325,0.3110917807,0.1438447833,0.3708812892,0.6659994721,0.6355693936,-0.1232343763,-15.8696250916,3.1739249229,8.3620719910,-0.5330973268,0.6484572887,-0.5506759882,-0.3188574016,0.4659565985,-0.3429059684,0.1024923325,0.3110917807,0.1438447833,0.3708812892,0.6659994721,0.6355693936,-0.1232343763,0.0000000000,0.0000000000,0.0000000000,0.0000000000,0.0000000000,0.0000000000,-0.3735465705,0.3603625596,-0.3086031675,0.9852866530,-0.1662052274,-0.0457651615,0.2525072694,0.6785312891,0.1302144527,-0.6775858998,
7009.004,0.1831110567,0.1831110567,0.9155552983,0.0645771697,0.0040284432,-1.0095522404,-0.1577196568,-0.0399182104,-0.4277474284,0.0008618161,0.0077988426,-0.0115907788,0.0315506868,0.0941615924,-0.9951670766,0.0048796455,-15.6865139008,1.5259255171,8.9114046097,-0.5554368496,0.6613971591,-0.5390789509,-0.3131199181,0.4679097831,-0.3424176872,0.0791974664,0.3194702864,0.1540839076,0.3723677099,0.6662394404,0.6347832680,-0.1214943975,-15.6865139008,1.5259255171,8.9114046097,-0.5554368496,0.6613971591,-0.5390789509,-0.3131199181,0.4679097831,-0.3424176872,0.0791974664,0.3194702864,0.1540839076,0.3723677099,0.6662394404,0.6347832680,-0.1214943975,0.0000000000,0.0000000000,0.0000000000,0.0000000000,0.0000000000,0.0000000000,-0.3723258078,0.3588976860,-0.2910245061,0.9852866530,-0.1662057489,-0.0457655787,0.2528581917,0.6784637570,0.1305654496,-0.6774551868,
7009.017,0.2441480756,0.2441480756,0.9155552983,0.0662862062,0.0035401471,-1.0110172033,-0.1561326981,-0.0388195440,-0.4366588295,0.0025203452,0.0073269466,-0.0130590200,0.0315753333,0.0941111073,-0.9951711297,0.0048885955,-15.0151062012,0.9765923023,9.7659235001,-0.5796075463,0.6698202491,-0.5388348103,-0.3151951730,0.4651020765,-0.3429059684,0.0541445613,0.3233666718,0.1528863907,0.3738715351,0.6665145755,0.6339260936,-0.1198310554,-15.0151062012,0.9765923023,9.7659235001,-0.5796075463,0.6698202491,-0.5388348103,-0.3151951730,0.4651020765,-0.3429059684,0.0541445613,0.3233666718,0.1528863907,0.3738715351,0.6665145755,0.6339260936,-0.1198310554,0.0000000000,0.0000000000,0.0000000000,0.0000000000,0.0000000000,0.0000000000,-0.3725699782,0.3628040552,-0.3125095367,0.9852863550,-0.1662062556,-0.0457656980,0.2531626225,0.6784049273,0.1308699399,-0.6773415208,
7009.030,0.1831110567,0.2441480756,0.9155552983,0.0666524246,0.0018311106,-1.0107730627,-0.1547898799,-0.0407727286,-0.4304330647,0.0028344765,0.0056320364,-0.0128182769,0.0316007361,0.0940909311,-0.9951720238,0.0048974506,-13.0619220734,3.9674062729,10.8645896912,-0.5460371971,0.6710410118,-0.5608081222,-0.3143406510,0.4707174897,-0.3449812233,0.0862499475,0.3201799393,0.1300320029,0.3750358820,0.6669887900,0.6330793500,-0.1180171072,-13.0619220734,3.9674062729,10.8645896912,-0.5460371971,0.6710410118,-0.5608081222,-0.3143406510,0.4707174897,-0.3449812233,0.0862499475,0.3201799393,0.1300320029,0.3750358820,0.6669887900,0.6330793500,-0.1180171072,0.0000000000,0.0000000000,0.0000000000,0.0000000000,0.0000000000,0.0000000000,-0.3723258078,0.3608508706,-0.2910245061,0.9852864742,-0.1662068516,-0.0457662344,0.2535156012,0.6783366799,0.1312230378,-0.6772096753,
7009.043,0.1831110567,0.2441480756,0.9765923023,0.0671407208,0.0017090365,-1.0104068518,-0.1541795135,-0.0375988036,-0.4318979383,0.0032684281,0.0055253101,-0.0124555230,0.0316274241,0.0940250456,-0.9951775074,0.0049055638,-13.0619220734,4.0894804001,10.5594043732,-0.5285806060,0.6627399325,-0.5671559572,-0.3109225631,0.4697408974,-0.3451032937,0.1021801233,0.3075403571,0.1228621602,0.3761492372,0.6674684286,0.6322486997,-0.1162010133,-13.0619220734,4.0894804001,10.5594043732,-0.5285806060,0.6627399325,-0.5671559572,-0.3109225631,0.4697408974,-0.3451032937,0.1021801233,0.3075403571,0.1228621602,0.3761492372,0.6674684286,0.6322486997,-0.1162010133,0.0000000000,0.0000000000,0.0000000000,0.0000000000,0.0000000000,0.0000000000,-0.3713492155,0.3608508706,-0.3086031675,0.9852861762,-0.1662073582,-0.0457662344,0.2538217902,0.6782771945,0.1315293312,-0.6770949960,
7009.056,0.1831110567,0.1831110567,0.9765923023,0.0689718351,0.0019531846,-1.0111392736,-0.1556444019,-0.0388195440,-0.4356822371,0.0050473809,0.0057835369,-0.0131914020,0.0316530354,0.0939707085,-0.9951816201,0.0049133087,-13.5502185822,2.8077027798,10.1931819916,-0.5496993661,0.6694540381,-0.5636158586,-0.3106784225,0.4676656425,-0.3349711597,0.0797739625,0.3099359274,0.1253409982,0.3773870170,0.6678355932,0.6314406991,-0.1144580022,-13.5502185822,2.8077027798,10.1931819916,-0.5496993661,0.6694540381,-0.5636158586,-0.3106784225,0.4676656425,-0.3349711597,0.0797739625,0.3099359274,0.1253409982,0.3773870170,0.6678355932,0.6314406991,-0.1144580022,0.0000000000,0.0000000000,0.0000000000,0.0000000000,0.0000000000,0.0000000000,-0.3725699782,0.3657338321,-0.3066499829,0.9852861762,-0.1662078947,-0.0457666516,0.2541440427,0.6782144904,0.1318517327,-0.6769742370,
7009.069,0.1831110567,0.1831110567,0.9765923023,0.0677510947,0.0029297769,-1.0121158361,-0.1567430645,-0.0373546556,-0.4333628416,0.0037810132,0.0067693414,-0.0141708851,0.0316757150,0.0938951746,-0.9951882362,0.0049176416,-12.6346626282,3.3570361137,11.4139223099,-0.5682546496,0.6789758205,-0.5628833771,-0.3138523400,0.4647358656,-0.3392437398,0.0598316789,0.3151458502,0.1250753999,0.3785688281,0.6682894230,0.6305648685,-0.1127220541,-12.6346626282,3.3570361137,11.4139223099,-0.5682546496,0.6789758205,-0.5628833771,-0.3138523400,0.4647358656,-0.3392437398,0.0598316789,0.3151458502,0.1250753999,0.3785688281,0.6682894230,0.6305648685,-0.1127220541,0.0000000000,0.0000000000,0.0000000000,0.0000000000,0.0000000000,0.0000000000,-0.3747673035,0.3623157442,-0.3066499829,0.9852860570,-0.1662084311,-0.0457668900,0.2544540167,0.6781540513,0.1321618706,-0.6768578887,
7009.082,0.1831110567,0.1220740378,0.9765923023,0.0692159832,0.0031739250,-1.0112613440,-0.1568651348,-0.0435804315,-0.4343394339,0.0052037090,0.0070214430,-0.0133191347,0.0316963568,0.0938999355,-0.9951869249,0.0049237432,-12.1463670731,5.0660724640,12.0242929459,-0.5517746806,0.6732383370,-0.5698416233,-0.3111667335,0.4655903876,-0.3388775289,0.0746158957,0.3051179647,0.1173806787,0.3795965612,0.6688265800,0.6297027469,-0.1108841896,-12.1463670731,5.0660724640,12.0242929459,-0.5517746806,0.6732383370,-0.5698416233,-0.3111667335,0.4655903876,-0.3388775289,0.0746158957,0.3051179647,0.1173806787,0.3795965612,0.6688265800,0.6297027469,-0.1108841896,0.0000000000,0.0000000000,0.0000000000,0.0000000000,0.0000000000,0.0000000000,-0.3718375266,0.3613391519,-0.3105563521,0.9852858782,-0.1662089229,-0.0457670689,0.2547515929,0.6780958176,0.1324596256,-0.6767460108,
7009.095,0.1220740378,0.0610370189,0.9765923023,0.0684835389,0.0023194067,-1.0104068518,-0.1561326981,-0.0379650258,-0.4340952933,0.0044431910,0.0061684218,-0.0124664307,0.0317106023,0.0938337594,-0.9951928258,0.0049237018,-12.1463670731,5.7374796867,12.1463670731,-0.5247963071,0.6650593877,-0.5715506673,-0.3120212555,0.4659565985,-0.3374126554,0.0997249484,0.2926429510,0.1150582433,0.3805544674,0.6693777442,0.6288731098,-0.1089670882,-12.1463670731,5.7374796867,12.1463670731,-0.5247963071,0.6650593877,-0.5715506673,-0.3120212555,0.4659565985,-0.3374126554,0.0997249484,0.2926429510,0.1150582433,0.3805544674,0.6693777442,0.6288731098,-0.1089670882,0.0000000000,0.0000000000,0.0000000000,0.0000000000,0.0000000000,0.0000000000,-0.3725699782,0.3584093750,-0.3066499829,0.9852858186,-0.1662094444,-0.0457674265,0.2550489604,0.6780375242,0.1327571720,-0.6766341329,
7009.108,0.1220740378,0.0610370189,0.9765923023,0.0684835389,0.0028077029,-1.0117496252,-0.1563768387,-0.0367442854,-0.4276253581,0.0044157431,0.0066558151,-0.0138109922,0.0317247324,0.0937526822,-0.9951998591,0.0049219611,-12.9398479462,0.9765923023,11.9022188187,-0.5142979026,0.6606646776,-0.5551927090,-0.3093356192,0.4657124579,-0.3341166377,0.1089373231,0.2838726640,0.1301967502,0.3818306625,0.6698316932,0.6279041767,-0.1072874889,-12.9398479462,0.9765923023,11.9022188187,-0.5142979026,0.6606646776,-0.5551927090,-0.3093356192,0.4657124579,-0.3341166377,0.1089373231,0.2838726640,0.1301967502,0.3818306625,0.6698316932,0.6279041767,-0.1072874889,0.0000000000,0.0000000000,0.0000000000,0.0000000000,0.0000000000,0.0000000000,-0.3725699782,0.3588976860,-0.3086031675,0.9852858186,-0.1662099957,-0.0457679033,0.2553412616,0.6779801250,0.1330496669,-0.6765240431,
7009.121,0.1220740378,0.0610370189,0.9155552983,0.0690939054,0.0045167394,-1.0111392736,-0.1549119502,-0.0397961363,-0.4327524602,0.0049955100,0.0083548361,-0.0132025480,0.0317406133,0.0937201232,-0.9952026606,0.0049173729,-14.5878477097,-2.3194067478,12.3294782639,-0.5349284410,0.6712851524,-0.5437177420,-0.3077486455,0.4619281590,-0.3347270191,0.0874567628,0.2898842990,0.1398933530,0.3834251761,0.6702058315,0.6267958879,-0.1057335883,-14.5878477097,-2.3194067478,12.3294782639,-0.5349284410,0.6712851524,-0.5437177420,-0.3077486455,0.4619281590,-0.3347270191,0.0874567628,0.2898842990,0.1398933530,0.3834251761,0.6702058315,0.6267958879,-0.1057335883,0.0000000000,0.0000000000,0.0000000000,0.0000000000,0.0000000000,0.0000000000,-0.3733024001,0.3588976860,-0.3086031675,0.9852855802,-0.1662104577,-0.0457680225,0.2556315958,0.6779228449,0.1333402395,-0.6764144301,
7009.134,0.1220740378,-0.0610370189,0.9155552983,0.0664082766,0.0042725913,-1.0107730627,-0.1552781761,-0.0411389507,-0.4304330647,0.0023138225,0.0081019187,-0.0128360987,0.0317391381,0.0937048048,-0.9952040911,0.0049123326,-14.5878477097,-3.9674062729,13.3671073914,-0.5554368496,0.6878871918,-0.5378581882,-0.3039643466,0.4655903876,-0.3304544091,0.0662724376,0.3017709255,0.1437185407,0.3851498663,0.6706019640,0.6255595684,-0.1042652205,-14.5878477097,-3.9674062729,13.3671073914,-0.5554368496,0.6878871918,-0.5378581882,-0.3039643466,0.4655903876,-0.3304544091,0.0662724376,0.3017709255,0.1437185407,0.3851498663,0.6706019640,0.6255595684,-0.1042652205,0.0000000000,0.0000000000,0.0000000000,0.0000000000,0.0000000000,0.0000000000,-0.3737907112,0.3569445014,-0.3086031675,0.9852855802,-0.1662110239,-0.0457684398,0.2559147775,0.6778669953,0.1336236298,-0.6763074994,
7009.147,0.1220740378,-0.0610370189,0.9155552983,0.0664082766,0.0031739250,-1.0118716955,-0.1530808508,-0.0408948027,-0.4345835745,0.0023180917,0.0069999690,-0.0139344335,0.0317372307,0.0936915874,-0.9952053428,0.0049100756,-14.0385141373,-3.5401470661,14.7709589005,-0.5543382168,0.7025361061,-0.5433515310,-0.3022553325,0.4663228393,-0.3349711597,0.0665061474,0.3116132021,0.1362715960,0.3868193030,0.6711266041,0.6242148280,-0.1027583182,-14.0385141373,-3.5401470661,14.7709589005,-0.5543382168,0.7025361061,-0.5433515310,-0.3022553325,0.4663228393,-0.3349711597,0.0665061474,0.3116132021,0.1362715960,0.3868193030,0.6711266041,0.6242148280,-0.1027583182,0.0000000000,0.0000000000,0.0000000000,0.0000000000,0.0000000000,0.0000000000,-0.3713492155,0.3588976860,-0.3125095367,0.9852856398,-0.1662115902,-0.0457687974,0.2561936378,0.6778118610,0.1339027137,-0.6762020588,
7009.160,0.1220740378,-0.0610370189,0.9155552983,0.0665303543,0.0017090365,-1.0107730627,-0.1527146250,-0.0427259132,-0.4305551350,0.0024434328,0.0055390322,-0.0128356218,0.0317353494,0.0937044770,-0.9952042699,0.0049123005,-12.6346626282,-1.0376293659,16.6020698547,-0.5374919772,0.7004608512,-0.5440840125,-0.3059175313,0.4663228393,-0.3259376884,0.0819988847,0.3047083020,0.1339777708,0.3882709444,0.6717749834,0.6228907108,-0.1010681763,-12.6346626282,-1.0376293659,16.6020698547,-0.5374919772,0.7004608512,-0.5440840125,-0.3059175313,0.4663228393,-0.3259376884,0.0819988847,0.3047083020,0.1339777708,0.3882709444,0.6717749834,0.6228907108,-0.1010681763,0.0000000000,0.0000000000,0.0000000000,0.0000000000,0.0000000000,0.0000000000,-0.3715933859,0.3613391519,-0.3066499829,0.9852853417,-0.1662120521,-0.0457689166,0.2564923167,0.6777525544,0.1342017204,-0.6760888696,
7009.173,0.1220740378,0.0000000000,0.9155552983,0.0640888736,0.0024414808,-1.0094301701,-0.1549119502,-0.0417493209,-0.4288460910,0.0000061914,0.0062717726,-0.0114924312,0.0317332558,0.0936984941,-0.9952048659,0.0049120584,-12.0853300095,-0.8545182943,16.6020698547,-0.5223547816,0.6950895786,-0.5387127399,-0.3038422763,0.4631488919,-0.3304544091,0.0957148671,0.2945821285,0.1378530264,0.3896616399,0.6724713445,0.6215373278,-0.0994028300,-12.0853300095,-0.8545182943,16.6020698547,-0.5223547816,0.6950895786,-0.5387127399,-0.3038422763,0.4631488919,-0.3304544091,0.0957148671,0.2945821285,0.1378530264,0.3896616399,0.6724713445,0.6215373278,-0.0994028300,0.0000000000,0.0000000000,0.0000000000,0.0000000000,0.0000000000,0.0000000000,-0.3750114441,0.3588976860,-0.3066499829,0.9852852225,-0.1662126034,-0.0457692742,0.2567807436,0.6776952147,0.1344904453,-0.6759794950,
7009.186,0.1831110567,0.0000000000,0.9765923023,0.0638447255,0.0048829615,-1.0104068518,-0.1551561058,-0.0384533219,-0.4310434163,-0.0002321973,0.0087128095,-0.0124687552,0.0317306779,0.0936433300,-0.9952101111,0.0049098074,-11.7801446915,-1.6479995251,16.3579216003,-0.5119785070,0.6875209808,-0.5363933444,-0.3042085171,0.4624164701,-0.3282570839,0.1047465801,0.2823524177,0.1386228800,0.3910587430,0.6731436849,0.6201848388,-0.0978005901,-11.7801446915,-1.6479995251,16.3579216003,-0.5119785070,0.6875209808,-0.5363933444,-0.3042085171,0.4624164701,-0.3282570839,0.1047465801,0.2823524177,0.1386228800,0.3910587430,0.6731436849,0.6201848388,-0.0978005901,0.0000000000,0.0000000000,0.0000000000,0.0000000000,0.0000000000,0.0000000000,-0.3750114441,0.3574327826,-0.3066499829,0.9852851629,-0.1662130803,-0.0457695723,0.2570635974,0.6776388288,0.1347736269,-0.6758720875,
7009.199,0.1220740378,0.0610370189,0.9765923023,0.0661641285,0.0019531846,-1.0106509924,-0.1527146250,-0.0397961363,-0.4331187010,0.0020709410,0.0057864375,-0.0127139091,0.0317387767,0.0936118811,-0.9952129126,0.0049112639,-11.5359964371,-3.9674062729,15.9306621552,-0.5091708302,0.6964324117,-0.5300454497,-0.3023774028,0.4652241468,-0.3263038993,0.1064946055,0.2866627574,0.1431588531,0.3925730884,0.6737748384,0.6187674999,-0.0963545069,-11.5359964371,-3.9674062729,15.9306621552,-0.5091708302,0.6964324117,-0.5300454497,-0.3023774028,0.4652241468,-0.3263038993,0.1064946055,0.2866627574,0.1431588531,0.3925730884,0.6737748384,0.6187674999,-0.0963545069,0.0000000000,0.0000000000,0.0000000000,0.0000000000,0.0000000000,0.0000000000,-0.3750114441,0.3559679091,-0.3066499829,0.9852852225,-0.1662136316,-0.0457699895,0.2573409379,0.6775835156,0.1350512803,-0.6757667065,
7009.212,0.1831110567,0.0610370189,0.9765923023,0.0655537620,0.0035401471,-1.0107730627,-0.1558885425,-0.0433362834,-0.4339731932,0.0014474764,0.0073795863,-0.0128368735,0.0317449942,0.0936178043,-0.9952119589,0.0049151503,-11.3528852463,-4.2725911140,16.1137733459,-0.5105136037,0.7109591961,-0.5272377729,-0.3004242182,0.4629047513,-0.3263038993,0.1040955782,0.2965742946,0.1441046596,0.3941033185,0.6744229198,0.6173073053,-0.0949281827,-11.3528852463,-4.2725911140,16.1137733459,-0.5105136037,0.7109591961,-0.5272377729,-0.3004242182,0.4629047513,-0.3263038993,0.1040955782,0.2965742946,0.1441046596,0.3941033185,0.6744229198,0.6173073053,-0.0949281827,0.0000000000,0.0000000000,0.0000000000,0.0000000000,0.0000000000,0.0000000000,-0.3723258078,0.3584093750,-0.3125095367,0.9852849245,-0.1662141234,-0.0457701087,0.2576105595,0.6775294542,0.1353212297,-0.6756640077,
7009.225,0.1220740378,0.0610370189,0.9765923023,0.0667745024,0.0042725913,-1.0110172033,-0.1554002464,-0.0438245796,-0.4315317273,0.0026492178,0.0081039462,-0.0130822062,0.0317547694,0.0936318859,-0.9952104688,0.0049124649,-11.0477008820,-4.3336281776,16.4799957275,-0.5134434104,0.7234107256,-0.5211340785,-0.2990813851,0.4624164701,-0.3303323388,0.1000836492,0.3043946028,0.1483216286,0.3956331313,0.6751157641,0.6157839298,-0.0935232192,-11.0477008820,-4.3336281776,16.4799957275,-0.5134434104,0.7234107256,-0.5211340785,-0.2990813851,0.4624164701,-0.3303323388,0.1000836492,0.3043946028,0.1483216286,0.3956331313,0.6751157641,0.6157839298,-0.0935232192,0.0000000000,0.0000000000,0.0000000000,0.0000000000,0.0000000000,0.0000000000,-0.3737907112,0.3574327826,-0.3105563521,0.9852849245,-0.1662146896,-0.0457704663,0.2578801513,0.6774754524,0.1355911344,-0.6755613089,
7009.238,0.1831110567,0.1220740378,1.0376293659,0.0633564293,0.0019531846,-1.0096743107,-0.1539353579,-0.0432142094,-0.4314096570,-0.0007819235,0.0057992530,-0.0117401481,0.0317605734,0.0936370417,-0.9952096939,0.0049205711,-10.0100708008,-4.6998505592,16.9682903290,-0.5158848763,0.7221900225,-0.5086824894,-0.2961516082,0.4613177776,-0.3319193125,0.0965836048,0.2986257672,0.1588783264,0.3971364796,0.6758739352,0.6141808033,-0.0922074914,-10.0100708008,-4.6998505592,16.9682903290,-0.5158848763,0.7221900225,-0.5086824894,-0.2961516082,0.4613177776,-0.3319193125,0.0965836048,0.2986257672,0.1588783264,0.3971364796,0.6758739352,0.6141808033,-0.0922074914,0.0000000000,0.0000000000,0.0000000000,0.0000000000,0.0000000000,0.0000000000,-0.3733024001,0.3564561903,-0.3125095367,0.9852848053,-0.1662151664,-0.0457707644,0.2581410110,0.6774230003,0.1358523518,-0.6754617691,
7009.251,0.1831110567,0.1220740378,0.9765923023,0.0654316843,0.0040284432,-1.0102847815,-0.1527146250,-0.0427259132,-0.4284798801,0.0012702271,0.0078782216,-0.0123521686,0.0317718685,0.0936455131,-0.9952086210,0.0049237739,-9.2165899277,-5.1271095276,16.9072551727,-0.5051423907,0.7116916180,-0.5127109885,-0.2992034554,0.4587542415,-0.3347270191,0.1062753797,0.2837276161,0.1530051231,0.3985824585,0.6766535044,0.6125696301,-0.0909614637,-9.2165899277,-5.1271095276,16.9072551727,-0.5051423907,0.7116916180,-0.5127109885,-0.2992034554,0.4587542415,-0.3347270191,0.1062753797,0.2837276161,0.1530051231,0.3985824585,0.6766535044,0.6125696301,-0.0909614637,0.0000000000,0.0000000000,0.0000000000,0.0000000000,0.0000000000,0.0000000000,-0.3745231628,0.3598742783,-0.3105563521,0.9852845669,-0.1662156731,-0.0457708240,0.2584142089,0.6773679256,0.1361259520,-0.6753573418,
7009.264,0.1831110567,0.1220740378,0.9765923023,0.0660420582,0.0025635548,-1.0106509924,-0.1572313607,-0.0434583575,-0.4329966009,0.0018547699,0.0064242720,-0.0127201080,0.0317842215,0.0936488882,-0.9952077866,0.0049305437,-8.7282934189,-5.2491836548,16.4189586639,-0.4853663743,0.7025361061,-0.5238196850,-0.2959074676,0.4654683173,-0.3303323388,0.1249608099,0.2703234553,0.1401506066,0.3999510109,0.6774320006,0.6109946966,-0.0897442997,-8.7282934189,-5.2491836548,16.4189586639,-0.4853663743,0.7025361061,-0.5238196850,-0.2959074676,0.4654683173,-0.3303323388,0.1249608099,0.2703234553,0.1401506066,0.3999510109,0.6774320006,0.6109946966,-0.0897442997,0.0000000000,0.0000000000,0.0000000000,0.0000000000,0.0000000000,0.0000000000,-0.3720816672,0.3623157442,-0.3125095367,0.9852845669,-0.1662162393,-0.0457713008,0.2586893737,0.6773124337,0.1364015043,-0.6752521396,
7009.277,0.1831110567,0.1220740378,0.9765923023,0.0671407208,0.0031739250,-1.0111392736,-0.1558885425,-0.0429700613,-0.4278694987,0.0029224530,0.0070425239,-0.0132104158,0.0317992829,0.0936510414,-0.9952071905,0.0049359929,-8.7893304825,-5.8595538139,14.7099218369,-0.4563127458,0.7096163630,-0.5318765640,-0.2962736785,0.4637592733,-0.3304544091,0.1529918015,0.2732967734,0.1303452253,0.4013048410,0.6781356335,0.6094968915,-0.0885637105,-8.7893304825,-5.8595538139,14.7099218369,-0.4563127458,0.7096163630,-0.5318765640,-0.2962736785,0.4637592733,-0.3304544091,0.1529918015,0.2732967734,0.1303452253,0.4013048410,0.6781356335,0.6094968915,-0.0885637105,0.0000000000,0.0000000000,0.0000000000,0.0000000000,0.0000000000,0.0000000000,-0.3737907112,0.3569445014,-0.3105563521,0.9852843881,-0.1662167609,-0.0457715392,0.2589520812,0.6772592664,0.1366645992,-0.6751515269,
7009.290,0.2441480756,0.0610370189,0.9765923023,0.0670186505,0.0028077029,-1.0108951330,-0.1569872200,-0.0390636921,-0.4279915690,0.0027807429,0.0066965860,-0.0129675865,0.0318083800,0.0935995281,-0.9952115417,0.0049453718,-9.2165899277,-6.7751092911,13.7333288193,-0.4625385404,0.7214575410,-0.5261390805,-0.2972502708,0.4657124579,-0.3244727850,0.1459317207,0.2810778320,0.1341601610,0.4027479887,0.6787213087,0.6080545783,-0.0874325857,-9.2165899277,-6.7751092911,13.7333288193,-0.4625385404,0.7214575410,-0.5261390805,-0.2972502708,0.4657124579,-0.3244727850,0.1459317207,0.2810778320,0.1341601610,0.4027479887,0.6787213087,0.6080545783,-0.0874325857,0.0000000000,0.0000000000,0.0000000000,0.0000000000,0.0000000000,0.0000000000,-0.3713492155,0.3554795980,-0.3086031675,0.9852844477,-0.1662172824,-0.0457720160,0.2592156827,0.6772058606,0.1369286180,-0.6750505567,
7009.303,0.1831110567,0.1220740378,0.9765923023,0.0665303543,0.0014648885,-1.0107730627,-0.1554002464,-0.0408948027,-0.4295785427,0.0022646114,0.0053699571,-0.0128473639,0.0318216160,0.0935756266,-0.9952134490,0.0049539744,-9.4607381821,-7.3854794502,13.0008850098,-0.4768211842,0.7282937169,-0.5205237269,-0.2961516082,0.4603411853,-0.3256935477,0.1309800744,0.2839272320,0.1377182007,0.4042485356,0.6792486906,0.6066180468,-0.0863839090,-9.4607381821,-7.3854794502,13.0008850098,-0.4768211842,0.7282937169,-0.5205237269,-0.2961516082,0.4603411853,-0.3256935477,0.1309800744,0.2839272320,0.1377182007,0.4042485356,0.6792486906,0.6066180468,-0.0863839090,0.0000000000,0.0000000000,0.0000000000,0.0000000000,0.0000000000,0.0000000000,-0.3728141189,0.3584093750,-0.3125095367,0.9852841496,-0.1662177294,-0.0457721949,0.2594754696,0.6771529913,0.1371888518,-0.6749507785,
7009.316,0.2441480756,0.1220740378,0.9765923023,0.0666524246,0.0020752586,-1.0104068518,-0.1591845453,-0.0382091738,-0.4361705482,0.0023582950,0.0060040504,-0.0124830604,0.0318350084,0.0935057253,-0.9952194691,0.0049648862,-8.8503675461,-6.7751092911,12.2074041367,-0.4956206083,0.7248756289,-0.5201574564,-0.2948088050,0.4635151327,-0.3225196004,0.1115573049,0.2767502964,0.1361091137,0.4056766927,0.6797329187,0.6052598953,-0.0853999034,-8.8503675461,-6.7751092911,12.2074041367,-0.4956206083,0.7248756289,-0.5201574564,-0.2948088050,0.4635151327,-0.3225196004,0.1115573049,0.2767502964,0.1361091137,0.4056766927,0.6797329187,0.6052598953,-0.0853999034,0.0000000000,0.0000000000,0.0000000000,0.0000000000,0.0000000000,0.0000000000,-0.3725699782,0.3593859673,-0.3125095367,0.9852842093,-0.1662182808,-0.0457726121,0.2597368658,0.6770998240,0.1374506652,-0.6748504043,
7009.329,0.1831110567,0.1220740378,0.9765923023,0.0671407208,0.0023194067,-1.0108951330,-0.1545457393,-0.0415051728,-0.4309213459,0.0028160885,0.0062599741,-0.0129733682,0.0318497308,0.0934921280,-0.9952202439,0.0049717464,-8.3010349274,-6.1647391319,12.0242929459,-0.4887844622,0.7235327959,-0.5151524544,-0.2937101424,0.4604632854,-0.3295999169,0.1176908910,0.2717351913,0.1392440796,0.4070279598,0.6802724004,0.6038801670,-0.0844390839,-8.3010349274,-6.1647391319,12.0242929459,-0.4887844622,0.7235327959,-0.5151524544,-0.2937101424,0.4604632854,-0.3295999169,0.1176908910,0.2717351913,0.1392440796,0.4070279598,0.6802724004,0.6038801670,-0.0844390839,0.0000000000,0.0000000000,0.0000000000,0.0000000000,0.0000000000,0.0000000000,-0.3718375266,0.3564561903,-0.3066499829,0.9852840900,-0.1662188172,-0.0457729101,0.2600038350,0.6770453453,0.1377181113,-0.6747477055,
7009.342,0.1831110567,0.1220740378,0.9765923023,0.0662862062,0.0040284432,-1.0113834143,-0.1569872200,-0.0386974700,-0.4342173636,0.0019355863,0.0079723010,-0.0134633780,0.0318628177,0.0934346989,-0.9952251911,0.0049727657,-7.8737754822,-6.1037020683,11.7191076279,-0.4884182215,0.7289040685,-0.5136875510,-0.2927335501,0.4627826810,-0.3267922103,0.1173570752,0.2735204101,0.1388697624,0.4083487093,0.6808002591,0.6025222540,-0.0835024342,-7.8737754822,-6.1037020683,11.7191076279,-0.4884182215,0.7289040685,-0.5136875510,-0.2927335501,0.4627826810,-0.3267922103,0.1173570752,0.2735204101,0.1388697624,0.4083487093,0.6808002591,0.6025222540,-0.0835024342,0.0000000000,0.0000000000,0.0000000000,0.0000000000,0.0000000000,0.0000000000,-0.3715933859,0.3588976860,-0.3066499829,0.9852837920,-0.1662192792,-0.0457730293,0.2602763772,0.6769895554,0.1379911900,-0.6746426821,
7009.355,0.1831110567,0.1220740378,0.9765923023,0.0667745024,0.0035401471,-1.0116275549,-0.1530808508,-0.0413830988,-0.4300668240,0.0023957118,0.0074896985,-0.0137093067,0.0318766497,0.0934242085,-0.9952257276,0.0049765860,-6.9582200050,-4.1505174637,10.9256267548,-0.4653462470,0.7324442267,-0.5136875510,-0.2904141247,0.4635151327,-0.3252052367,0.1394794285,0.2736294270,0.1373459697,0.4094858170,0.6813554168,0.6012610793,-0.0824899152,-6.9582200050,-4.1505174637,10.9256267548,-0.4653462470,0.7324442267,-0.5136875510,-0.2904141247,0.4635151327,-0.3252052367,0.1394794285,0.2736294270,0.1373459697,0.4094858170,0.6813554168,0.6012610793,-0.0824899152,0.0000000000,0.0000000000,0.0000000000,0.0000000000,0.0000000000,0.0000000000,-0.3720816672,0.3564561903,-0.3066499829,0.9852837920,-0.1662198454,-0.0457735062,0.2605404854,0.6769354939,0.1382557899,-0.6745408773,
7009.368,0.1831110567,0.0610370189,0.9765923023,0.0653096139,0.0021973327,-1.0113834143,-0.1549119502,-0.0410168767,-0.4343394339,0.0009205490,0.0061591761,-0.0134658813,0.0318813063,0.0934026241,-0.9952275753,0.0049824980,-6.8971829414,-3.8453321457,9.8879966736,-0.4561906755,0.7297586203,-0.5164952278,-0.2896817029,0.4592425227,-0.3300881982,0.1476940811,0.2676469088,0.1330789328,0.4105711281,0.6818954945,0.6000409722,-0.0815123320,-6.8971829414,-3.8453321457,9.8879966736,-0.4561906755,0.7297586203,-0.5164952278,-0.2896817029,0.4592425227,-0.3300881982,0.1476940811,0.2676469088,0.1330789328,0.4105711281,0.6818954945,0.6000409722,-0.0815123320,0.0000000000,0.0000000000,0.0000000000,0.0000000000,0.0000000000,0.0000000000,-0.3740348518,0.3554795980,-0.3105563521,0.9852838516,-0.1662203670,-0.0457739234,0.2607895434,0.6768844128,0.1385053098,-0.6744447947,
7009.381,0.1831110567,0.1220740378,0.9765923023,0.0684835389,0.0028077029,-1.0105289221,-0.1541795135,-0.0423596911,-0.4332407713,0.0040577352,0.0067787580,-0.0126138330,0.0318991989,0.0934009328,-0.9952270985,0.0049887532,-7.0192570686,-3.8453321457,8.7282934189,-0.4561906755,0.7314676642,-0.5185705423,-0.2907803655,0.4620502293,-0.3256935477,0.1468361318,0.2661889493,0.1295386553,0.4116506875,0.6823397875,0.5989242792,-0.0805548877,-7.0192570686,-3.8453321457,8.7282934189,-0.4561906755,0.7314676642,-0.5185705423,-0.2907803655,0.4620502293,-0.3256935477,0.1468361318,0.2661889493,0.1295386553,0.4116506875,0.6823397875,0.5989242792,-0.0805548877,0.0000000000,0.0000000000,0.0000000000,0.0000000000,0.0000000000,0.0000000000,-0.3745231628,0.3559679091,-0.3105563521,0.9852836132,-0.1662208885,-0.0457741618,0.2610383928,0.6768332124,0.1387546510,-0.6743485928,
7009.394,0.1831110567,0.1220740378,0.9765923023,0.0666524246,0.0024414808,-1.0107730627,-0.1568651348,-0.0378429517,-0.4273812175,0.0021991432,0.0064235190,-0.0128598213,0.0319127180,0.0933342576,-0.9952329993,0.0049933721,-7.4465165138,-3.4791100025,6.8971829414,-0.4751121700,0.7364726663,-0.5224769115,-0.2860194743,0.4620502293,-0.3208105862,0.1272124350,0.2682240009,0.1241453290,0.4127275944,0.6826602817,0.5979375839,-0.0796544850,-7.4465165138,-3.4791100025,6.8971829414,-0.4751121700,0.7364726663,-0.5224769115,-0.2860194743,0.4620502293,-0.3208105862,0.1272124350,0.2682240009,0.1241453290,0.4127275944,0.6826602817,0.5979375839,-0.0796544850,0.0000000000,0.0000000000,0.0000000000,0.0000000000,0.0000000000,0.0000000000,-0.3713492155,0.3588976860,-0.3086031675,0.9852837324,-0.1662214398,-0.0457746387,0.2613009512,0.6767791510,0.1390177459,-0.6742470860,
7009.407,0.1831110567,0.0610370189,0.9765923023,0.0681173131,0.0009765923,-1.0110172033,-0.1560106277,-0.0419934690,-0.4299447536,0.0036402196,0.0049767974,-0.0131055117,0.0319237970,0.0933233574,-0.9952335358,0.0050031859,-7.5075531006,-3.4180731773,6.4699239731,-0.4880520105,0.7435529828,-0.5116122961,-0.2896817029,0.4635151327,-0.3222754598,0.1136482358,0.2723742127,0.1334613562,0.4138325453,0.6829280257,0.5969836116,-0.0787767917,-7.5075531006,-3.4180731773,6.4699239731,-0.4880520105,0.7435529828,-0.5116122961,-0.2896817029,0.4635151327,-0.3222754598,0.1136482358,0.2723742127,0.1334613562,0.4138325453,0.6829280257,0.5969836116,-0.0787767917,0.0000000000,0.0000000000,0.0000000000,0.0000000000,0.0000000000,0.0000000000,-0.3720816672,0.3618274629,-0.3105563521,0.9852833152,-0.1662219167,-0.0457746387,0.2615648806,0.6767245531,0.1392822862,-0.6741447449,
7009.420,0.1831110567,0.1220740378,0.9155552983,0.0654316843,0.0030518509,-1.0112613440,-0.1556444019,-0.0389416181,-0.4304330647,0.0009334981,0.0070592049,-0.0133510828,0.0319342017,0.0932790413,-0.9952373505,0.0050063119,-7.1413311958,-2.9908139706,6.3478498459,-0.4943998456,0.7469710112,-0.5073397160,-0.2883388698,0.4638813436,-0.3267922103,0.1066582799,0.2729291916,0.1362338662,0.4148972929,0.6832279563,0.5960115194,-0.0779322609,-7.1413311958,-2.9908139706,6.3478498459,-0.4943998456,0.7469710112,-0.5073397160,-0.2883388698,0.4638813436,-0.3267922103,0.1066582799,0.2729291916,0.1362338662,0.4148972929,0.6832279563,0.5960115194,-0.0779322609,0.0000000000,0.0000000000,0.0000000000,0.0000000000,0.0000000000,0.0000000000,-0.3713492155,0.3559679091,-0.3125095367,0.9852833152,-0.1662224680,-0.0457750559,0.2618068159,0.6766745448,0.1395247281,-0.6740509868,
7009.433,0.1831110567,0.1220740378,0.9155552983,0.0671407208,0.0020752586,-1.0105289221,-0.1557664722,-0.0439466536,-0.4378795624,0.0026129112,0.0060945442,-0.0126206279,0.0319483168,0.0932976231,-0.9952350855,0.0050142375,-6.3478498459,-2.1973326206,5.8595538139,-0.4641254842,0.7414777279,-0.4984282851,-0.2850428820,0.4591204524,-0.3176366389,0.1361569464,0.2646659315,0.1438221931,0.4158603847,0.6835280657,0.5951117873,-0.0770382211,-6.3478498459,-2.1973326206,5.8595538139,-0.4641254842,0.7414777279,-0.4984282851,-0.2850428820,0.4591204524,-0.3176366389,0.1361569464,0.2646659315,0.1438221931,0.4158603847,0.6835280657,0.5951117873,-0.0770382211,0.0000000000,0.0000000000,0.0000000000,0.0000000000,0.0000000000,0.0000000000,-0.3718375266,0.3564561903,-0.3066499829,0.9852832556,-0.1662229449,-0.0457753539,0.2620632350,0.6766213775,0.1397817582,-0.6739514470,
7009.446,0.1220740378,0.0610370189,0.9155552983,0.0676290169,0.0029297769,-1.0108951330,-0.1555223316,-0.0415051728,-0.4276253581,0.0030800924,0.0069460911,-0.0129881501,0.0319590382,0.0932875052,-0.9952356815,0.0050134216,-6.4088869095,-2.1973326206,5.1271095276,-0.4552140832,0.7365947366,-0.5091708302,-0.2862636149,0.4611957073,-0.3159276247,0.1443078518,0.2571199536,0.1318066120,0.4167879820,0.6837838888,0.5942824483,-0.0761515349,-6.4088869095,-2.1973326206,5.1271095276,-0.4552140832,0.7365947366,-0.5091708302,-0.2862636149,0.4611957073,-0.3159276247,0.1443078518,0.2571199536,0.1318066120,0.4167879820,0.6837838888,0.5942824483,-0.0761515349,0.0000000000,0.0000000000,0.0000000000,0.0000000000,0.0000000000,0.0000000000,-0.3733024001,0.3593859673,-0.3125095367,0.9852832556,-0.1662234515,-0.0457757711,0.2623110116,0.6765699387,0.1400301158,-0.6738551855,
7009.459,0.1831110567,0.0610370189,0.9765923023,0.0676290169,0.0025635548,-1.0101627111,-0.1577196568,-0.0417493209,-0.4233527780,0.0030588582,0.0065900371,-0.0122571588,0.0319692306,0.0932702720,-0.9952370524,0.0050189248,-6.7140722275,-2.1362955570,4.1505174637,-0.4515518546,0.7330545783,-0.5205237269,-0.2841883600,0.4622943699,-0.3192236125,0.1472553611,0.2510295212,0.1192083359,0.4176881611,0.6840138435,0.5934933424,-0.0753032342,-6.7140722275,-2.1362955570,4.1505174637,-0.4515518546,0.7330545783,-0.5205237269,-0.2841883600,0.4622943699,-0.3192236125,0.1472553611,0.2510295212,0.1192083359,0.4176881611,0.6840138435,0.5934933424,-0.0753032342,0.0000000000,0.0000000000,0.0000000000,0.0000000000,0.0000000000,0.0000000000,-0.3725699782,0.3545030057,-0.3066499829,0.9852830172,-0.1662239283,-0.0457758904,0.2625589371,0.6765183210,0.1402786523,-0.6737586856,
7009.472,0.1831110567,0.0610370189,0.9765923023,0.0677510947,0.0039063692,-1.0099185705,-0.1562547684,-0.0394299142,-0.4309213459,0.0031591505,0.0079363305,-0.0120144486,0.0319801569,0.0932253897,-0.9952408671,0.0050202352,-7.8737754822,-3.7232582569,2.6245918274,-0.4859767556,0.7372050881,-0.5094149709,-0.2857753336,0.4602191150,-0.3192236125,0.1125511527,0.2527094483,0.1287108660,0.4187735617,0.6840684414,0.5927534699,-0.0746043250,-7.8737754822,-3.7232582569,2.6245918274,-0.4859767556,0.7372050881,-0.5094149709,-0.2857753336,0.4602191150,-0.3192236125,0.1125511527,0.2527094483,0.1287108660,0.4187735617,0.6840684414,0.5927534699,-0.0746043250,0.0000000000,0.0000000000,0.0000000000,0.0000000000,0.0000000000,0.0000000000,-0.3728141189,0.3613391519,-0.3105563521,0.9852830172,-0.1662244946,-0.0457763076,0.2628147602,0.6764650345,0.1405351013,-0.6736590862,
7009.485,0.1220740378,0.0610370189,0.9765923023,0.0660420582,0.0051271096,-1.0106509924,-0.1561326981,-0.0412610248,-0.4317758679,0.0014370903,0.0091438852,-0.0127476454,0.0319873728,0.0932045206,-0.9952425361,0.0050136074,-8.0568866730,-5.0050354004,3.3570361137,-0.5322428346,0.7646718025,-0.4878078699,-0.2835779786,0.4620502293,-0.3184911609,0.0662395358,0.2775969505,0.1483950615,0.4200251400,0.6841098666,0.5918940902,-0.0740097240,-8.0568866730,-5.0050354004,3.3570361137,-0.5322428346,0.7646718025,-0.4878078699,-0.2835779786,0.4620502293,-0.3184911609,0.0662395358,0.2775969505,0.1483950615,0.4200251400,0.6841098666,0.5918940902,-0.0740097240,0.0000000000,0.0000000000,0.0000000000,0.0000000000,0.0000000000,0.0000000000,-0.3715933859,0.3579210937,-0.3125095367,0.9852828383,-0.1662249863,-0.0457765460,0.2630556226,0.6764146686,0.1407765597,-0.6735651493,
7009.498,0.1220740378,0.0610370189,0.9155552983,0.0662862062,0.0030518509,-1.0119937658,-0.1568651348,-0.0424817652,-0.4295785427,0.0016674325,0.0070650908,-0.0140913129,0.0319944210,0.0932031870,-0.9952425361,0.0050124484,-7.3244423866,-4.6998505592,5.7374796867,-0.5894955397,0.7967772484,-0.4792626798,-0.2849208117,0.4616840184,-0.3177587092,0.0088518858,0.3069854081,0.1549787223,0.4212960899,0.6842532158,0.5908988118,-0.0734089985,-7.3244423866,-4.6998505592,5.7374796867,-0.5894955397,0.7967772484,-0.4792626798,-0.2849208117,0.4616840184,-0.3177587092,0.0088518858,0.3069854081,0.1549787223,0.4212960899,0.6842532158,0.5908988118,-0.0734089985,0.0000000000,0.0000000000,0.0000000000,0.0000000000,0.0000000000,0.0000000000,-0.3735465705,0.3545030057,-0.3105563521,0.9852827191,-0.1662254781,-0.0457767844,0.2632893920,0.6763657331,0.1410109252,-0.6734738946,
7009.511,0.1831110567,0.0610370189,0.9155552983,0.0666524246,0.0021973327,-1.0095522404,-0.1566209942,-0.0395519882,-0.4333628416,0.0020173565,0.0062218793,-0.0116508603,0.0320022181,0.0931638852,-0.9952458739,0.0050175786,-6.8971829414,-4.0894804001,11.4749593735,-0.5183263421,0.7789544463,-0.5207678676,-0.2827234864,0.4591204524,-0.3158055246,0.0790522695,0.2859018743,0.1118590832,0.4224119484,0.6847934723,0.5895888209,-0.0724889338,-6.8971829414,-4.0894804001,11.4749593735,-0.5183263421,0.7789544463,-0.5207678676,-0.2827234864,0.4591204524,-0.3158055246,0.0790522695,0.2859018743,0.1118590832,0.4224119484,0.6847934723,0.5895888209,-0.0724889338,0.0000000000,0.0000000000,0.0000000000,0.0000000000,0.0000000000,0.0000000000,-0.3718375266,0.3559679091,-0.3086031675,0.9852827787,-0.1662259996,-0.0457773209,0.2635320127,0.6763148904,0.1412541866,-0.6733791828,
7009.524,0.1831110567,0.0610370189,0.9765923023,0.0667745024,0.0012207404,-1.0101627111,-0.1557664722,-0.0395519882,-0.4287240207,0.0021228567,0.0052620615,-0.0122624636,0.0320099108,0.0931226611,-0.9952494502,0.0050253822,-8.7282934189,-5.7985167503,11.9022188187,-0.4972075522,0.7542954683,-0.5644703507,-0.2796716094,0.4620502293,-0.3137302697,0.0992375910,0.2578738928,0.0664009452,0.4236076772,0.6853159666,0.5882356763,-0.0715603083,-8.7282934189,-5.7985167503,11.9022188187,-0.4972075522,0.7542954683,-0.5644703507,-0.2796716094,0.4620502293,-0.3137302697,0.0992375910,0.2578738928,0.0664009452,0.4236076772,0.6853159666,0.5882356763,-0.0715603083,0.0000000000,0.0000000000,0.0000000000,0.0000000000,0.0000000000,0.0000000000,-0.3730582595,0.3525498211,-0.3086031675,0.9852825999,-0.1662264913,-0.0457775593,0.2637630105,0.6762663722,0.1414857954,-0.6732888222,
7009.537,0.1831110567,0.1220740378,0.9765923023,0.0695822015,0.0015869625,-1.0112613440,-0.1574755162,-0.0383312479,-0.4275032878,0.0048899874,0.0056431782,-0.0133638382,0.0320297517,0.0930614397,-0.9952545166,0.0050327256,-11.7191076279,-7.6906642914,11.7801446915,-0.4904934764,0.7300027609,-0.5903500319,-0.2829676270,0.4585101008,-0.3169042170,0.1051936150,0.2300281525,0.0384289026,0.4249981046,0.6857248545,0.5868682265,-0.0706196725,-11.7191076279,-7.6906642914,11.7801446915,-0.4904934764,0.7300027609,-0.5903500319,-0.2829676270,0.4585101008,-0.3169042170,0.1051936150,0.2300281525,0.0384289026,0.4249981046,0.6857248545,0.5868682265,-0.0706196725,0.0000000000,0.0000000000,0.0000000000,0.0000000000,0.0000000000,0.0000000000,-0.3718375266,0.3549913168,-0.3086031675,0.9852824211,-0.1662269831,-0.0457777977,0.2640004456,0.6762163639,0.1417238861,-0.6731958389,
7009.550,0.1831110567,0.0610370189,0.9765923023,0.0690939054,0.0032959990,-1.0111392736,-0.1536912173,-0.0404065065,-0.4271370471,0.0043743178,0.0073586036,-0.0132435560,0.0320432223,0.0930379033,-0.9952562451,0.0050364281,-17.5786609650,-12.8788108826,10.7425155640,-0.4581438601,0.7107150555,-0.5608081222,-0.2810144424,0.4577776492,-0.3154393137,0.1373880208,0.2066127062,0.0648154616,0.4270005822,0.6858426332,0.5853844881,-0.0697046593,-17.5786609650,-12.8788108826,10.7425155640,-0.4581438601,0.7107150555,-0.5608081222,-0.2810144424,0.4577776492,-0.3154393137,0.1373880208,0.2066127062,0.0648154616,0.4270005822,0.6858426332,0.5853844881,-0.0697046593,0.0000000000,0.0000000000,0.0000000000,0.0000000000,0.0000000000,0.0000000000,-0.3733024001,0.3540147245,-0.3105563521,0.9852824211,-0.1662274897,-0.0457780957,0.2642281950,0.6761683822,0.1419522613,-0.6731066108,
7009.563,0.1831110567,0.0610370189,0.9155552983,0.0670186505,0.0073244423,-1.0110172033,-0.1528366953,-0.0391857661,-0.4276253581,0.0022819191,0.0113728251,-0.0131225586,0.0320525840,0.0930062011,-0.9952590466,0.0050291233,-18.7994022369,-14.4657735825,9.8879966736,-0.4703512788,0.7341532707,-0.5171056390,-0.2775963545,0.4591204524,-0.3147068620,0.1253392100,0.2257748842,0.1048978567,0.4292489588,0.6858482957,0.5838299394,-0.0688736364,-18.7994022369,-14.4657735825,9.8879966736,-0.4703512788,0.7341532707,-0.5171056390,-0.2775963545,0.4591204524,-0.3147068620,0.1253392100,0.2257748842,0.1048978567,0.4292489588,0.6858482957,0.5838299394,-0.0688736364,0.0000000000,0.0000000000,0.0000000000,0.0000000000,0.0000000000,0.0000000000,-0.3105563521,0.3540147245,-0.3086031675,0.9852822423,-0.1662279963,-0.0457783341,0.2644964159,0.6761116982,0.1422212869,-0.6730013490,
7009.576,0.1831110567,0.0000000000,0.8545182943,0.0648213178,0.0054933317,-1.0090639591,-0.1555223316,-0.0394299142,-0.4359263778,0.0000883564,0.0095358603,-0.0111690164,0.0320511460,0.0929739103,-0.9952619672,0.0050249933,-18.3111057281,-13.9164400101,9.4607381821,-0.4771874249,0.7617419958,-0.4751121700,-0.2802819908,0.4614398777,-0.3142185807,0.1186772287,0.2490685582,0.1431895792,0.4315325618,0.6858165264,0.5822799802,-0.0680350438,-18.3111057281,-13.9164400101,9.4607381821,-0.4771874249,0.7617419958,-0.4751121700,-0.2802819908,0.4614398777,-0.3142185807,0.1186772287,0.2490685582,0.1431895792,0.4315325618,0.6858165264,0.5822799802,-0.0680350438,0.0000000000,0.0000000000,0.0000000000,0.0000000000,0.0000000000,0.0000000000,-0.3117770851,0.3525498211,-0.3066499829,0.9852822423,-0.1662285179,-0.0457788110,0.2647635341,0.6760551929,0.1424892247,-0.6728965044,
7009.589,0.1831110567,0.0000000000,0.8545182943,0.0628681332,0.0053712577,-1.0102847815,-0.1550340354,-0.0389416181,-0.4278694987,-0.0018511415,0.0094085950,-0.0123889446,0.0320447348,0.0929385945,-0.9952657223,0.0050206305,-15.1371803284,-8.6672563553,9.0334787369,-0.4732810557,0.8020264506,-0.4531388283,-0.2794274688,0.4626606107,-0.3136081994,0.1221868694,0.2853204608,0.1621823907,0.4334130883,0.6859202385,0.5808765292,-0.0670259446,-15.1371803284,-8.6672563553,9.0334787369,-0.4732810557,0.8020264506,-0.4531388283,-0.2794274688,0.4626606107,-0.3136081994,0.1221868694,0.2853204608,0.1621823907,0.4334130883,0.6859202385,0.5808765292,-0.0670259446,0.0000000000,0.0000000000,0.0000000000,0.0000000000,0.0000000000,0.0000000000,-0.3718375266,0.3535264134,-0.3125095367,0.9852820635,-0.1662290245,-0.0457789898,0.2649820149,0.6760088205,0.1427083313,-0.6728105545,
7009.602,0.2441480756,0.0610370189,0.8545182943,0.0648213178,0.0021973327,-1.0102847815,-0.1568651348,-0.0373546556,-0.4282357395,0.0000954792,0.0062558209,-0.0123894215,0.0320473388,0.0928777829,-0.9952710867,0.0050295140,-13.6722927094,-5.0050354004,8.3620719910,-0.4625385404,0.8023926616,-0.4625385404,-0.2784508765,0.4604632854,-0.3125095367,0.1321366429,0.2819089293,0.1503615379,0.4349807799,0.6860877275,0.5796352029,-0.0658916086,-13.6722927094,-5.0050354004,8.3620719910,-0.4625385404,0.8023926616,-0.4625385404,-0.2784508765,0.4604632854,-0.3125095367,0.1321366429,0.2819089293,0.1503615379,0.4349807799,0.6860877275,0.5796352029,-0.0658916086,0.0000000000,0.0000000000,0.0000000000,0.0000000000,0.0000000000,0.0000000000,-0.3108004928,0.3545030057,-0.3105563521,0.9852821231,-0.1662295461,-0.0457795858,0.2652426660,0.6759535074,0.1429698020,-0.6727080345,
7009.615,0.2441480756,0.1220740378,0.9155552983,0.0631122813,0.0029297769,-1.0094301701,-0.1562547684,-0.0406506546,-0.4328745306,-0.0016225725,0.0070063700,-0.0115355253,0.0320511013,0.0928553119,-0.9952731133,0.0050382270,-13.0008850098,-2.2583696842,7.1413311958,-0.4425183833,0.7931150198,-0.4627826810,-0.2790612578,0.4565569162,-0.3115329444,0.1511156857,0.2690612674,0.1480820179,0.4363342524,0.6862474680,0.5785673857,-0.0646534562,-13.0008850098,-2.2583696842,7.1413311958,-0.4425183833,0.7931150198,-0.4627826810,-0.2790612578,0.4565569162,-0.3115329444,0.1511156857,0.2690612674,0.1480820179,0.4363342524,0.6862474680,0.5785673857,-0.0646534562,0.0000000000,0.0000000000,0.0000000000,0.0000000000,0.0000000000,0.0000000000,-0.3093356192,0.3545030057,-0.3105563521,0.9852818251,-0.1662300378,-0.0457796454,0.2655027807,0.6758980751,0.1432307810,-0.6726054549,
7009.628,0.2441480756,0.1831110567,0.9155552983,0.0648213178,-0.0014648885,-1.0099185705,-0.1529587656,-0.0410168767,-0.4355601668,0.0000586510,0.0026514535,-0.0120258927,0.0320631787,0.0928457826,-0.9952733517,0.0050590141,-12.5125885010,-2.0752587318,4.2115545273,-0.4338511229,0.7822504640,-0.4276253581,-0.2821131051,0.4631488919,-0.3193456829,0.1590221524,0.2549381256,0.1811711788,0.4376769662,0.6862895489,0.5776228309,-0.0635656491,-12.5125885010,-2.0752587318,4.2115545273,-0.4338511229,0.7822504640,-0.4276253581,-0.2821131051,0.4631488919,-0.3193456829,0.1590221524,0.2549381256,0.1811711788,0.4376769662,0.6862895489,0.5776228309,-0.0635656491,0.0000000000,0.0000000000,0.0000000000,0.0000000000,0.0000000000,0.0000000000,-0.3095797598,0.3545030057,-0.3086031675,0.9852817059,-0.1662305593,-0.0457800031,0.2657664120,0.6758418679,0.1434952766,-0.6725014448,
7009.641,0.2441480756,0.2441480756,0.9155552983,0.0634784997,-0.0012207404,-1.0100406408,-0.1533249915,-0.0397961363,-0.4349497855,-0.0013158768,0.0029339520,-0.0121501088,0.0320773348,0.0928191319,-0.9952754974,0.0050787311,-12.0853300095,-3.3570361137,3.6011841297,-0.4554582238,0.7876216769,-0.4193243086,-0.2812585831,0.4572893381,-0.3142185807,0.1369262338,0.2571992278,0.1872431934,0.4390829504,0.6862677336,0.5766833425,-0.0626291931,-12.0853300095,-3.3570361137,3.6011841297,-0.4554582238,0.7876216769,-0.4193243086,-0.2812585831,0.4572893381,-0.3142185807,0.1369262338,0.2571992278,0.1872431934,0.4390829504,0.6862677336,0.5766833425,-0.0626291931,0.0000000000,0.0000000000,0.0000000000,0.0000000000,0.0000000000,0.0000000000,-0.3117770851,0.3535264134,-0.3066499829,0.9852817655,-0.1662311107,-0.0457804203,0.2660297453,0.6757856607,0.1437595040,-0.6723974943,
7009.654,0.2441480756,0.2441480756,0.9155552983,0.0644550920,0.0012207404,-1.0100406408,-0.1510055810,-0.0372325815,-0.4340952933,-0.0003755838,0.0054015233,-0.0121526122,0.0320945047,0.0927649364,-0.9952797294,0.0050916704,-11.4139223099,-3.8453321457,3.9674062729,-0.4786522985,0.7965331078,-0.4213995934,-0.2822351754,0.4583880007,-0.3075045049,0.1133219600,0.2630898952,0.1829161048,0.4404873550,0.6862272024,0.5757547021,-0.0617499202,-11.4139223099,-3.8453321457,3.9674062729,-0.4786522985,0.7965331078,-0.4213995934,-0.2822351754,0.4583880007,-0.3075045049,0.1133219600,0.2630898952,0.1829161048,0.4404873550,0.6862272024,0.5757547021,-0.0617499202,0.0000000000,0.0000000000,0.0000000000,0.0000000000,0.0000000000,0.0000000000,-0.3112888038,0.3554795980,-0.3105563521,0.9852814078,-0.1662315726,-0.0457804203,0.2662873864,0.6757304072,0.1440180540,-0.6722955108,
7009.667,0.1831110567,0.3051851094,0.9765923023,0.0644550920,0.0002441481,-1.0097965002,-0.1558885425,-0.0418713950,-0.4354380965,-0.0004223883,0.0044457852,-0.0119115710,0.0321169347,0.0927526727,-0.9952800870,0.0051038396,-9.8269596100,-3.7232582569,5.7985167503,-0.5050203204,0.8088625669,-0.4397106767,-0.2817468941,0.4587542415,-0.3073824346,0.0863992572,0.2724636793,0.1625290513,0.4417793751,0.6863394380,0.5747185349,-0.0609188266,-9.8269596100,-3.7232582569,5.7985167503,-0.5050203204,0.8088625669,-0.4397106767,-0.2817468941,0.4587542415,-0.3073824346,0.0863992572,0.2724636793,0.1625290513,0.4417793751,0.6863394380,0.5747185349,-0.0609188266,0.0000000000,0.0000000000,0.0000000000,0.0000000000,0.0000000000,0.0000000000,-0.3088473082,0.3554795980,-0.3105563521,0.9852814674,-0.1662321240,-0.0457808971,0.2665451765,0.6756751537,0.1442767382,-0.6721935272,
7009.680,0.1831110567,0.2441480756,0.9765923023,0.0677510947,0.0002441481,-1.0113834143,-0.1549119502,-0.0410168767,-0.4358043075,0.0028219745,0.0044665430,-0.0135019422,0.0321418233,0.0927318782,-0.9952811599,0.0051159104,-9.2776269913,-3.6011841297,6.6530351639,-0.5000152588,0.8082522154,-0.4400769174,-0.2811365128,0.4583880007,-0.3111667335,0.0907351375,0.2688800693,0.1601615846,0.4430225194,0.6865521669,0.5735928416,-0.0600983575,-9.2776269913,-3.6011841297,6.6530351639,-0.5000152588,0.8082522154,-0.4400769174,-0.2811365128,0.4583880007,-0.3111667335,0.0907351375,0.2688800693,0.1601615846,0.4430225194,0.6865521669,0.5735928416,-0.0600983575,0.0000000000,0.0000000000,0.0000000000,0.0000000000,0.0000000000,0.0000000000,-0.3125095367,0.3579210937,-0.2929776907,0.9852812290,-0.1662326455,-0.0457810163,0.2668515742,0.6756092310,0.1445843130,-0.6720719934,
7009.693,0.1831110567,0.3051851094,0.9155552983,0.0703146458,0.0003662221,-1.0111392736,-0.1540574431,-0.0411389507,-0.4338511229,0.0053107962,0.0046079862,-0.0132628083,0.0321782418,0.0927207395,-0.9952809811,0.0051286747,-8.9114046097,-4.2725911140,7.3244423866,-0.4998931885,0.8061769605,-0.4329966009,-0.2807703018,0.4583880007,-0.3098239005,0.0902029276,0.2638120055,0.1651860178,0.4442860484,0.6868004799,0.5723983049,-0.0593177974,-8.9114046097,-4.2725911140,7.3244423866,-0.4998931885,0.8061769605,-0.4329966009,-0.2807703018,0.4583880007,-0.3098239005,0.0902029276,0.2638120055,0.1651860178,0.4442860484,0.6868004799,0.5723983049,-0.0593177974,0.0000000000,0.0000000000,0.0000000000,0.0000000000,0.0000000000,0.0000000000,-0.3110446632,0.3545030057,-0.3086031675,0.9852812290,-0.1662331969,-0.0457815528,0.2671075165,0.6755541563,0.1448411793,-0.6719704866,
7009.706,0.1831110567,0.2441480756,0.9155552983,0.0697042793,0.0023194067,-1.0117496252,-0.1556444019,-0.0401623584,-0.4406872690,0.0046398863,0.0065708212,-0.0138770938,0.0322081260,0.0926909521,-0.9952828884,0.0051353332,-7.3244423866,-5.9205908775,8.7282934189,-0.4996490479,0.8005615473,-0.4206671417,-0.2771080732,0.4577776492,-0.3064058423,0.0898508430,0.2552338243,0.1754066050,0.4455559552,0.6871653795,0.5710375309,-0.0586769804,-7.3244423866,-5.9205908775,8.7282934189,-0.4996490479,0.8005615473,-0.4206671417,-0.2771080732,0.4577776492,-0.3064058423,0.0898508430,0.2552338243,0.1754066050,0.4455559552,0.6871653795,0.5710375309,-0.0586769804,0.0000000000,0.0000000000,0.0000000000,0.0000000000,0.0000000000,0.0000000000,-0.3093356192,0.3564561903,-0.3125095367,0.9852811694,-0.1662336886,-0.0457817912,0.2673585415,0.6754999757,0.1450931430,-0.6718707681,
7009.719,0.1220740378,0.1220740378,0.9765923023,0.0739768669,0.0045167394,-1.0123599768,-0.1544236541,-0.0373546556,-0.4366588295,0.0088528320,0.0087570073,-0.0144912601,0.0322387330,0.0926233679,-0.9952881336,0.0051303674,-6.4699239731,-5.3712577820,9.2165899277,-0.4792626798,0.7961668968,-0.4320200086,-0.2769860029,0.4600970447,-0.3088473082,0.1094498932,0.2479262352,0.1621578336,0.4467048943,0.6876320243,0.5696442127,-0.0580156259,-6.4699239731,-5.3712577820,9.2165899277,-0.4792626798,0.7961668968,-0.4320200086,-0.2769860029,0.4600970447,-0.3088473082,0.1094498932,0.2479262352,0.1621578336,0.4467048943,0.6876320243,0.5696442127,-0.0580156259,0.0000000000,0.0000000000,0.0000000000,0.0000000000,0.0000000000,0.0000000000,-0.3713492155,0.3559679091,-0.3086031675,0.9852811098,-0.1662341952,-0.0457822084,0.2675807476,0.6754519343,0.1453161389,-0.6717824340,
7009.732,0.1220740378,0.0610370189,0.9765923023,0.0743430927,0.0047608875,-1.0132144690,-0.1561326981,-0.0423596911,-0.4333628416,0.0091688186,0.0089888871,-0.0153490305,0.0322643742,0.0926175267,-0.9952878952,0.0051264027,-6.1037020683,-5.1271095276,9.2165899277,-0.4605853558,0.7933591604,-0.4300668240,-0.2779625952,0.4592425227,-0.3061617017,0.1272509098,0.2422263026,0.1623009443,0.4478066266,0.6881068349,0.5682749152,-0.0573179461,-6.1037020683,-5.1271095276,9.2165899277,-0.4605853558,0.7933591604,-0.4300668240,-0.2779625952,0.4592425227,-0.3061617017,0.1272509098,0.2422263026,0.1623009443,0.4478066266,0.6881068349,0.5682749152,-0.0573179461,0.0000000000,0.0000000000,0.0000000000,0.0000000000,0.0000000000,0.0000000000,-0.3735465705,0.3549913168,-0.3066499829,0.9852809906,-0.1662347019,-0.0457825065,0.2678026855,0.6754038334,0.1455388814,-0.6716940999,
7009.745,0.1831110567,0.0000000000,0.9155552983,0.0740989447,0.0031739250,-1.0108951330,-0.1557664722,-0.0428479873,-0.4294564724,0.0088856667,0.0074074459,-0.0130321980,0.0322835296,0.0926253870,-0.9952864647,0.0051312209,-6.2868127823,-5.8595538139,8.1789608002,-0.4486220777,0.8133792877,-0.4322641790,-0.2762535512,0.4561906755,-0.3086031675,0.1384399831,0.2593925595,0.1582068503,0.4489447176,0.6885632277,0.5668857098,-0.0566842072,-6.2868127823,-5.8595538139,8.1789608002,-0.4486220777,0.8133792877,-0.4322641790,-0.2762535512,0.4561906755,-0.3086031675,0.1384399831,0.2593925595,0.1582068503,0.4489447176,0.6885632277,0.5668857098,-0.0566842072,0.0000000000,0.0000000000,0.0000000000,0.0000000000,0.0000000000,0.0000000000,-0.3713492155,0.3535264134,-0.3125095367,0.9852809310,-0.1662351787,-0.0457829237,0.2680060267,0.6753597260,0.1457429528,-0.6716131568,
7009.758,0.1220740378,-0.0610370189,0.9765923023,0.0737327188,0.0007324442,-1.0118716955,-0.1556444019,-0.0434583575,-0.4283578098,0.0084934235,0.0049735820,-0.0140105486,0.0322960876,0.0926360115,-0.9952851534,0.0051365676,-6.5309610367,-5.7374796867,7.7517013550,-0.4568010569,0.8166753054,-0.4339731932,-0.2750328183,0.4589983821,-0.3097018301,0.1295320392,0.2598863840,0.1545842290,0.4500850439,0.6889971495,0.5655130148,-0.0560780391,-6.5309610367,-5.7374796867,7.7517013550,-0.4568010569,0.8166753054,-0.4339731932,-0.2750328183,0.4589983821,-0.3097018301,0.1295320392,0.2598863840,0.1545842290,0.4500850439,0.6889971495,0.5655130148,-0.0560780391,0.0000000000,0.0000000000,0.0000000000,0.0000000000,0.0000000000,0.0000000000,-0.3093356192,0.3535264134,-0.3105563521,0.9852807522,-0.1662357002,-0.0457831621,0.2682494521,0.6753067970,0.1459873170,-0.6715160608,
7009.771,0.1220740378,-0.1220740378,0.9765923023,0.0733665004,0.0009765923,-1.0119937658,-0.1602832079,-0.0432142094,-0.4320200086,0.0081138387,0.0052241064,-0.0141335130,0.0323024951,0.0926293284,-0.9952853918,0.0051401495,-6.5919981003,-5.3712577820,7.4465165138,-0.4675435722,0.8106936812,-0.4349497855,-0.2771080732,0.4589983821,-0.3042085171,0.1180899441,0.2511862516,0.1517238319,0.4512071908,0.6893584728,0.5642384887,-0.0554548837,-6.5919981003,-5.3712577820,7.4465165138,-0.4675435722,0.8106936812,-0.4349497855,-0.2771080732,0.4589983821,-0.3042085171,0.1180899441,0.2511862516,0.1517238319,0.4512071908,0.6893584728,0.5642384887,-0.0554548837,0.0000000000,0.0000000000,0.0000000000,0.0000000000,0.0000000000,0.0000000000,-0.3117770851,0.3505966365,-0.3125095367,0.9852806330,-0.1662362218,-0.0457834601,0.2684772611,0.6752572060,0.1462160051,-0.6714251041,
7009.784,0.1831110567,-0.1220740378,1.0376293659,0.0687276870,0.0018311106,-1.0104068518,-0.1569872200,-0.0408948027,-0.4278694987,0.0034839734,0.0060920715,-0.0125460625,0.0322975703,0.0925980210,-0.9952885509,0.0051454138,-6.0426650047,-3.9674062729,7.3244423866,-0.4641254842,0.7959227562,-0.4465468228,-0.2694174051,0.4586321712,-0.3055513203,0.1206610501,0.2338370681,0.1385054886,0.4521794617,0.6898075342,0.5629697442,-0.0548412278,-6.0426650047,-3.9674062729,7.3244423866,-0.4641254842,0.7959227562,-0.4465468228,-0.2694174051,0.4586321712,-0.3055513203,0.1206610501,0.2338370681,0.1385054886,0.4521794617,0.6898075342,0.5629697442,-0.0548412278,0.0000000000,0.0000000000,0.0000000000,0.0000000000,0.0000000000,0.0000000000,-0.3095797598,0.3530381322,-0.3125095367,0.9852806330,-0.1662367433,-0.0457838774,0.2687119246,0.6752060652,0.1464515924,-0.6713314056,
7009.797,0.1220740378,-0.1831110567,1.0376293659,0.0662862062,0.0013428144,-1.0105289221,-0.1558885425,-0.0430921353,-0.4320200086,0.0010741055,0.0056089312,-0.0126661062,0.0322815776,0.0925970674,-0.9952890873,0.0051464825,-5.8595538139,-3.2349619865,7.0192570686,-0.4525284469,0.7874996066,-0.4456923008,-0.2766197622,0.4593645930,-0.3101901412,0.1313347518,0.2228971124,0.1378575563,0.4530874491,0.6902514100,0.5617572665,-0.0541924909,-5.8595538139,-3.2349619865,7.0192570686,-0.4525284469,0.7874996066,-0.4456923008,-0.2766197622,0.4593645930,-0.3101901412,0.1313347518,0.2228971124,0.1378575563,0.4530874491,0.6902514100,0.5617572665,-0.0541924909,0.0000000000,0.0000000000,0.0000000000,0.0000000000,0.0000000000,0.0000000000,-0.3108004928,0.3545030057,-0.2910245061,0.9852803349,-0.1662372351,-0.0457840562,0.2690043449,0.6751421094,0.1467452794,-0.6712143421,
7009.810,0.1831110567,-0.1831110567,0.9765923023,0.0645771697,0.0032959990,-1.0096743107,-0.1561326981,-0.0432142094,-0.4328745306,-0.0005954131,0.0075675156,-0.0118089318,0.0322615914,0.0926024392,-0.9952893257,0.0051475088,-5.6764426231,-3.1128878593,6.5919981003,-0.4356822371,0.7839594483,-0.4365367591,-0.2722251117,0.4631488919,-0.3082369566,0.1472432017,0.2168720961,0.1455399096,0.4539760649,0.6906976700,0.5605517626,-0.0535482094,-5.6764426231,-3.1128878593,6.5919981003,-0.4356822371,0.7839594483,-0.4365367591,-0.2722251117,0.4631488919,-0.3082369566,0.1472432017,0.2168720961,0.1455399096,0.4539760649,0.6906976700,0.5605517626,-0.0535482094,0.0000000000,0.0000000000,0.0000000000,0.0000000000,0.0000000000,0.0000000000,-0.3100680709,0.3515732288,-0.3066499829,0.9852804542,-0.1662378013,-0.0457845926,0.2692468464,0.6750890613,0.1469887644,-0.6711173058,
7009.823,0.1220740378,-0.1831110567,0.9155552983,0.0628681332,0.0042725913,-1.0099185705,-0.1567430645,-0.0434583575,-0.4318979383,-0.0022566468,0.0085333213,-0.0120500326,0.0322382003,0.0926146135,-0.9952889085,0.0051403097,-5.5543684959,-5.9205908775,5.9816279411,-0.4521622360,0.8086184263,-0.4154179394,-0.2744224370,0.4563127458,-0.3024994731,0.1302281320,0.2390685081,0.1647877395,0.4550601840,0.6910342574,0.5593011379,-0.0530791432,-5.5543684959,-5.9205908775,5.9816279411,-0.4521622360,0.8086184263,-0.4154179394,-0.2744224370,0.4563127458,-0.3024994731,0.1302281320,0.2390685081,0.1647877395,0.4550601840,0.6910342574,0.5593011379,-0.0530791432,0.0000000000,0.0000000000,0.0000000000,0.0000000000,0.0000000000,0.0000000000,-0.3093356192,0.3535264134,-0.2910245061,0.9852800965,-0.1662382782,-0.0457847714,0.2695347369,0.6750258207,0.1472779512,-0.6710017920,
7009.836,0.1220740378,-0.1831110567,0.8545182943,0.0627460554,0.0032959990,-1.0113834143,-0.1532029212,-0.0404065065,-0.4297006130,-0.0023301765,0.0075501436,-0.0135117173,0.0322143584,0.0926030055,-0.9952908158,0.0051343977,-5.0050354004,-5.7985167503,6.2868127823,-0.4622943699,0.8202154636,-0.4259163141,-0.2735679150,0.4586321712,-0.3092135489,0.1195195019,0.2482613921,0.1525009274,0.4560885429,0.6914623976,0.5579711795,-0.0526748374,-5.0050354004,-5.7985167503,6.2868127823,-0.4622943699,0.8202154636,-0.4259163141,-0.2735679150,0.4586321712,-0.3092135489,0.1195195019,0.2482613921,0.1525009274,0.4560885429,0.6914623976,0.5579711795,-0.0526748374,0.0000000000,0.0000000000,0.0000000000,0.0000000000,0.0000000000,0.0000000000,-0.3122653961,0.3535264134,-0.3125095367,0.9852802753,-0.1662388444,-0.0457853675,0.2697638273,0.6749755740,0.1475079805,-0.6709099412,
7009.849,0.0610370189,-0.1831110567,0.9155552983,0.0632343516,0.0006103702,-1.0100406408,-0.1562547684,-0.0449232459,-0.4318979383,-0.0017963424,0.0048612752,-0.0121659636,0.0321916379,0.0926351547,-0.9952885509,0.0051317075,-4.6998505592,-4.9439983368,6.6530351639,-0.4716940820,0.8237556219,-0.4373912811,-0.2713705897,0.4597308338,-0.3045747280,0.1094276607,0.2494432926,0.1393830776,0.4570398927,0.6919054985,0.5566840172,-0.0522239953,-4.6998505592,-4.9439983368,6.6530351639,-0.4716940820,0.8237556219,-0.4373912811,-0.2713705897,0.4597308338,-0.3045747280,0.1094276607,0.2494432926,0.1393830776,0.4570398927,0.6919054985,0.5566840172,-0.0522239953,0.0000000000,0.0000000000,0.0000000000,0.0000000000,0.0000000000,0.0000000000,-0.3120212555,0.3525498211,-0.3086031675,0.9852799177,-0.1662393212,-0.0457853675,0.2699989676,0.6749237180,0.1477441639,-0.6708153486,
7009.862,0.1220740378,-0.0610370189,0.9765923023,0.0643330216,-0.0004882962,-1.0096743107,-0.1554002464,-0.0440687276,-0.4323862493,-0.0006791130,0.0037761354,-0.0117984414,0.0321816616,0.0926533863,-0.9952872396,0.0051381704,-4.6388134956,-3.2959990501,6.7751092911,-0.4530167580,0.8154546022,-0.4414197206,-0.2745445073,0.4587542415,-0.3020111620,0.1271722913,0.2387817502,0.1339372396,0.4578824937,0.6923480034,0.5554959774,-0.0516252480,-4.6388134956,-3.2959990501,6.7751092911,-0.4530167580,0.8154546022,-0.4414197206,-0.2745445073,0.4587542415,-0.3020111620,0.1271722913,0.2387817502,0.1339372396,0.4578824937,0.6923480034,0.5554959774,-0.0516252480,0.0000000000,0.0000000000,0.0000000000,0.0000000000,0.0000000000,0.0000000000,-0.3088473082,0.3515732288,-0.3125095367,0.9852800965,-0.1662398726,-0.0457859635,0.2702223361,0.6748745441,0.1479684561,-0.6707256436,
7009.875,0.1831110567,0.0000000000,0.9765923023,0.0645771697,0.0018311106,-1.0097965002,-0.1567430645,-0.0444349498,-0.4373912811,-0.0004282519,0.0061081597,-0.0119202137,0.0321776457,0.0926712826,-0.9952855110,0.0051447232,-4.9439983368,-3.6011841297,6.2868127823,-0.4444715679,0.8113040328,-0.4299447536,-0.2757652402,0.4571672678,-0.3062837720,0.1348541677,0.2322723866,0.1439118981,0.4587633610,0.6927786469,0.5542827249,-0.0510671623,-4.9439983368,-3.6011841297,6.2868127823,-0.4444715679,0.8113040328,-0.4299447536,-0.2757652402,0.4571672678,-0.3062837720,0.1348541677,0.2322723866,0.1439118981,0.4587633610,0.6927786469,0.5542827249,-0.0510671623,0.0000000000,0.0000000000,0.0000000000,0.0000000000,0.0000000000,0.0000000000,-0.3090914786,0.3515732288,-0.3105563521,0.9852797985,-0.1662403494,-0.0457860231,0.2704492211,0.6748243570,0.1481963694,-0.6706342101,
7009.888,0.1220740378,0.0610370189,0.9765923023,0.0654316843,0.0014648885,-1.0088198185,-0.1572313607,-0.0435804315,-0.4347056448,0.0004177243,0.0057456656,-0.0109441280,0.0321816914,0.0926771462,-0.9952850342,0.0051471647,-5.1881465912,-4.5777764320,5.7374796867,-0.4453260899,0.8105716109,-0.4184698164,-0.2753990293,0.4561906755,-0.3004242182,0.1333076358,0.2292073369,0.1537249982,0.4597246945,0.6931197643,0.5531055927,-0.0505548231,-5.1881465912,-4.5777764320,5.7374796867,-0.4453260899,0.8105716109,-0.4184698164,-0.2753990293,0.4561906755,-0.3004242182,0.1333076358,0.2292073369,0.1537249982,0.4597246945,0.6931197643,0.5531055927,-0.0505548231,0.0000000000,0.0000000000,0.0000000000,0.0000000000,0.0000000000,0.0000000000,-0.3100680709,0.3501083553,-0.3086031675,0.9852797389,-0.1662408561,-0.0457864404,0.2706753612,0.6747743487,0.1484234929,-0.6705431342,
7009.901,0.1220740378,0.1831110567,0.9155552983,0.0672627985,0.0001220740,-1.0104068518,-0.1563768387,-0.0416272469,-0.4351939559,0.0022105947,0.0044125123,-0.0125336647,0.0322003774,0.0926652476,-0.9952853322,0.0051533715,-5.2491836548,-5.7374796867,5.6154055595,-0.4775536358,0.8181402087,-0.4209112823,-0.2692953348,0.4569231272,-0.2972502708,0.1006120741,0.2345224023,0.1494604051,0.4607554674,0.6934378147,0.5518814921,-0.0501853861,-5.2491836548,-5.7374796867,5.6154055595,-0.4775536358,0.8181402087,-0.4209112823,-0.2692953348,0.4569231272,-0.2972502708,0.1006120741,0.2345224023,0.1494604051,0.4607554674,0.6934378147,0.5518814921,-0.0501853861,0.0000000000,0.0000000000,0.0000000000,0.0000000000,0.0000000000,0.0000000000,-0.3100680709,0.3486434519,-0.3125095367,0.9852795601,-0.1662413627,-0.0457866788,0.2708864212,0.6747275591,0.1486354917,-0.6704579592,
7009.914,0.1831110567,0.1831110567,0.9765923023,0.0689718351,0.0013428144,-1.0108951330,-0.1566209942,-0.0440687276,-0.4347056448,0.0038733557,0.0056481697,-0.0130251050,0.0322226882,0.0926791131,-0.9952832460,0.0051634023,-5.1271095276,-6.5309610367,6.9582200050,-0.4887844622,0.8183843493,-0.4284798801,-0.2741782963,0.4542374909,-0.3024994731,0.0888780057,0.2324438691,0.1400179565,0.4618066549,0.6938354969,0.5505310893,-0.0498566218,-5.1271095276,-6.5309610367,6.9582200050,-0.4887844622,0.8183843493,-0.4284798801,-0.2741782963,0.4542374909,-0.3024994731,0.0888780057,0.2324438691,0.1400179565,0.4618066549,0.6938354969,0.5505310893,-0.0498566218,0.0000000000,0.0000000000,0.0000000000,0.0000000000,0.0000000000,0.0000000000,-0.3088473082,0.3520615399,-0.3066499829,0.9852795601,-0.1662419438,-0.0457870364,0.2711213827,0.6746754646,0.1488715261,-0.6703631282,
7009.927,0.1220740378,0.1220740378,0.9765923023,0.0684835389,0.0040284432,-1.0112613440,-0.1551561058,-0.0441908017,-0.4287240207,0.0033521503,0.0083247647,-0.0133934021,0.0322393999,0.0927002355,-0.9952808619,0.0051611164,-5.0660724640,-6.7140722275,7.8127384186,-0.4942777753,0.8215582967,-0.4227423966,-0.2744224370,0.4511856437,-0.3026215434,0.0828295946,0.2332234383,0.1438440979,0.4628755450,0.6942757964,0.5491063595,-0.0495275222,-5.0660724640,-6.7140722275,7.8127384186,-0.4942777753,0.8215582967,-0.4227423966,-0.2744224370,0.4511856437,-0.3026215434,0.0828295946,0.2332234383,0.1438440979,0.4628755450,0.6942757964,0.5491063595,-0.0495275222,0.0000000000,0.0000000000,0.0000000000,0.0000000000,0.0000000000,0.0000000000,-0.3125095367,0.3510849476,-0.3086031675,0.9852792025,-0.1662423909,-0.0457870960,0.2713453174,0.6746255755,0.1490965039,-0.6702725291,
7009.940,0.1220740378,0.1220740378,0.9155552983,0.0690939054,0.0046388134,-1.0115054846,-0.1554002464,-0.0446790978,-0.4309213459,0.0039268360,0.0089224484,-0.0136398077,0.0322576165,0.0927316099,-0.9952772856,0.0051574754,-4.6998505592,-6.7140722275,8.4841451645,-0.4795068204,0.8252205253,-0.4044312835,-0.2724692523,0.4535050392,-0.3073824346,0.0969412625,0.2343996763,0.1602368951,0.4639443755,0.6948136687,0.5475503206,-0.0492090881,-4.6998505592,-6.7140722275,8.4841451645,-0.4795068204,0.8252205253,-0.4044312835,-0.2724692523,0.4535050392,-0.3073824346,0.0969412625,0.2343996763,0.1602368951,0.4639443755,0.6948136687,0.5475503206,-0.0492090881,0.0000000000,0.0000000000,0.0000000000,0.0000000000,0.0000000000,0.0000000000,-0.3100680709,0.3505966365,-0.3105563521,0.9852794409,-0.1662429571,-0.0457875729,0.2715633214,0.6745771170,0.1493155062,-0.6701844335,
7009.953,0.1220740378,0.0610370189,0.9155552983,0.0692159832,0.0046388134,-1.0119937658,-0.1545457393,-0.0419934690,-0.4361705482,0.0040235966,0.0089098439,-0.0141296983,0.0322708376,0.0927293375,-0.9952771068,0.0051523019,-3.9674062729,-7.2023682594,8.5451822281,-0.4543595612,0.8227789998,-0.4056520164,-0.2700277865,0.4533829689,-0.3084810972,0.1213800609,0.2295086980,0.1571685374,0.4649672508,0.6954315305,0.5459198952,-0.0489407554,-3.9674062729,-7.2023682594,8.5451822281,-0.4543595612,0.8227789998,-0.4056520164,-0.2700277865,0.4533829689,-0.3084810972,0.1213800609,0.2295086980,0.1571685374,0.4649672508,0.6954315305,0.5459198952,-0.0489407554,0.0000000000,0.0000000000,0.0000000000,0.0000000000,0.0000000000,0.0000000000,-0.3115329444,0.3505966365,-0.3125095367,0.9852792025,-0.1662434191,-0.0457878709,0.2717744112,0.6745299697,0.1495275795,-0.6700989604,
7009.966,0.1831110567,0.0610370189,0.9765923023,0.0701925755,0.0028077029,-1.0100406408,-0.1558885425,-0.0404065065,-0.4356822371,0.0049695820,0.0070865280,-0.0121785402,0.0322858989,0.0926976129,-0.9952795506,0.0051565799,-4.0284433365,-7.4465165138,8.4231090546,-0.4535050392,0.8231452107,-0.4173711240,-0.2713705897,0.4525284469,-0.3044526577,0.1215384603,0.2274700999,0.1436189711,0.4659793079,0.6960127354,0.5443388820,-0.0486644693,-4.0284433365,-7.4465165138,8.4231090546,-0.4535050392,0.8231452107,-0.4173711240,-0.2713705897,0.4525284469,-0.3044526577,0.1215384603,0.2274700999,0.1436189711,0.4659793079,0.6960127354,0.5443388820,-0.0486644693,0.0000000000,0.0000000000,0.0000000000,0.0000000000,0.0000000000,0.0000000000,-0.3120212555,0.3501083553,-0.3125095367,0.9852792025,-0.1662439108,-0.0457883477,0.2719828188,0.6744834185,0.1497369558,-0.6700145602,
7009.979,0.1831110567,0.0610370189,0.9765923023,0.0705587938,0.0025635548,-1.0110172033,-0.1589404047,-0.0395519882,-0.4416638613,0.0053038597,0.0068513611,-0.0131573081,0.0323016718,0.0926455557,-0.9952839613,0.0051608481,-4.3946652412,-7.2023682594,8.1789608002,-0.4552140832,0.8233894110,-0.4298226833,-0.2705160677,0.4532608986,-0.3064058423,0.1191183329,0.2253436446,0.1293713450,0.4669697583,0.6965990067,0.5427615643,-0.0483965501,-4.3946652412,-7.2023682594,8.1789608002,-0.4552140832,0.8233894110,-0.4298226833,-0.2705160677,0.4532608986,-0.3064058423,0.1191183329,0.2253436446,0.1293713450,0.4669697583,0.6965990067,0.5427615643,-0.0483965501,0.0000000000,0.0000000000,0.0000000000,0.0000000000,0.0000000000,0.0000000000,-0.3740348518,0.3520615399,-0.3086031675,0.9852790833,-0.1662443727,-0.0457885861,0.2721688747,0.6744417548,0.1499238759,-0.6699391007,
7009.992,0.1831110567,0.0000000000,0.9765923023,0.0715353861,-0.0013428144,-1.0104068518,-0.1573534310,-0.0426038392,-0.4323862493,0.0062543452,0.0029732180,-0.0125487447,0.0323134214,0.0926388204,-0.9952839613,0.0051759034,-5.7374796867,-6.9582200050,7.6296272278,-0.4531388283,0.8192388415,-0.4317758679,-0.2681966722,0.4570451975,-0.3018890917,0.1205070615,0.2187716961,0.1255257130,0.4680167735,0.6970809698,0.5412691236,-0.0480574295,-5.7374796867,-6.9582200050,7.6296272278,-0.4531388283,0.8192388415,-0.4317758679,-0.2681966722,0.4570451975,-0.3018890917,0.1205070615,0.2187716961,0.1255257130,0.4680167735,0.6970809698,0.5412691236,-0.0480574295,0.0000000000,0.0000000000,0.0000000000,0.0000000000,0.0000000000,0.0000000000,-0.3100680709,0.3466902673,-0.3086031675,0.9852788448,-0.1662448496,-0.0457888246,0.2723767459,0.6743951440,0.1501327455,-0.6698547006,
7010.005,0.1831110567,0.0000000000,0.9765923023,0.0673848689,0.0034180731,-1.0101627111,-0.1550340354,-0.0402844325,-0.4391003251,0.0020981580,0.0077386741,-0.0123049617,0.0323162004,0.0926072150,-0.9952868223,0.0051774159,-6.1647391319,-7.4465165138,7.3244423866,-0.4516739547,0.8196051121,-0.4144413471,-0.2663655579,0.4553361535,-0.3037202060,0.1213775575,0.2166825533,0.1408180594,0.4691353440,0.6975504160,0.5397191048,-0.0477735288,-6.1647391319,-7.4465165138,7.3244423866,-0.4516739547,0.8196051121,-0.4144413471,-0.2663655579,0.4553361535,-0.3037202060,0.1213775575,0.2166825533,0.1408180594,0.4691353440,0.6975504160,0.5397191048,-0.0477735288,0.0000000000,0.0000000000,0.0000000000,0.0000000000,0.0000000000,0.0000000000,-0.3100680709,0.3486434519,-0.3105563521,0.9852789044,-0.1662453562,-0.0457893014,0.2725840807,0.6743486524,0.1503410786,-0.6697705388,
7010.018,0.1831110567,-0.0610370189,0.9765923023,0.0667745024,0.0024414808,-1.0102847815,-0.1546678096,-0.0396740623,-0.4370250702,0.0014958158,0.0067714551,-0.0124266148,0.0323119611,0.0925692096,-0.9952905774,0.0051804767,-6.1647391319,-8.1179237366,7.2023682594,-0.4478896558,0.8198492527,-0.3962523341,-0.2689290941,0.4531388283,-0.3050630093,0.1246502697,0.2144545913,0.1568415165,0.4703114331,0.6980071664,0.5381228924,-0.0475419387,-6.1647391319,-8.1179237366,7.2023682594,-0.4478896558,0.8198492527,-0.3962523341,-0.2689290941,0.4531388283,-0.3050630093,0.1246502697,0.2144545913,0.1568415165,0.4703114331,0.6980071664,0.5381228924,-0.0475419387,0.0000000000,0.0000000000,0.0000000000,0.0000000000,0.0000000000,0.0000000000,-0.3110446632,0.3496200442,-0.3125095367,0.9852788448,-0.1662458926,-0.0457896590,0.2727876008,0.6743029356,0.1505455822,-0.6696878076,
7010.031,0.1831110567,0.0000000000,0.9765923023,0.0655537620,0.0037842952,-1.0102847815,-0.1557664722,-0.0407727286,-0.4389782548,0.0002784580,0.0081169568,-0.0124263763,0.0323102921,0.0925422758,-0.9952930808,0.0051807845,-5.5543684959,-9.3997011185,7.1413311958,-0.4472792745,0.8207037449,-0.4035767615,-0.2674642205,0.4546037316,-0.3042085171,0.1248598099,0.2129311562,0.1473205388,0.4714888632,0.6984916925,0.5364712477,-0.0474298149,-5.5543684959,-9.3997011185,7.1413311958,-0.4472792745,0.8207037449,-0.4035767615,-0.2674642205,0.4546037316,-0.3042085171,0.1248598099,0.2129311562,0.1473205388,0.4714888632,0.6984916925,0.5364712477,-0.0474298149,0.0000000000,0.0000000000,0.0000000000,0.0000000000,0.0000000000,0.0000000000,-0.3100680709,0.3505966365,-0.3125095367,0.9852784872,-0.1662463397,-0.0457897782,0.2729932964,0.6742565632,0.1507523060,-0.6696040034,
7010.044,0.1220740378,0.0000000000,0.9765923023,0.0671407208,0.0039063692,-1.0104068518,-0.1545457393,-0.0391857661,-0.4353160262,0.0018610135,0.0082304720,-0.0125486851,0.0323131122,0.0924987867,-0.9952970147,0.0051753148,-5.7374796867,-9.5217752457,7.2023682594,-0.4546037316,0.8239997625,-0.4205450714,-0.2672200799,0.4495986700,-0.3048188686,0.1171317101,0.2138854861,0.1281796992,0.4726469517,0.6990038157,0.5347891450,-0.0473549142,-5.7374796867,-9.5217752457,7.2023682594,-0.4546037316,0.8239997625,-0.4205450714,-0.2672200799,0.4495986700,-0.3048188686,0.1171317101,0.2138854861,0.1281796992,0.4726469517,0.6990038157,0.5347891450,-0.0473549142,0.0000000000,0.0000000000,0.0000000000,0.0000000000,0.0000000000,0.0000000000,-0.3095797598,0.3525498211,-0.3086031675,0.9852785468,-0.1662468761,-0.0457901955,0.2732134759,0.6742069721,0.1509736031,-0.6695143580,
7010.057,0.1220740378,-0.0610370189,0.9765923023,0.0668965727,0.0024414808,-1.0108951330,-0.1545457393,-0.0408948027,-0.4322641790,0.0016244575,0.0067643132,-0.0130364895,0.0323094875,0.0924785286,-0.9952990413,0.0051736711,-5.9816279411,-8.9114046097,7.0802941322,-0.4412976503,0.8225348592,-0.4250617921,-0.2646565139,0.4559465349,-0.3059175313,0.1299309731,0.2100683451,0.1215671599,0.4737661779,0.6995325089,0.5331153870,-0.0472348072,-5.9816279411,-8.9114046097,7.0802941322,-0.4412976503,0.8225348592,-0.4250617921,-0.2646565139,0.4559465349,-0.3059175313,0.1299309731,0.2100683451,0.1215671599,0.4737661779,0.6995325089,0.5331153870,-0.0472348072,0.0000000000,0.0000000000,0.0000000000,0.0000000000,0.0000000000,0.0000000000,-0.3112888038,0.3525498211,-0.3066499829,0.9852783680,-0.1662473977,-0.0457904339,0.2734364867,0.6741566062,0.1511977613,-0.6694234014,
7010.070,0.1220740378,-0.0610370189,1.0376293659,0.0665303543,0.0029297769,-1.0101627111,-0.1547898799,-0.0428479873,-0.4317758679,0.0012673959,0.0072496170,-0.0123034120,0.0323050618,0.0924779773,-0.9952993393,0.0051717376,-6.9582200050,-10.0711078644,6.1647391319,-0.4467909932,0.8347422481,-0.3989379704,-0.2711264491,0.4531388283,-0.3032319248,0.1241710186,0.2198696733,0.1452640593,0.4750542939,0.6999027133,0.5314889550,-0.0471421108,-6.9582200050,-10.0711078644,6.1647391319,-0.4467909932,0.8347422481,-0.3989379704,-0.2711264491,0.4531388283,-0.3032319248,0.1241710186,0.2198696733,0.1452640593,0.4750542939,0.6999027133,0.5314889550,-0.0471421108,0.0000000000,0.0000000000,0.0000000000,0.0000000000,0.0000000000,0.0000000000,-0.3120212555,0.3471785784,-0.3125095367,0.9852783680,-0.1662479043,-0.0457907915,0.2736283243,0.6741132736,0.1513905525,-0.6693451405,
7010.083,0.1831110567,0.0000000000,0.9765923023,0.0646992400,0.0018311106,-1.0101627111,-0.1541795135,-0.0411389507,-0.4310434163,-0.0005562529,0.0061633373,-0.0123029947,0.0323008485,0.0924624652,-0.9953008294,0.0051770573,-6.9582200050,-10.8035526276,6.4699239731,-0.4631488919,0.8443861008,-0.3901486397,-0.2670980096,0.4542374909,-0.3072603643,0.1076305509,0.2270916104,0.1514981389,0.4763944745,0.7003306746,0.5297201872,-0.0471690595,-6.9582200050,-10.8035526276,6.4699239731,-0.4631488919,0.8443861008,-0.3901486397,-0.2670980096,0.4542374909,-0.3072603643,0.1076305509,0.2270916104,0.1514981389,0.4763944745,0.7003306746,0.5297201872,-0.0471690595,0.0000000000,0.0000000000,0.0000000000,0.0000000000,0.0000000000,0.0000000000,-0.3125095367,0.3520615399,-0.3066499829,0.9852781892,-0.1662483960,-0.0457910299,0.2738471627,0.6740636826,0.1516105533,-0.6692557335,
7010.096,0.1831110567,0.0610370189,0.9765923023,0.0653096139,0.0034180731,-1.0094301701,-0.1544236541,-0.0430921353,-0.4373912811,0.0000476763,0.0077547696,-0.0115708709,0.0323038176,0.0924702585,-0.9952999949,0.0051798359,-6.5919981003,-10.6204414368,7.1413311958,-0.4719382226,0.8487808108,-0.3924680352,-0.2664876282,0.4525284469,-0.3022553325,0.0985816419,0.2290638089,0.1466816664,0.4777029455,0.7007746696,0.5279519558,-0.0471702553,-6.5919981003,-10.6204414368,7.1413311958,-0.4719382226,0.8487808108,-0.3924680352,-0.2664876282,0.4525284469,-0.3022553325,0.0985816419,0.2290638089,0.1466816664,0.4777029455,0.7007746696,0.5279519558,-0.0471702553,0.0000000000,0.0000000000,0.0000000000,0.0000000000,0.0000000000,0.0000000000,-0.3088473082,0.3510849476,-0.3066499829,0.9852780104,-0.1662488729,-0.0457912683,0.2740643322,0.6740143895,0.1518288851,-0.6691669226,
7010.109,0.1831110567,0.1220740378,0.9765923023,0.0664082766,0.0012207404,-1.0107730627,-0.1566209942,-0.0423596911,-0.4389782548,0.0011243150,0.0055727605,-0.0129153132,0.0323141329,0.0924616456,-0.9953004122,0.0051882104,-6.1037020683,-8.5451822281,7.9958496094,-0.4586321712,0.8485366106,-0.4121219516,-0.2686849535,0.4535050392,-0.3023774028,0.1112613082,0.2263872027,0.1248855591,0.4788382351,0.7013093829,0.5262247920,-0.0470123440,-6.1037020683,-8.5451822281,7.9958496094,-0.4586321712,0.8485366106,-0.4121219516,-0.2686849535,0.4535050392,-0.3023774028,0.1112613082,0.2263872027,0.1248855591,0.4788382351,0.7013093829,0.5262247920,-0.0470123440,0.0000000000,0.0000000000,0.0000000000,0.0000000000,0.0000000000,0.0000000000,-0.3090914786,0.3530381322,-0.3125095367,0.9852781296,-0.1662494093,-0.0457918644,0.2742708623,0.6739675403,0.1520364881,-0.6690825224,
7010.122,0.1831110567,0.1831110567,0.9765923023,0.0668965727,0.0010986663,-1.0110172033,-0.1536912173,-0.0380870998,-0.4325083196,0.0015777424,0.0054665417,-0.0131617785,0.0323310681,0.0924067795,-0.9953049421,0.0051959427,-5.9816279411,-7.1413311958,7.6296272278,-0.4445936382,0.8417004943,-0.4030884802,-0.2696615458,0.4514297843,-0.2993255556,0.1245470941,0.2171507478,0.1319279969,0.4799012840,0.7018211484,0.5245938301,-0.0467599705,-5.9816279411,-7.1413311958,7.6296272278,-0.4445936382,0.8417004943,-0.4030884802,-0.2696615458,0.4514297843,-0.2993255556,0.1245470941,0.2171507478,0.1319279969,0.4799012840,0.7018211484,0.5245938301,-0.0467599705,0.0000000000,0.0000000000,0.0000000000,0.0000000000,0.0000000000,0.0000000000,-0.3105563521,0.3515732288,-0.3105563521,0.9852778316,-0.1662498564,-0.0457919836,0.2744763196,0.6739206910,0.1522430480,-0.6689983010,
7010.135,0.1831110567,0.1220740378,0.9765923023,0.0672627985,0.0021973327,-1.0090639591,-0.1555223316,-0.0444349498,-0.4375133514,0.0019174814,0.0065755444,-0.0112103224,0.0323436856,0.0924285129,-0.9953024387,0.0052030263,-5.9205908775,-6.5309610367,6.7751092911,-0.4237189889,0.8335215449,-0.3905148506,-0.2663655579,0.4461806118,-0.2977385819,0.1446531415,0.2066248655,0.1425715685,0.4809299111,0.7023324966,0.5229874253,-0.0465103947,-5.9205908775,-6.5309610367,6.7751092911,-0.4237189889,0.8335215449,-0.3905148506,-0.2663655579,0.4461806118,-0.2977385819,0.1446531415,0.2066248655,0.1425715685,0.4809299111,0.7023324966,0.5229874253,-0.0465103947,0.0000000000,0.0000000000,0.0000000000,0.0000000000,0.0000000000,0.0000000000,-0.3122653961,0.3545030057,-0.3086031675,0.9852779508,-0.1662504375,-0.0457925200,0.2746927738,0.6738714576,0.1524606496,-0.6689096689,
7010.148,0.1831110567,0.1831110567,0.9155552983,0.0679952428,0.0017090365,-1.0113834143,-0.1552781761,-0.0444349498,-0.4380016625,0.0026100427,0.0060992753,-0.0135324001,0.0323628709,0.0924558938,-0.9952992201,0.0052117570,-6.2257757187,-8.4231090546,5.3102207184,-0.4287240207,0.8308358788,-0.3709830046,-0.2650227249,0.4483779371,-0.2983489633,0.1392579377,0.2017022967,0.1598802805,0.4820892811,0.7027491331,0.5213623643,-0.0464571975,-6.2257757187,-8.4231090546,5.3102207184,-0.4287240207,0.8308358788,-0.3709830046,-0.2650227249,0.4483779371,-0.2983489633,0.1392579377,0.2017022967,0.1598802805,0.4820892811,0.7027491331,0.5213623643,-0.0464571975,0.0000000000,0.0000000000,0.0000000000,0.0000000000,0.0000000000,0.0000000000,-0.3088473082,0.3540147245,-0.3086031675,0.9852777719,-0.1662509292,-0.0457927585,0.2749086916,0.6738221645,0.1526777744,-0.6688210368,
7010.161,0.1831110567,0.1220740378,0.9155552983,0.0671407208,0.0014648885,-1.0105289221,-0.1578417271,-0.0395519882,-0.4340952933,0.0017303899,0.0058683013,-0.0126796961,0.0323750116,0.0924139842,-0.9953027964,0.0052181208,-6.1037020683,-9.3997011185,5.3712577820,-0.4569231272,0.8399914503,-0.3668324947,-0.2663655579,0.4493545294,-0.3035981357,0.1108399630,0.2086770535,0.1616718769,0.4833006859,0.7031928301,0.5196301937,-0.0465646535,-6.1037020683,-9.3997011185,5.3712577820,-0.4569231272,0.8399914503,-0.3668324947,-0.2663655579,0.4493545294,-0.3035981357,0.1108399630,0.2086770535,0.1616718769,0.4833006859,0.7031928301,0.5196301937,-0.0465646535,0.0000000000,0.0000000000,0.0000000000,0.0000000000,0.0000000000,0.0000000000,-0.3115329444,0.3540147245,-0.3086031675,0.9852775931,-0.1662514210,-0.0457929373,0.2751219571,0.6737734079,0.1528922468,-0.6687334180,
7010.174,0.1831110567,0.1220740378,0.9765923023,0.0682393909,0.0015869625,-1.0101627111,-0.1558885425,-0.0386974700,-0.4389782548,0.0027986094,0.0060035763,-0.0123155117,0.0323898718,0.0923597738,-0.9953071475,0.0052243453,-5.4933319092,-9.3997011185,6.1647391319,-0.4854884446,0.8585467339,-0.3718375266,-0.2659993172,0.4491103888,-0.3021332324,0.0820282400,0.2250789404,0.1543507874,0.4844835401,0.7036800981,0.5178531408,-0.0467073023,-5.4933319092,-9.3997011185,6.1647391319,-0.4854884446,0.8585467339,-0.3718375266,-0.2659993172,0.4491103888,-0.3021332324,0.0820282400,0.2250789404,0.1543507874,0.4844835401,0.7036800981,0.5178531408,-0.0467073023,0.0000000000,0.0000000000,0.0000000000,0.0000000000,0.0000000000,0.0000000000,-0.3100680709,0.3520615399,-0.3105563521,0.9852775931,-0.1662519574,-0.0457933545,0.2753247619,0.6737270355,0.1530961543,-0.6686500907,
7010.187,0.1220740378,0.1220740378,0.9765923023,0.0693380535,0.0007324442,-1.0111392736,-0.1552781761,-0.0391857661,-0.4311655164,0.0038618445,0.0051557948,-0.0132943988,0.0324074514,0.0923152715,-0.9953109026,0.0052278922,-3.3570361137,-4.5167393684,8.0568866730,-0.4646137953,0.8679463863,-0.3850215077,-0.2631916404,0.4480117261,-0.2995696962,0.1018924117,0.2323116660,0.1396408677,0.4852871299,0.7043958306,0.5161406398,-0.0465316325,-3.3570361137,-4.5167393684,8.0568866730,-0.4646137953,0.8679463863,-0.3850215077,-0.2631916404,0.4480117261,-0.2995696962,0.1018924117,0.2323116660,0.1396408677,0.4852871299,0.7043958306,0.5161406398,-0.0465316325,0.0000000000,0.0000000000,0.0000000000,0.0000000000,0.0000000000,0.0000000000,-0.3095797598,0.3540147245,-0.2910245061,0.9852772951,-0.1662524194,-0.0457934737,0.2755828500,0.6736677885,0.1533558071,-0.6685438156,
7010.200,0.1220740378,0.1220740378,0.9765923023,0.0703146458,0.0056154057,-1.0128482580,-0.1551561058,-0.0408948027,-0.4371471405,0.0047990158,0.0100214062,-0.0150058866,0.0324280299,0.0922924504,-0.9953122139,0.0052203345,-2.5635547638,-2.6856288910,7.7517013550,-0.4333628416,0.8561052084,-0.3750114441,-0.2653889656,0.4489883184,-0.2989593148,0.1319163442,0.2183580399,0.1484099627,0.4859539270,0.7051384449,0.5145229101,-0.0462393984,-2.5635547638,-2.6856288910,7.7517013550,-0.4333628416,0.8561052084,-0.3750114441,-0.2653889656,0.4489883184,-0.2989593148,0.1319163442,0.2183580399,0.1484099627,0.4859539270,0.7051384449,0.5145229101,-0.0462393984,0.0000000000,0.0000000000,0.0000000000,0.0000000000,0.0000000000,0.0000000000,-0.3110446632,0.3530381322,-0.3125095367,0.9852775335,-0.1662529856,-0.0457940698,0.2757805288,0.6736224890,0.1535545737,-0.6684625149,
7010.213,0.1831110567,0.0610370189,0.9155552983,0.0677510947,0.0017090365,-1.0099185705,-0.1536912173,-0.0408948027,-0.4332407713,0.0022184178,0.0061269416,-0.0120774508,0.0324360467,0.0922800153,-0.9953131676,0.0052266479,-2.2583696842,-2.1973326206,6.5919981003,-0.4023560286,0.8424329162,-0.3656117320,-0.2618488073,0.4516739547,-0.3021332324,0.1616979837,0.2026695609,0.1566701531,0.4865642190,0.7059016824,0.5129202604,-0.0459814183,-2.2583696842,-2.1973326206,6.5919981003,-0.4023560286,0.8424329162,-0.3656117320,-0.2618488073,0.4516739547,-0.3021332324,0.1616979837,0.2026695609,0.1566701531,0.4865642190,0.7059016824,0.5129202604,-0.0459814183,0.0000000000,0.0000000000,0.0000000000,0.0000000000,0.0000000000,0.0000000000,-0.3098239005,0.3525498211,-0.3066499829,0.9852771759,-0.1662534475,-0.0457941294,0.2759912908,0.6735739112,0.1537665725,-0.6683755517,
7010.226,0.1831110567,0.0610370189,0.9765923023,0.0706808716,0.0012207404,-1.0115054846,-0.1555223316,-0.0417493209,-0.4315317273,0.0051174313,0.0056536137,-0.0136664510,0.0324507579,0.0922686011,-0.9953136444,0.0052351565,-2.5025177002,-4.2725911140,3.7842950821,-0.3942991495,0.8239997625,-0.3537705541,-0.2600176930,0.4500869811,-0.3028656840,0.1690411568,0.1824808121,0.1671270728,0.4872740805,0.7065381408,0.5113667846,-0.0459909551,-2.5025177002,-4.2725911140,3.7842950821,-0.3942991495,0.8239997625,-0.3537705541,-0.2600176930,0.4500869811,-0.3028656840,0.1690411568,0.1824808121,0.1671270728,0.4872740805,0.7065381408,0.5113667846,-0.0459909551,0.0000000000,0.0000000000,0.0000000000,0.0000000000,0.0000000000,0.0000000000,-0.3090914786,0.3510849476,-0.3086031675,0.9852771163,-0.1662539691,-0.0457945466,0.2761924863,0.6735275984,0.1539689153,-0.6682925820,
7010.239,0.1831110567,0.0610370189,0.9765923023,0.0720236823,0.0013428144,-1.0111392736,-0.1546678096,-0.0397961363,-0.4344615042,0.0064228997,0.0057899826,-0.0133026838,0.0324689038,0.0922333822,-0.9953162670,0.0052428572,-2.5635547638,-5.1271095276,2.8687398434,-0.4087038934,0.8263191581,-0.3628040552,-0.2620929480,0.4476454854,-0.2984710336,0.1541421711,0.1831879020,0.1566382051,0.4880112708,0.7070831060,0.5098999143,-0.0460852943,-2.5635547638,-5.1271095276,2.8687398434,-0.4087038934,0.8263191581,-0.3628040552,-0.2620929480,0.4476454854,-0.2984710336,0.1541421711,0.1831879020,0.1566382051,0.4880112708,0.7070831060,0.5098999143,-0.0460852943,0.0000000000,0.0000000000,0.0000000000,0.0000000000,0.0000000000,0.0000000000,-0.3120212555,0.3520615399,-0.3105563521,0.9852771163,-0.1662544608,-0.0457950234,0.2763887048,0.6734823585,0.1541662663,-0.6682116389,
7010.252,0.1220740378,-0.0610370189,1.0376293659,0.0715353861,0.0031739250,-1.0100406408,-0.1561326981,-0.0406506546,-0.4377574921,0.0059207678,0.0076163351,-0.0122049451,0.0324761979,0.0921993181,-0.9953191876,0.0052400157,-2.5025177002,-5.0050354004,2.2583696842,-0.4243293703,0.8354747295,-0.3742789924,-0.2631916404,0.4485000074,-0.2985931039,0.1381101906,0.1908470392,0.1437474787,0.4887226820,0.7075985074,0.5084889531,-0.0462263823,-2.5025177002,-5.0050354004,2.2583696842,-0.4243293703,0.8354747295,-0.3742789924,-0.2631916404,0.4485000074,-0.2985931039,0.1381101906,0.1908470392,0.1437474787,0.4887226820,0.7075985074,0.5084889531,-0.0462263823,0.0000000000,0.0000000000,0.0000000000,0.0000000000,0.0000000000,0.0000000000,-0.3100680709,0.3530381322,-0.3105563521,0.9852769375,-0.1662549078,-0.0457952619,0.2765876949,0.6734363437,0.1543664336,-0.6681293845,
7010.265,0.1220740378,-0.0610370189,1.0376293659,0.0683614612,0.0043946654,-1.0105289221,-0.1562547684,-0.0416272469,-0.4355601668,0.0027488470,0.0088263191,-0.0126930475,0.0324758030,0.0921783447,-0.9953212738,0.0052338801,-2.0142216682,-3.2349619865,1.2207404375,-0.4326303899,0.8534196019,-0.3724478781,-0.2635578513,0.4478896558,-0.3062837720,0.1293672621,0.2074294686,0.1443602741,0.4893282354,0.7081722021,0.5070894361,-0.0464091226,-2.0142216682,-3.2349619865,1.2207404375,-0.4326303899,0.8534196019,-0.3724478781,-0.2635578513,0.4478896558,-0.3062837720,0.1293672621,0.2074294686,0.1443602741,0.4893282354,0.7081722021,0.5070894361,-0.0464091226,0.0000000000,0.0000000000,0.0000000000,0.0000000000,0.0000000000,0.0000000000,-0.3112888038,0.3535264134,-0.3125095367,0.9852768183,-0.1662553996,-0.0457955599,0.2767814100,0.6733915210,0.1545612812,-0.6680492759,
7010.278,0.1831110567,-0.0610370189,1.0376293659,0.0677510947,0.0030518509,-1.0108951330,-0.1544236541,-0.0438245796,-0.4354380965,0.0021436214,0.0074900710,-0.0130589604,0.0324728712,0.0921912566,-0.9953200817,0.0052373349,-1.7090365887,-2.5025177002,0.6714072227,-0.4297006130,0.8561052084,-0.3673207760,-0.2645344436,0.4508194327,-0.3032319248,0.1318430901,0.2088208199,0.1483606100,0.4898911119,0.7086932659,0.5058040619,-0.0465404652,-1.7090365887,-2.5025177002,0.6714072227,-0.4297006130,0.8561052084,-0.3673207760,-0.2645344436,0.4508194327,-0.3032319248,0.1318430901,0.2088208199,0.1483606100,0.4898911119,0.7086932659,0.5058040619,-0.0465404652,0.0000000000,0.0000000000,0.0000000000,0.0000000000,0.0000000000,0.0000000000,-0.3115329444,0.3540147245,-0.3125095367,0.9852768183,-0.1662559360,-0.0457959771,0.2769753635,0.6733466387,0.1547563672,-0.6679690480,
7010.291,0.1220740378,-0.0610370189,0.9765923023,0.0679952428,0.0025635548,-1.0106509924,-0.1544236541,-0.0454115421,-0.4371471405,0.0023915395,0.0069993841,-0.0128145218,0.0324709006,0.0922292322,-0.9953166246,0.0052372087,-1.4038513899,-2.2583696842,0.1831110567,-0.4271370471,0.8545182943,-0.3651234508,-0.2583086789,0.4503311217,-0.3024994731,0.1339817345,0.2060160637,0.1494896412,0.4904190898,0.7092324495,0.5045186281,-0.0467178598,-1.4038513899,-2.2583696842,0.1831110567,-0.4271370471,0.8545182943,-0.3651234508,-0.2583086789,0.4503311217,-0.3024994731,0.1339817345,0.2060160637,0.1494896412,0.4904190898,0.7092324495,0.5045186281,-0.0467178598,0.0000000000,0.0000000000,0.0000000000,0.0000000000,0.0000000000,0.0000000000,-0.3100680709,0.3545030057,-0.3125095367,0.9852766991,-0.1662564278,-0.0457963347,0.2771704793,0.6733013391,0.1549526304,-0.6678882241,
7010.304,0.1220740378,-0.0610370189,0.9765923023,0.0692159832,0.0023194067,-1.0110172033,-0.1546678096,-0.0410168767,-0.4334849119,0.0036101565,0.0067540668,-0.0131809115,0.0324721113,0.0922102705,-0.9953183532,0.0052361060,-1.0376293659,-2.3194067478,-0.4882961512,-0.4411755800,0.8513443470,-0.3674428463,-0.2603839338,0.4521622360,-0.3071382940,0.1196520329,0.2017722130,0.1461376548,0.4909173846,0.7097789049,0.5032368302,-0.0470091291,-1.0376293659,-2.3194067478,-0.4882961512,-0.4411755800,0.8513443470,-0.3674428463,-0.2603839338,0.4521622360,-0.3071382940,0.1196520329,0.2017722130,0.1461376548,0.4909173846,0.7097789049,0.5032368302,-0.0470091291,0.0000000000,0.0000000000,0.0000000000,0.0000000000,0.0000000000,0.0000000000,-0.3120212555,0.3491317630,-0.3105563521,0.9852766395,-0.1662569493,-0.0457968116,0.2773536742,0.6732587814,0.1551368833,-0.6678123474,
7010.317,0.1220740378,-0.1220740378,1.0376293659,0.0679952428,0.0020752586,-1.0094301701,-0.1567430645,-0.0397961363,-0.4350718856,0.0024034604,0.0065106424,-0.0115929246,0.0324653201,0.0921642855,-0.9953228235,0.0052343165,-0.7934812307,-1.8311105967,-0.5493331552,-0.4471572042,0.8529313207,-0.3709830046,-0.2653889656,0.4504531920,-0.2994476259,0.1133576632,0.2023404241,0.1416491866,0.4913805425,0.7102464437,0.5021049976,-0.0472129211,-0.7934812307,-1.8311105967,-0.5493331552,-0.4471572042,0.8529313207,-0.3709830046,-0.2653889656,0.4504531920,-0.2994476259,0.1133576632,0.2023404241,0.1416491866,0.4913805425,0.7102464437,0.5021049976,-0.0472129211,0.0000000000,0.0000000000,0.0000000000,0.0000000000,0.0000000000,0.0000000000,-0.3098239005,0.3515732288,-0.3086031675,0.9852764010,-0.1662574410,-0.0457969904,0.2775488198,0.6732133627,0.1553332210,-0.6677313447,
7010.330,0.1220740378,-0.0610370189,0.9765923023,0.0660420582,0.0024414808,-1.0110172033,-0.1546678096,-0.0429700613,-0.4361705482,0.0004637018,0.0068750903,-0.0131791234,0.0324586779,0.0921704024,-0.9953224659,0.0052330117,-0.4882961512,-1.2207404375,-0.4882961512,-0.4506973624,0.8557389975,-0.3698843420,-0.2628253996,0.4526505470,-0.2994476259,0.1094536781,0.2041570544,0.1418865621,0.4918001890,0.7107349038,0.5009837747,-0.0474038981,-0.4882961512,-1.2207404375,-0.4882961512,-0.4506973624,0.8557389975,-0.3698843420,-0.2628253996,0.4526505470,-0.2994476259,0.1094536781,0.2041570544,0.1418865621,0.4918001890,0.7107349038,0.5009837747,-0.0474038981,0.0000000000,0.0000000000,0.0000000000,0.0000000000,0.0000000000,0.0000000000,-0.3090914786,0.3530381322,-0.3066499829,0.9852764010,-0.1662579626,-0.0457974076,0.2777523994,0.6731659770,0.1555380523,-0.6676468253,
7010.343,0.1220740378,-0.0610370189,0.9765923023,0.0667745024,0.0017090365,-1.0104068518,-0.1551561058,-0.0417493209,-0.4371471405,0.0012056902,0.0061444901,-0.0125681162,0.0324538909,0.0921590030,-0.9953236580,0.0052331169,0.4272591472,-0.4272591472,-0.1220740378,-0.4437391162,0.8613544106,-0.3585314453,-0.2628253996,0.4497207701,-0.3056733906,0.1159175038,0.2087852359,0.1525219977,0.4921426773,0.7113559246,0.4997425675,-0.0476325229,0.4272591472,-0.4272591472,-0.1220740378,-0.4437391162,0.8613544106,-0.3585314453,-0.2628253996,0.4497207701,-0.3056733906,0.1159175038,0.2087852359,0.1525219977,0.4921426773,0.7113559246,0.4997425675,-0.0476325229,0.0000000000,0.0000000000,0.0000000000,0.0000000000,0.0000000000,0.0000000000,-0.3088473082,0.3491317630,-0.3086031675,0.9852762818,-0.1662584394,-0.0457975864,0.2779393792,0.6731223464,0.1557261795,-0.6675691009,
7010.356,0.1220740378,-0.0610370189,0.9765923023,0.0668965727,0.0010986663,-1.0100406408,-0.1567430645,-0.0430921353,-0.4362926185,0.0013365448,0.0055389679,-0.0122013688,0.0324492790,0.0921606421,-0.9953236580,0.0052351789,0.8545182943,-0.4272591472,0.0610370189,-0.4489883184,0.8569597602,-0.3586535156,-0.2675862908,0.4502090514,-0.3066499829,0.1101791859,0.2034494281,0.1517328918,0.4924573302,0.7119886875,0.4985064566,-0.0478808023,0.8545182943,-0.4272591472,0.0610370189,-0.4489883184,0.8569597602,-0.3586535156,-0.2675862908,0.4502090514,-0.3066499829,0.1101791859,0.2034494281,0.1517328918,0.4924573302,0.7119886875,0.4985064566,-0.0478808023,0.0000000000,0.0000000000,0.0000000000,0.0000000000,0.0000000000,0.0000000000,-0.3090914786,0.3520615399,-0.3086031675,0.9852761626,-0.1662589461,-0.0457980037,0.2781333327,0.6730770469,0.1559213400,-0.6674884558,
7010.369,0.1220740378,-0.0610370189,0.9765923023,0.0686056092,0.0010986663,-1.0096743107,-0.1544236541,-0.0448011719,-0.4279915690,0.0030457824,0.0055437917,-0.0118350387,0.0324487835,0.0921931863,-0.9953207374,0.0052386322,1.0986663103,-0.6714072227,0.3662221134,-0.4467909932,0.8551286459,-0.3582873046,-0.2641682327,0.4522843063,-0.3027436137,0.1118705273,0.2006731629,0.1514417827,0.4927686453,0.7126104236,0.4972866178,-0.0481097437,1.0986663103,-0.6714072227,0.3662221134,-0.4467909932,0.8551286459,-0.3582873046,-0.2641682327,0.4522843063,-0.3027436137,0.1118705273,0.2006731629,0.1514417827,0.4927686453,0.7126104236,0.4972866178,-0.0481097437,0.0000000000,0.0000000000,0.0000000000,0.0000000000,0.0000000000,0.0000000000,-0.3115329444,0.3471785784,-0.3125095367,0.9852761030,-0.1662594229,-0.0457983613,0.2783015966,0.6730377078,0.1560906023,-0.6674184799,
7010.382,0.1220740378,-0.0610370189,0.9765923023,0.0673848689,-0.0003662221,-1.0101627111,-0.1557664722,-0.0430921353,-0.4331187010,0.0018314347,0.0040909401,-0.0123230815,0.0324450172,0.0921980664,-0.9953203201,0.0052444916,1.0376293659,-2.1362955570,0.8545182943,-0.4487441778,0.8523209095,-0.3693960309,-0.2624591887,0.4541154206,-0.3065279126,0.1094846725,0.1969039440,0.1395716071,0.4931211472,0.7132887840,0.4959296584,-0.0484530516,1.0376293659,-2.1362955570,0.8545182943,-0.4487441778,0.8523209095,-0.3693960309,-0.2624591887,0.4541154206,-0.3065279126,0.1094846725,0.1969039440,0.1395716071,0.4931211472,0.7132887840,0.4959296584,-0.0484530516,0.0000000000,0.0000000000,0.0000000000,0.0000000000,0.0000000000,0.0000000000,-0.3095797598,0.3496200442,-0.3105563521,0.9852759838,-0.1662599146,-0.0457987189,0.2784818113,0.6729955077,0.1562719196,-0.6673434377,
7010.395,0.1831110567,-0.0610370189,1.0376293659,0.0692159832,0.0012207404,-1.0101627111,-0.1566209942,-0.0388195440,-0.4359263778,0.0036599413,0.0056933672,-0.0123233199,0.0324459150,0.0921396315,-0.9953256845,0.0052504102,0.9765923023,-2.1362955570,0.9765923023,-0.4470351338,0.8502456546,-0.3767204881,-0.2650227249,0.4536271393,-0.3026215434,0.1107357144,0.1938705444,0.1315143108,0.4934637249,0.7139309645,0.4946343303,-0.0487460792,0.9765923023,-2.1362955570,0.9765923023,-0.4470351338,0.8502456546,-0.3767204881,-0.2650227249,0.4536271393,-0.3026215434,0.1107357144,0.1938705444,0.1315143108,0.4934637249,0.7139309645,0.4946343303,-0.0487460792,0.0000000000,0.0000000000,0.0000000000,0.0000000000,0.0000000000,0.0000000000,-0.3090914786,0.3501083553,-0.3105563521,0.9852758050,-0.1662604511,-0.0457988977,0.2786627114,0.6729530692,0.1564539373,-0.6672679782,
7010.408,0.1220740378,-0.0610370189,1.0376293659,0.0678731650,0.0021973327,-1.0112613440,-0.1561326981,-0.0390636921,-0.4345835745,0.0023214966,0.0066698999,-0.0134216547,0.0324440189,0.0920860544,-0.9953306913,0.0052484316,0.9765923023,-1.8921475410,0.9765923023,-0.4421521723,0.8492690921,-0.3765984178,-0.2658772469,0.4510635734,-0.3023774028,0.1151240766,0.1919326186,0.1309362650,0.4937904775,0.7145842910,0.4933353662,-0.0490268357,0.9765923023,-1.8921475410,0.9765923023,-0.4421521723,0.8492690921,-0.3765984178,-0.2658772469,0.4510635734,-0.3023774028,0.1151240766,0.1919326186,0.1309362650,0.4937904775,0.7145842910,0.4933353662,-0.0490268357,0.0000000000,0.0000000000,0.0000000000,0.0000000000,0.0000000000,0.0000000000,-0.3112888038,0.3525498211,-0.3086031675,0.9852758050,-0.1662609875,-0.0457992554,0.2788530588,0.6729084253,0.1566454917,-0.6671885848,
7010.421,0.1220740378,0.0000000000,1.0376293659,0.0688497573,0.0050050355,-1.0110172033,-0.1556444019,-0.0397961363,-0.4423963130,0.0032869130,0.0094636809,-0.0131782293,0.0324504599,0.0920419320,-0.9953346252,0.0052405745,0.7934812307,-2.3194067478,0.6714072227,-0.4355601668,0.8443861008,-0.3729361892,-0.2640461326,0.4500869811,-0.3118991554,0.1212825179,0.1860953569,0.1338375807,0.4941338301,0.7153255343,0.4918736219,-0.0494459569,0.7934812307,-2.3194067478,0.6714072227,-0.4355601668,0.8443861008,-0.3729361892,-0.2640461326,0.4500869811,-0.3118991554,0.1212825179,0.1860953569,0.1338375807,0.4941338301,0.7153255343,0.4918736219,-0.0494459569,0.0000000000,0.0000000000,0.0000000000,0.0000000000,0.0000000000,0.0000000000,-0.3125095367,0.3545030057,-0.3105563521,0.9852756262,-0.1662614793,-0.0457994342,0.2790420949,0.6728639603,0.1568357497,-0.6671096087,
7010.434,0.1220740378,0.0000000000,1.0376293659,0.0686056092,0.0048829615,-1.0112613440,-0.1580858827,-0.0410168767,-0.4414197206,0.0030329525,0.0093283635,-0.0134229064,0.0324561484,0.0920075178,-0.9953376055,0.0052333102,0.5493331552,-3.2349619865,0.6103702188,-0.4334849119,0.8436536789,-0.3667104244,-0.2640461326,0.4524063766,-0.2981047928,0.1230136752,0.1843833923,0.1391673684,0.4945548475,0.7158952355,0.4905876219,-0.0497653969,0.5493331552,-3.2349619865,0.6103702188,-0.4334849119,0.8436536789,-0.3667104244,-0.2640461326,0.4524063766,-0.2981047928,0.1230136752,0.1843833923,0.1391673684,0.4945548475,0.7158952355,0.4905876219,-0.0497653969,0.0000000000,0.0000000000,0.0000000000,0.0000000000,0.0000000000,0.0000000000,-0.3112888038,0.3510849476,-0.3105563521,0.9852755666,-0.1662619710,-0.0457998514,0.2792215645,0.6728217602,0.1570163667,-0.6670346856,
7010.447,0.1220740378,0.0000000000,0.9765923023,0.0681173131,0.0025635548,-1.0102847815,-0.1569872200,-0.0433362834,-0.4343394339,0.0025369078,0.0070065195,-0.0124468803,0.0324600972,0.0920128599,-0.9953370094,0.0052326284,0.2441480756,-4.5777764320,0.5493331552,-0.4417859316,0.8463392854,-0.3618274629,-0.2641682327,0.4497207701,-0.2984710336,0.1145261526,0.1860771775,0.1429612935,0.4950617850,0.7164498568,0.4892210960,-0.0501938574,0.2441480756,-4.5777764320,0.5493331552,-0.4417859316,0.8463392854,-0.3618274629,-0.2641682327,0.4497207701,-0.2984710336,0.1145261526,0.1860771775,0.1429612935,0.4950617850,0.7164498568,0.4892210960,-0.0501938574,0.0000000000,0.0000000000,0.0000000000,0.0000000000,0.0000000000,0.0000000000,-0.3090914786,0.3496200442,-0.3125095367,0.9852755666,-0.1662624478,-0.0458003283,0.2793924809,0.6727814674,0.1571883559,-0.6669632792,
7010.460,0.1220740378,-0.0610370189,1.0376293659,0.0681173131,0.0034180731,-1.0104068518,-0.1578417271,-0.0467543565,-0.4326303899,0.0025399104,0.0078550950,-0.0125687122,0.0324586518,0.0920543671,-0.9953331947,0.0052308827,0.1831110567,-3.9674062729,0.4882961512,-0.4437391162,0.8548845053,-0.3828241825,-0.2635578513,0.4525284469,-0.3021332324,0.1123095751,0.1936653852,0.1210016608,0.4955049157,0.7170510888,0.4878461659,-0.0506158732,0.1831110567,-3.9674062729,0.4882961512,-0.4437391162,0.8548845053,-0.3828241825,-0.2635578513,0.4525284469,-0.3021332324,0.1123095751,0.1936653852,0.1210016608,0.4955049157,0.7170510888,0.4878461659,-0.0506158732,0.0000000000,0.0000000000,0.0000000000,0.0000000000,0.0000000000,0.0000000000,-0.3108004928,0.3501083553,-0.3086031675,0.9852752686,-0.1662628651,-0.0458004475,0.2795726359,0.6727388501,0.1573697031,-0.6668878198,
7010.473,0.1220740378,-0.1220740378,1.0376293659,0.0683614612,0.0025635548,-1.0111392736,-0.1529587656,-0.0408948027,-0.4338511229,0.0027967095,0.0069988910,-0.0133002400,0.0324525237,0.0920341611,-0.9953354001,0.0052287993,0.3051851094,-2.6856288910,0.1220740378,-0.4469130635,0.8551286459,-0.3869746923,-0.2666096985,0.4550920129,-0.3056733906,0.1088078618,0.1930187941,0.1160427332,0.4958727360,0.7176645398,0.4865280986,-0.0510049798,0.3051851094,-2.6856288910,0.1220740378,-0.4469130635,0.8551286459,-0.3869746923,-0.2666096985,0.4550920129,-0.3056733906,0.1088078618,0.1930187941,0.1160427332,0.4958727360,0.7176645398,0.4865280986,-0.0510049798,0.0000000000,0.0000000000,0.0000000000,0.0000000000,0.0000000000,0.0000000000,-0.3122653961,0.3510849476,-0.3086031675,0.9852753282,-0.1662634015,-0.0458009839,0.2797538042,0.6726961136,0.1575520337,-0.6668120623,
7010.486,0.1220740378,-0.1220740378,1.0376293659,0.0673848689,0.0032959990,-1.0111392736,-0.1539353579,-0.0395519882,-0.4284798801,0.0018375441,0.0077260365,-0.0132991076,0.0324442908,0.0919950604,-0.9953391552,0.0052240817,0.4272591472,-1.5869624615,-0.3051851094,-0.4491103888,0.8515884876,-0.3835566342,-0.2658772469,0.4516739547,-0.2996917665,0.1062529683,0.1886505485,0.1187650263,0.4961910844,0.7182233930,0.4853445292,-0.0513183735,0.4272591472,-1.5869624615,-0.3051851094,-0.4491103888,0.8515884876,-0.3835566342,-0.2658772469,0.4516739547,-0.2996917665,0.1062529683,0.1886505485,0.1187650263,0.4961910844,0.7182233930,0.4853445292,-0.0513183735,0.0000000000,0.0000000000,0.0000000000,0.0000000000,0.0000000000,0.0000000000,-0.3117770851,0.3486434519,-0.3105563521,0.9852750897,-0.1662638634,-0.0458013415,0.2799226344,0.6726561189,0.1577219516,-0.6667413116,
7010.499,0.1831110567,-0.1220740378,0.9765923023,0.0682393909,0.0030518509,-1.0108951330,-0.1535691470,-0.0412610248,-0.4325083196,0.0027050152,0.0074877548,-0.0130541325,0.0324376114,0.0919841602,-0.9953405857,0.0052260486,0.3662221134,-0.6714072227,-0.3662221134,-0.4555803239,0.8491470218,-0.3805047870,-0.2661214173,0.4550920129,-0.3010345697,0.0993831456,0.1853994131,0.1211896539,0.4964787066,0.7187716961,0.4842084348,-0.0515915453,0.3662221134,-0.6714072227,-0.3662221134,-0.4555803239,0.8491470218,-0.3805047870,-0.2661214173,0.4550920129,-0.3010345697,0.0993831456,0.1853994131,0.1211896539,0.4964787066,0.7187716961,0.4842084348,-0.0515915453,0.0000000000,0.0000000000,0.0000000000,0.0000000000,0.0000000000,0.0000000000,-0.3115329444,0.3520615399,-0.3105563521,0.9852751493,-0.1662643403,-0.0458017588,0.2801001668,0.6726140976,0.1579006612,-0.6666669250,
7010.512,0.1220740378,-0.1220740378,0.9765923023,0.0673848689,0.0030518509,-1.0110172033,-0.1539353579,-0.0377208777,-0.4318979383,0.0018676892,0.0074829506,-0.0131750703,0.0324295759,0.0919257253,-0.9953460693,0.0052209604,0.2441480756,-0.6103702188,-0.1220740378,-0.4499649107,0.8489028811,-0.3757438958,-0.2636799216,0.4517960250,-0.3009124994,0.1045518816,0.1842954755,0.1253058612,0.4967747629,0.7193504572,0.4830145240,-0.0518648140,0.2441480756,-0.6103702188,-0.1220740378,-0.4499649107,0.8489028811,-0.3757438958,-0.2636799216,0.4517960250,-0.3009124994,0.1045518816,0.1842954755,0.1253058612,0.4967747629,0.7193504572,0.4830145240,-0.0518648140,0.0000000000,0.0000000000,0.0000000000,0.0000000000,0.0000000000,0.0000000000,-0.3095797598,0.3530381322,-0.3086031675,0.9852749705,-0.1662648171,-0.0458021164,0.2802855074,0.6725701094,0.1580872536,-0.6665891409,
7010.525,0.1220740378,-0.1220740378,0.9765923023,0.0653096139,0.0028077029,-1.0107730627,-0.1518601030,-0.0407727286,-0.4309213459,-0.0001803860,0.0072352262,-0.0129290819,0.0324162431,0.0919138193,-0.9953477383,0.0052175359,0.0610370189,-0.9765923023,-0.0610370189,-0.4410535097,0.8460951447,-0.3715933859,-0.2655110359,0.4481337965,-0.3053071797,0.1130195260,0.1805892587,0.1287544668,0.4970924854,0.7199850678,0.4817039669,-0.0522026084,0.0610370189,-0.9765923023,-0.0610370189,-0.4410535097,0.8460951447,-0.3715933859,-0.2655110359,0.4481337965,-0.3053071797,0.1130195260,0.1805892587,0.1287544668,0.4970924854,0.7199850678,0.4817039669,-0.0522026084,0.0000000000,0.0000000000,0.0000000000,0.0000000000,0.0000000000,0.0000000000,-0.3125095367,0.3525498211,-0.3105563521,0.9852749109,-0.1662653089,-0.0458024740,0.2804619670,0.6725282073,0.1582648903,-0.6665150523,
7010.538,0.1220740378,-0.1220740378,0.9765923023,0.0678731650,0.0017090365,-1.0102847815,-0.1541795135,-0.0390636921,-0.4292123318,0.0023974776,0.0061384183,-0.0124399066,0.0324092358,0.0918733776,-0.9953516722,0.0052164849,-0.1220740378,-2.5025177002,-0.4882961512,-0.4316537976,0.8485366106,-0.3567003310,-0.2636799216,0.4541154206,-0.3083590269,0.1221392751,0.1821080446,0.1427290440,0.4975081086,0.7205885053,0.4803228378,-0.0526403487,-0.1220740378,-2.5025177002,-0.4882961512,-0.4316537976,0.8485366106,-0.3567003310,-0.2636799216,0.4541154206,-0.3083590269,0.1221392751,0.1821080446,0.1427290440,0.4975081086,0.7205885053,0.4803228378,-0.0526403487,0.0000000000,0.0000000000,0.0000000000,0.0000000000,0.0000000000,0.0000000000,-0.3100680709,0.3510849476,-0.2929776907,0.9852747321,-0.1662658155,-0.0458027720,0.2806804478,0.6724762321,0.1584849060,-0.6664232016,
7010.551,0.1220740378,-0.0610370189,1.0376293659,0.0676290169,0.0004882962,-1.0111392736,-0.1552781761,-0.0423596911,-0.4327524602,0.0021584630,0.0049262573,-0.0132941008,0.0324063189,0.0918668360,-0.9953523278,0.0052203089,0.0610370189,-2.6856288910,-0.7324442267,-0.4329966009,0.8501235843,-0.3618274629,-0.2645344436,0.4558244646,-0.3035981357,0.1205579937,0.1828272939,0.1367073357,0.4979133904,0.7211362123,0.4790335596,-0.0530552492,0.0610370189,-2.6856288910,-0.7324442267,-0.4329966009,0.8501235843,-0.3618274629,-0.2645344436,0.4558244646,-0.3035981357,0.1205579937,0.1828272939,0.1367073357,0.4979133904,0.7211362123,0.4790335596,-0.0530552492,0.0000000000,0.0000000000,0.0000000000,0.0000000000,0.0000000000,0.0000000000,-0.3122653961,0.3530381322,-0.3066499829,0.9852747321,-0.1662663519,-0.0458031893,0.2808662653,0.6724320054,0.1586719900,-0.6663450599,
7010.564,0.1220740378,-0.0610370189,1.0376293659,0.0692159832,-0.0003662221,-1.0115054846,-0.1549119502,-0.0394299142,-0.4350718856,0.0037428662,0.0040844907,-0.0136605501,0.0324072465,0.0918225646,-0.9953563213,0.0052253376,0.1831110567,-2.3804438114,-1.0376293659,-0.4416638613,0.8502456546,-0.3689077497,-0.2653889656,0.4483779371,-0.3062837720,0.1116842628,0.1821593046,0.1287978292,0.4982757568,0.7217430472,0.4776850641,-0.0535580963,0.1831110567,-2.3804438114,-1.0376293659,-0.4416638613,0.8502456546,-0.3689077497,-0.2653889656,0.4483779371,-0.3062837720,0.1116842628,0.1821593046,0.1287978292,0.4982757568,0.7217430472,0.4776850641,-0.0535580963,0.0000000000,0.0000000000,0.0000000000,0.0000000000,0.0000000000,0.0000000000,-0.3108004928,0.3520615399,-0.3105563521,0.9852745533,-0.1662668139,-0.0458034873,0.2810394168,0.6723906994,0.1588463187,-0.6662721634,
7010.577,0.1220740378,-0.0610370189,1.0376293659,0.0679952428,0.0012207404,-1.0106509924,-0.1540574431,-0.0415051728,-0.4356822371,0.0025252700,0.0056763068,-0.0128058791,0.0324055292,0.0918078646,-0.9953577518,0.0052271313,0.3662221134,-1.3428144455,-1.4038513899,-0.4516739547,0.8465834260,-0.3831903934,-0.2672200799,0.4493545294,-0.3094576895,0.1014451683,0.1778194308,0.1138596237,0.4985492826,0.7223765254,0.4763827026,-0.0540705882,0.3662221134,-1.3428144455,-1.4038513899,-0.4516739547,0.8465834260,-0.3831903934,-0.2672200799,0.4493545294,-0.3094576895,0.1014451683,0.1778194308,0.1138596237,0.4985492826,0.7223765254,0.4763827026,-0.0540705882,0.0000000000,0.0000000000,0.0000000000,0.0000000000,0.0000000000,0.0000000000,-0.3108004928,0.3530381322,-0.3066499829,0.9852744937,-0.1662673205,-0.0458039045,0.2812242508,0.6723465919,0.1590324342,-0.6661943197,
7010.590,0.1220740378,-0.0610370189,1.0376293659,0.0678731650,0.0030518509,-1.0111392736,-0.1540574431,-0.0408948027,-0.4310434163,0.0024070889,0.0075032082,-0.0132939219,0.0324038900,0.0917865187,-0.9953597784,0.0052241604,0.2441480756,-0.7934812307,-1.4648884535,-0.4486220777,0.8454847932,-0.3846552968,-0.2662434876,0.4487441778,-0.3097018301,0.1042169631,0.1760409474,0.1117909849,0.4987991452,0.7230178118,0.4750911891,-0.0545553118,0.2441480756,-0.7934812307,-1.4648884535,-0.4486220777,0.8454847932,-0.3846552968,-0.2662434876,0.4487441778,-0.3097018301,0.1042169631,0.1760409474,0.1117909849,0.4987991452,0.7230178118,0.4750911891,-0.0545553118,0.0000000000,0.0000000000,0.0000000000,0.0000000000,0.0000000000,0.0000000000,-0.3100680709,0.3520615399,-0.3105563521,0.9852743745,-0.1662678123,-0.0458041430,0.2813960016,0.6723055243,0.1592053622,-0.6661219001,
7010.603,0.1220740378,-0.0610370189,1.0376293659,0.0671407208,0.0035401471,-1.0096743107,-0.1506393701,-0.0443128757,-0.4387340844,0.0016816407,0.0079848832,-0.0118284225,0.0324005373,0.0918183476,-0.9953569770,0.0052215755,0.0610370189,-0.5493331552,-1.5259255171,-0.4515518546,0.8458510041,-0.3833124936,-0.2628253996,0.4505752623,-0.3043305874,0.1010056734,0.1757241488,0.1125257313,0.4990581274,0.7235915065,0.4738963544,-0.0549715422,0.0610370189,-0.5493331552,-1.5259255171,-0.4515518546,0.8458510041,-0.3833124936,-0.2628253996,0.4505752623,-0.3043305874,0.1010056734,0.1757241488,0.1125257313,0.4990581274,0.7235915065,0.4738963544,-0.0549715422,0.0000000000,0.0000000000,0.0000000000,0.0000000000,0.0000000000,0.0000000000,-0.3095797598,0.3520615399,-0.3086031675,0.9852743149,-0.1662683040,-0.0458046198,0.2815721035,0.6722633839,0.1593826860,-0.6660476327,
7010.616,0.1220740378,-0.0610370189,0.9765923023,0.0678731650,0.0042725913,-1.0096743107,-0.1525925547,-0.0416272469,-0.4398327470,0.0024173930,0.0087064179,-0.0118281841,0.0323994122,0.0918140188,-0.9953574538,0.0052158483,-0.4272591472,-0.8545182943,-1.4648884535,-0.4542374909,0.8474379778,-0.3748893738,-0.2651448250,0.4500869811,-0.3023774028,0.0980755985,0.1765704751,0.1202194393,0.4993796945,0.7241116166,0.4727156460,-0.0553670824,-0.4272591472,-0.8545182943,-1.4648884535,-0.4542374909,0.8474379778,-0.3748893738,-0.2651448250,0.4500869811,-0.3023774028,0.0980755985,0.1765704751,0.1202194393,0.4993796945,0.7241116166,0.4727156460,-0.0553670824,0.0000000000,0.0000000000,0.0000000000,0.0000000000,0.0000000000,0.0000000000,-0.3090914786,0.3530381322,-0.3125095367,0.9852741361,-0.1662688106,-0.0458047390,0.2817404270,0.6722230315,0.1595521718,-0.6659765244,
7010.629,0.1220740378,0.0000000000,0.9155552983,0.0673848689,0.0043946654,-1.0111392736,-0.1522263288,-0.0397961363,-0.4389782548,0.0019246042,0.0088163652,-0.0132933855,0.0324023254,0.0917921886,-0.9953593612,0.0052093044,-0.4882961512,-1.0376293659,-1.2817773819,-0.4532608986,0.8497573733,-0.3718375266,-0.2650227249,0.4500869811,-0.3016449511,0.0987994671,0.1781180501,0.1225066483,0.4997188449,0.7246288657,0.4715171456,-0.0557584353,-0.4882961512,-1.0376293659,-1.2817773819,-0.4532608986,0.8497573733,-0.3718375266,-0.2650227249,0.4500869811,-0.3016449511,0.0987994671,0.1781180501,0.1225066483,0.4997188449,0.7246288657,0.4715171456,-0.0557584353,0.0000000000,0.0000000000,0.0000000000,0.0000000000,0.0000000000,0.0000000000,-0.3098239005,0.3535264134,-0.3066499829,0.9852740765,-0.1662693024,-0.0458052158,0.2819235921,0.6721791029,0.1597366482,-0.6658991575,
7010.642,0.1220740378,-0.0610370189,0.9765923023,0.0681173131,0.0036622211,-1.0105289221,-0.1522263288,-0.0402844325,-0.4370250702,0.0026594177,0.0080761593,-0.0126828551,0.0324015990,0.0917721316,-0.9953613877,0.0052046753,-0.4882961512,-0.9765923023,-1.2207404375,-0.4508194327,0.8495132327,-0.3689077497,-0.2672200799,0.4502090514,-0.3032319248,0.1009711027,0.1770907044,0.1246724427,0.5000563860,0.7251604795,0.4702929258,-0.0561562330,-0.4882961512,-0.9765923023,-1.2207404375,-0.4508194327,0.8495132327,-0.3689077497,-0.2672200799,0.4502090514,-0.3032319248,0.1009711027,0.1770907044,0.1246724427,0.5000563860,0.7251604795,0.4702929258,-0.0561562330,0.0000000000,0.0000000000,0.0000000000,0.0000000000,0.0000000000,0.0000000000,-0.3110446632,0.3520615399,-0.3125095367,0.9852739573,-0.1662698239,-0.0458056331,0.2820863724,0.6721400023,0.1599005312,-0.6658303738,
7010.655,0.1220740378,-0.0610370189,0.9765923023,0.0697042793,0.0028077029,-1.0108951330,-0.1562547684,-0.0413830988,-0.4340952933,0.0042411163,0.0072181439,-0.0130493641,0.0324044786,0.0917559788,-0.9953626394,0.0052026515,-0.1831110567,-0.1831110567,-1.2207404375,-0.4530167580,0.8525651097,-0.3729361892,-0.2663655579,0.4541154206,-0.3048188686,0.0984356999,0.1793963909,0.1200048923,0.5003345609,0.7257124782,0.4691005349,-0.0565223992,-0.1831110567,-0.1831110567,-1.2207404375,-0.4530167580,0.8525651097,-0.3729361892,-0.2663655579,0.4541154206,-0.3048188686,0.0984356999,0.1793963909,0.1200048923,0.5003345609,0.7257124782,0.4691005349,-0.0565223992,0.0000000000,0.0000000000,0.0000000000,0.0000000000,0.0000000000,0.0000000000,-0.3098239005,0.3496200442,-0.3086031675,0.9852737784,-0.1662702858,-0.0458058715,0.2822521031,0.6721001267,0.1600674391,-0.6657602191,
7010.668,0.1220740378,-0.0610370189,0.9765923023,0.0673848689,0.0014648885,-1.0105289221,-0.1517380327,-0.0430921353,-0.4355601668,0.0019277036,0.0058784802,-0.0126827955,0.0324012414,0.0917747468,-0.9953611493,0.0052045546,0.0000000000,0.5493331552,-1.2207404375,-0.4538712800,0.8503677249,-0.3747673035,-0.2655110359,0.4510635734,-0.3027436137,0.0971851647,0.1764829755,0.1176381111,0.5005643964,0.7262752652,0.4679425657,-0.0568556190,0.0000000000,0.5493331552,-1.2207404375,-0.4538712800,0.8503677249,-0.3747673035,-0.2655110359,0.4510635734,-0.3027436137,0.0971851647,0.1764829755,0.1176381111,0.5005643964,0.7262752652,0.4679425657,-0.0568556190,0.0000000000,0.0000000000,0.0000000000,0.0000000000,0.0000000000,0.0000000000,-0.3100680709,0.3515732288,-0.3086031675,0.9852737784,-0.1662707776,-0.0458062887,0.2824222445,0.6720591784,0.1602387875,-0.6656882167,
7010.681,0.1220740378,-0.0610370189,0.9765923023,0.0675069466,0.0019531846,-1.0101627111,-0.1500289887,-0.0411389507,-0.4343394339,0.0020550489,0.0063674920,-0.0123162270,0.0323985927,0.0917729586,-0.9953613281,0.0052046110,0.0610370189,1.0986663103,-1.3428144455,-0.4495986700,0.8464613557,-0.3723258078,-0.2666096985,0.4500869811,-0.3020111620,0.1010235548,0.1718755960,0.1196056008,0.5007668138,0.7268348336,0.4668193161,-0.0571567267,0.0610370189,1.0986663103,-1.3428144455,-0.4495986700,0.8464613557,-0.3723258078,-0.2666096985,0.4500869811,-0.3020111620,0.1010235548,0.1718755960,0.1196056008,0.5007668138,0.7268348336,0.4668193161,-0.0571567267,0.0000000000,0.0000000000,0.0000000000,0.0000000000,0.0000000000,0.0000000000,-0.3115329444,0.3486434519,-0.3086031675,0.9852737188,-0.1662712842,-0.0458067060,0.2825826108,0.6720205545,0.1604002714,-0.6656203270,
7010.694,0.1220740378,-0.0610370189,0.9765923023,0.0672627985,0.0019531846,-1.0101627111,-0.1518601030,-0.0433362834,-0.4311655164,0.0018173307,0.0063682054,-0.0123158097,0.0323952325,0.0917956308,-0.9953593612,0.0052054077,0.0000000000,0.5493331552,-1.4648884535,-0.4454481602,0.8445081711,-0.3653675914,-0.2631916404,0.4509415030,-0.3006683588,0.1047987938,0.1692134738,0.1260109842,0.5010051727,0.7273722291,0.4656846821,-0.0574850626,0.0000000000,0.5493331552,-1.4648884535,-0.4454481602,0.8445081711,-0.3653675914,-0.2631916404,0.4509415030,-0.3006683588,0.1047987938,0.1692134738,0.1260109842,0.5010051727,0.7273722291,0.4656846821,-0.0574850626,0.0000000000,0.0000000000,0.0000000000,0.0000000000,0.0000000000,0.0000000000,-0.3110446632,0.3471785784,-0.3105563521,0.9852735996,-0.1662717462,-0.0458069444,0.2827334404,0.6719841361,0.1605521590,-0.6655563712,
7010.707,0.1220740378,-0.0610370189,0.9765923023,0.0673848689,0.0018311106,-1.0097965002,-0.1543015838,-0.0435804315,-0.4353160262,0.0019451007,0.0062474399,-0.0119492412,0.0323922448,0.0918130204,-0.9953578115,0.0052063633,-0.1831110567,0.0610370189,-1.4038513899,-0.4477675855,0.8479262590,-0.3662221134,-0.2697836161,0.4508194327,-0.3098239005,0.1021426022,0.1719050407,0.1245342195,0.5012646914,0.7279819250,0.4643960893,-0.0579269044,-0.1831110567,0.0610370189,-1.4038513899,-0.4477675855,0.8479262590,-0.3662221134,-0.2697836161,0.4508194327,-0.3098239005,0.1021426022,0.1719050407,0.1245342195,0.5012646914,0.7279819250,0.4643960893,-0.0579269044,0.0000000000,0.0000000000,0.0000000000,0.0000000000,0.0000000000,0.0000000000,-0.3108004928,0.3496200442,-0.3125095367,0.9852735400,-0.1662722826,-0.0458073616,0.2828855515,0.6719474196,0.1607053131,-0.6654918790,
7010.720,0.1220740378,-0.0610370189,0.9765923023,0.0687276870,0.0026856288,-1.0105289221,-0.1555223316,-0.0463881344,-0.4340952933,0.0032871887,0.0070990464,-0.0126817226,0.0323924758,0.0918631926,-0.9953532815,0.0052065784,-0.3051851094,-0.4882961512,-1.3428144455,-0.4528946877,0.8485366106,-0.3639027178,-0.2681966722,0.4530167580,-0.3075045049,0.0967400074,0.1717821956,0.1261515915,0.5015627742,0.7285475135,0.4631294012,-0.0583748743,-0.3051851094,-0.4882961512,-1.3428144455,-0.4528946877,0.8485366106,-0.3639027178,-0.2681966722,0.4530167580,-0.3075045049,0.0967400074,0.1717821956,0.1261515915,0.5015627742,0.7285475135,0.4631294012,-0.0583748743,0.0000000000,0.0000000000,0.0000000000,0.0000000000,0.0000000000,0.0000000000,-0.3090914786,0.3486434519,-0.3086031675,0.9852733612,-0.1662727594,-0.0458075404,0.2830449641,0.6719088554,0.1608658731,-0.6654241681,
7010.733,0.1220740378,0.0000000000,0.9765923023,0.0687276870,0.0024414808,-1.0100406408,-0.1535691470,-0.0445570238,-0.4327524602,0.0032756925,0.0068531996,-0.0121941566,0.0323981158,0.0918957964,-0.9953500032,0.0052073239,-0.3051851094,-0.7324442267,-1.2207404375,-0.4559465349,0.8507339954,-0.3717154562,-0.2651448250,0.4543595612,-0.3046967983,0.0934189856,0.1732559204,0.1176406741,0.5018597841,0.7290943265,0.4618905187,-0.0588106029,-0.3051851094,-0.7324442267,-1.2207404375,-0.4559465349,0.8507339954,-0.3717154562,-0.2651448250,0.4543595612,-0.3046967983,0.0934189856,0.1732559204,0.1176406741,0.5018597841,0.7290943265,0.4618905187,-0.0588106029,0.0000000000,0.0000000000,0.0000000000,0.0000000000,0.0000000000,0.0000000000,-0.3090914786,0.3496200442,-0.2929776907,0.9852733016,-0.1662732959,-0.0458079576,0.2832468748,0.6718600392,0.1610693187,-0.6653383970,
7010.746,0.1220740378,0.0000000000,1.0376293659,0.0678731650,0.0020752586,-1.0104068518,-0.1518601030,-0.0440687276,-0.4292123318,0.0024140999,0.0064877984,-0.0125607848,0.0324014649,0.0919226781,-0.9953473806,0.0052089347,-0.2441480756,-0.4272591472,-1.2817773819,-0.4547258019,0.8496353030,-0.3718375266,-0.2672200799,0.4509415030,-0.3067720532,0.0943493843,0.1714488268,0.1168630719,0.5021315217,0.7296816707,0.4606062472,-0.0592760779,-0.2441480756,-0.4272591472,-1.2817773819,-0.4547258019,0.8496353030,-0.3718375266,-0.2672200799,0.4509415030,-0.3067720532,0.0943493843,0.1714488268,0.1168630719,0.5021315217,0.7296816707,0.4606062472,-0.0592760779,0.0000000000,0.0000000000,0.0000000000,0.0000000000,0.0000000000,0.0000000000,-0.3098239005,0.3486434519,-0.3125095367,0.9852731228,-0.1662737578,-0.0458081961,0.2833942175,0.6718242764,0.1612177044,-0.6652757525,
7010.759,0.1220740378,0.0000000000,1.0376293659,0.0683614612,0.0031739250,-1.0108951330,-0.1527146250,-0.0428479873,-0.4362926185,0.0028931126,0.0075818645,-0.0130497217,0.0324062705,0.0919291154,-0.9953466654,0.0052072806,-0.1220740378,-0.1220740378,-1.2817773819,-0.4537492096,0.8495132327,-0.3717154562,-0.2664876282,0.4504531920,-0.3065279126,0.0950073898,0.1706308722,0.1163765788,0.5023802519,0.7302799821,0.4593258798,-0.0597333387,-0.1220740378,-0.1220740378,-1.2817773819,-0.4537492096,0.8495132327,-0.3717154562,-0.2664876282,0.4504531920,-0.3065279126,0.0950073898,0.1706308722,0.1163765788,0.5023802519,0.7302799821,0.4593258798,-0.0597333387,0.0000000000,0.0000000000,0.0000000000,0.0000000000,0.0000000000,0.0000000000,-0.3090914786,0.3505966365,-0.3066499829,0.9852730632,-0.1662742943,-0.0458086133,0.2835614085,0.6717837453,0.1613861173,-0.6652046442,
7010.772,0.1220740378,0.0000000000,0.9765923023,0.0675069466,0.0029297769,-1.0106509924,-0.1549119502,-0.0397961363,-0.4344615042,0.0020334497,0.0073336433,-0.0128058791,0.0324092060,0.0918951780,-0.9953497052,0.0052043847,-0.1220740378,-0.0610370189,-1.2817773819,-0.4555803239,0.8479262590,-0.3664662540,-0.2639240623,0.4546037316,-0.3043305874,0.0928687155,0.1683489680,0.1210046709,0.5026391149,0.7308332324,0.4581066966,-0.0601535104,-0.1220740378,-0.0610370189,-1.2817773819,-0.4555803239,0.8479262590,-0.3664662540,-0.2639240623,0.4546037316,-0.3043305874,0.0928687155,0.1683489680,0.1210046709,0.5026391149,0.7308332324,0.4581066966,-0.0601535104,0.0000000000,0.0000000000,0.0000000000,0.0000000000,0.0000000000,0.0000000000,-0.3088473082,0.3530381322,-0.3105563521,0.9852729440,-0.1662747711,-0.0458088517,0.2837246656,0.6717440486,0.1615505815,-0.6651351452,
7010.785,0.1831110567,0.0000000000,0.9765923023,0.0668965727,0.0035401471,-1.0106509924,-0.1528366953,-0.0437025055,-0.4300668240,0.0014209226,0.0079475809,-0.0128060579,0.0324099809,0.0919196829,-0.9953474998,0.0052070580,-0.0610370189,-0.4882961512,-1.1597033739,-0.4583880007,0.8489028811,-0.3652455211,-0.2667317688,0.4515518546,-0.2993255556,0.0897861421,0.1686304212,0.1215646863,0.5029187799,0.7313465476,0.4569250345,-0.0605607145,-0.0610370189,-0.4882961512,-1.1597033739,-0.4583880007,0.8489028811,-0.3652455211,-0.2667317688,0.4515518546,-0.2993255556,0.0897861421,0.1686304212,0.1215646863,0.5029187799,0.7313465476,0.4569250345,-0.0605607145,0.0000000000,0.0000000000,0.0000000000,0.0000000000,0.0000000000,0.0000000000,-0.3088473082,0.3525498211,-0.3125095367,0.9852728844,-0.1662752777,-0.0458092093,0.2838808894,0.6717060804,0.1617079377,-0.6650686264,
7010.798,0.1220740378,-0.0610370189,0.9765923023,0.0682393909,0.0024414808,-1.0117496252,-0.1533249915,-0.0452894680,-0.4337290525,0.0027660206,0.0068472717,-0.0139045119,0.0324086994,0.0919620246,-0.9953435659,0.0052075135,0.0000000000,-0.4272591472,-0.9765923023,-0.4615619481,0.8504897952,-0.3681752980,-0.2678304315,0.4489883184,-0.3043305874,0.0863169730,0.1695229411,0.1179962456,0.5031779408,0.7319395542,0.4556241930,-0.0610424802,0.0000000000,-0.4272591472,-0.9765923023,-0.4615619481,0.8504897952,-0.3681752980,-0.2678304315,0.4489883184,-0.3043305874,0.0863169730,0.1695229411,0.1179962456,0.5031779408,0.7319395542,0.4556241930,-0.0610424802,0.0000000000,0.0000000000,0.0000000000,0.0000000000,0.0000000000,0.0000000000,-0.3098239005,0.3476668596,-0.3105563521,0.9852728844,-0.1662757844,-0.0458096266,0.2840272188,0.6716704965,0.1618553251,-0.6650062799,
7010.811,0.1220740378,0.0000000000,0.9765923023,0.0676290169,0.0020752586,-1.0095522404,-0.1551561058,-0.0433362834,-0.4316537976,0.0021495670,0.0064811981,-0.0117074847,0.0324116647,0.0919738337,-0.9953423142,0.0052082534,0.0610370189,-0.1831110567,-0.7324442267,-0.4658345282,0.8502456546,-0.3728141189,-0.2685628831,0.4505752623,-0.3104342818,0.0817106664,0.1685886383,0.1127660275,0.5034072995,0.7326002121,0.4542357624,-0.0615710951,0.0610370189,-0.1831110567,-0.7324442267,-0.4658345282,0.8502456546,-0.3728141189,-0.2685628831,0.4505752623,-0.3104342818,0.0817106664,0.1685886383,0.1127660275,0.5034072995,0.7326002121,0.4542357624,-0.0615710951,0.0000000000,0.0000000000,0.0000000000,0.0000000000,0.0000000000,0.0000000000,-0.3115329444,0.3510849476,-0.3105563521,0.9852726460,-0.1662762463,-0.0458099246,0.2841812074,0.6716329455,0.1620104611,-0.6649405956,
7010.824,0.1220740378,-0.0610370189,0.9765923023,0.0682393909,0.0025635548,-1.0100406408,-0.1540574431,-0.0430921353,-0.4286019504,0.0027616546,0.0069672382,-0.0121958256,0.0324108452,0.0919864699,-0.9953413010,0.0052074608,0.1220740378,0.2441480756,-0.2441480756,-0.4616840184,0.8491470218,-0.3708609343,-0.2694174051,0.4514297843,-0.2977385819,0.0854235590,0.1667519808,0.1141760647,0.5036374331,0.7331443429,0.4530576169,-0.0618937165,0.1220740378,0.2441480756,-0.2441480756,-0.4616840184,0.8491470218,-0.3708609343,-0.2694174051,0.4514297843,-0.2977385819,0.0854235590,0.1667519808,0.1141760647,0.5036374331,0.7331443429,0.4530576169,-0.0618937165,0.0000000000,0.0000000000,0.0000000000,0.0000000000,0.0000000000,0.0000000000,-0.3095797598,0.3515732288,-0.3086031675,0.9852725863,-0.1662767828,-0.0458102226,0.2843418419,0.6715937853,0.1621722877,-0.6648720503,
7010.837,0.1220740378,-0.0610370189,0.9765923023,0.0679952428,0.0025635548,-1.0105289221,-0.1510055810,-0.0439466536,-0.4257942438,0.0025206134,0.0069649969,-0.0126838684,0.0324092284,0.0920201838,-0.9953380823,0.0052073002,0.0610370189,0.0610370189,-0.1220740378,-0.4546037316,0.8487808108,-0.3650013804,-0.2680746019,0.4516739547,-0.3056733906,0.0920502543,0.1656100154,0.1194549799,0.5038738847,0.7337800264,0.4517060816,-0.0623130761,0.0610370189,0.0610370189,-0.1220740378,-0.4546037316,0.8487808108,-0.3650013804,-0.2680746019,0.4516739547,-0.3056733906,0.0920502543,0.1656100154,0.1194549799,0.5038738847,0.7337800264,0.4517060816,-0.0623130761,0.0000000000,0.0000000000,0.0000000000,0.0000000000,0.0000000000,0.0000000000,-0.3108004928,0.3481551707,-0.3105563521,0.9852725267,-0.1662772894,-0.0458105803,0.2844866216,0.6715584397,0.1623181254,-0.6648102403,
7010.850,0.1220740378,0.0000000000,0.9765923023,0.0679952428,0.0019531846,-1.0113834143,-0.1552781761,-0.0426038392,-0.4306772053,0.0025133267,0.0063554174,-0.0135388374,0.0324128158,0.0920221284,-0.9953377843,0.0052080941,0.0610370189,-0.4272591472,-0.0610370189,-0.4525284469,0.8498794436,-0.3595080376,-0.2663655579,0.4553361535,-0.3034760654,0.0937045515,0.1659147143,0.1243027151,0.5041440725,0.7343715429,0.4503853917,-0.0627167225,0.0610370189,-0.4272591472,-0.0610370189,-0.4525284469,0.8498794436,-0.3595080376,-0.2663655579,0.4553361535,-0.3034760654,0.0937045515,0.1659147143,0.1243027151,0.5041440725,0.7343715429,0.4503853917,-0.0627167225,0.0000000000,0.0000000000,0.0000000000,0.0000000000,0.0000000000,0.0000000000,-0.3105563521,0.3491317630,-0.3086031675,0.9852724671,-0.1662777960,-0.0458109379,0.2846384346,0.6715213656,0.1624710560,-0.6647453904,
7010.863,0.1220740378,0.0000000000,0.9765923023,0.0673848689,0.0017090365,-1.0102847815,-0.1534470618,-0.0408948027,-0.4336069822,0.0018983260,0.0061132545,-0.0124405026,0.0324151106,0.0920062512,-0.9953392744,0.0052087787,0.3051851094,-0.9765923023,-0.0610370189,-0.4564348161,0.8508560658,-0.3601184189,-0.2674642205,0.4530167580,-0.3035981357,0.0894370377,0.1661300659,0.1230231822,0.5044164658,0.7349824309,0.4490154982,-0.0631921589,0.3051851094,-0.9765923023,-0.0610370189,-0.4564348161,0.8508560658,-0.3601184189,-0.2674642205,0.4530167580,-0.3035981357,0.0894370377,0.1661300659,0.1230231822,0.5044164658,0.7349824309,0.4490154982,-0.0631921589,0.0000000000,0.0000000000,0.0000000000,0.0000000000,0.0000000000,0.0000000000,-0.3095797598,0.3530381322,-0.3105563521,0.9852722883,-0.1662782878,-0.0458111763,0.2847957909,0.6714828014,0.1626296043,-0.6646780968,
7010.876,0.1831110567,-0.0610370189,1.0376293659,0.0683614612,0.0014648885,-1.0094301701,-0.1552781761,-0.0456556901,-0.4331187010,0.0028759316,0.0058836150,-0.0115858912,0.0324137509,0.0920418277,-0.9953359365,0.0052171173,0.5493331552,-0.9155552983,0.0610370189,-0.4608294964,0.8507339954,-0.3643909991,-0.2685628831,0.4557023942,-0.3051851094,0.0846735239,0.1652781367,0.1181318760,0.5046616197,0.7356097102,0.4476414323,-0.0636805966,0.5493331552,-0.9155552983,0.0610370189,-0.4608294964,0.8507339954,-0.3643909991,-0.2685628831,0.4557023942,-0.3051851094,0.0846735239,0.1652781367,0.1181318760,0.5046616197,0.7356097102,0.4476414323,-0.0636805966,0.0000000000,0.0000000000,0.0000000000,0.0000000000,0.0000000000,0.0000000000,-0.3098239005,0.3481551707,-0.3086031675,0.9852722287,-0.1662787497,-0.0458117127,0.2849437594,0.6714465618,0.1627786756,-0.6646148562,
7010.889,0.1220740378,-0.0610370189,0.9765923023,0.0689718351,0.0023194067,-1.0106509924,-0.1508835107,-0.0438245796,-0.4321421087,0.0034846589,0.0067370273,-0.0128068328,0.0324144624,0.0920722783,-0.9953331947,0.0052176337,0.7324442267,-0.6103702188,0.2441480756,-0.4642475545,0.8509781361,-0.3691518903,-0.2679525018,0.4574114084,-0.3081148863,0.0808469355,0.1648101211,0.1128205955,0.5048705339,0.7362775207,0.4462341964,-0.0641833395,0.7324442267,-0.6103702188,0.2441480756,-0.4642475545,0.8509781361,-0.3691518903,-0.2679525018,0.4574114084,-0.3081148863,0.0808469355,0.1648101211,0.1128205955,0.5048705339,0.7362775207,0.4462341964,-0.0641833395,0.0000000000,0.0000000000,0.0000000000,0.0000000000,0.0000000000,0.0000000000,-0.3095797598,0.3471785784,-0.3086031675,0.9852722287,-0.1662792414,-0.0458121300,0.2850884199,0.6714110970,0.1629244089,-0.6645529866,
7010.902,0.1220740378,-0.0610370189,1.0376293659,0.0695822015,0.0028077029,-1.0113834143,-0.1516159624,-0.0418713950,-0.4304330647,0.0040907115,0.0072225174,-0.0135395527,0.0324167609,0.0920697451,-0.9953331947,0.0052163540,0.9155552983,0.1831110567,0.4882961512,-0.4618060887,0.8467055559,-0.3747673035,-0.2672200799,0.4543595612,-0.3065279126,0.0827764571,0.1598356962,0.1067841947,0.5050207973,0.7369776964,0.4448401928,-0.0646393001,0.9155552983,0.1831110567,0.4882961512,-0.4618060887,0.8467055559,-0.3747673035,-0.2672200799,0.4543595612,-0.3065279126,0.0827764571,0.1598356962,0.1067841947,0.5050207973,0.7369776964,0.4448401928,-0.0646393001,0.0000000000,0.0000000000,0.0000000000,0.0000000000,0.0000000000,0.0000000000,-0.3090914786,0.3457136750,-0.3105563521,0.9852719307,-0.1662796885,-0.0458123684,0.2852236032,0.6713778377,0.1630606055,-0.6644950509,
7010.915,0.1220740378,-0.1220740378,0.9765923023,0.0673848689,0.0031739250,-1.0101627111,-0.1513718069,-0.0421155430,-0.4271370471,0.0019100234,0.0075834258,-0.0123177171,0.0324086621,0.0920774043,-0.9953328967,0.0052131861,0.9765923023,0.3051851094,0.6103702188,-0.4560686052,0.8443861008,-0.3725699782,-0.2647785842,0.4533829689,-0.3023774028,0.0879643857,0.1568002701,0.1085809767,0.5051671863,0.7376548648,0.4434906840,-0.0650433525,0.9765923023,0.3051851094,0.6103702188,-0.4560686052,0.8443861008,-0.3725699782,-0.2647785842,0.4533829689,-0.3023774028,0.0879643857,0.1568002701,0.1085809767,0.5051671863,0.7376548648,0.4434906840,-0.0650433525,0.0000000000,0.0000000000,0.0000000000,0.0000000000,0.0000000000,0.0000000000,-0.3105563521,0.3515732288,-0.3105563521,0.9852719307,-0.1662801951,-0.0458127260,0.2853734493,0.6713410616,0.1632115990,-0.6644308567,
7010.928,0.1220740378,-0.0610370189,0.9765923023,0.0675069466,0.0036622211,-1.0099185705,-0.1501510739,-0.0433362834,-0.4294564724,0.0020373836,0.0080640111,-0.0120732188,0.0324062444,0.0921043307,-0.9953303337,0.0052099796,0.9155552983,0.1831110567,0.4882961512,-0.4491103888,0.8426770568,-0.3703726232,-0.2691732645,0.4536271393,-0.3057954609,0.0943796039,0.1543704271,0.1103612781,0.5053167343,0.7383542061,0.4420895576,-0.0654831082,0.9155552983,0.1831110567,0.4882961512,-0.4491103888,0.8426770568,-0.3703726232,-0.2691732645,0.4536271393,-0.3057954609,0.0943796039,0.1543704271,0.1103612781,0.5053167343,0.7383542061,0.4420895576,-0.0654831082,0.0000000000,0.0000000000,0.0000000000,0.0000000000,0.0000000000,0.0000000000,-0.3103122115,0.3525498211,-0.3105563521,0.9852716923,-0.1662806273,-0.0458129644,0.2855253220,0.6713036299,0.1633646488,-0.6643657088,
7010.941,0.1220740378,-0.0610370189,0.9765923023,0.0684835389,0.0034180731,-1.0105289221,-0.1527146250,-0.0449232459,-0.4328745306,0.0030146018,0.0078134118,-0.0126834512,0.0324060246,0.0921432301,-0.9953268766,0.0052080029,0.5493331552,-0.4272591472,0.1220740378,-0.4486220777,0.8434095383,-0.3702505529,-0.2672200799,0.4543595612,-0.3104342818,0.0944194496,0.1543871760,0.1099650562,0.5055036545,0.7390628457,0.4406100512,-0.0660170764,0.5493331552,-0.4272591472,0.1220740378,-0.4486220777,0.8434095383,-0.3702505529,-0.2672200799,0.4543595612,-0.3104342818,0.0944194496,0.1543871760,0.1099650562,0.5055036545,0.7390628457,0.4406100512,-0.0660170764,0.0000000000,0.0000000000,0.0000000000,0.0000000000,0.0000000000,0.0000000000,-0.3090914786,0.3486434519,-0.3125095367,0.9852718115,-0.1662811190,-0.0458136201,0.2856615782,0.6712701321,0.1635019183,-0.6643073559,
7010.954,0.1220740378,-0.1220740378,0.9765923023,0.0676290169,0.0019531846,-1.0108951330,-0.1523483992,-0.0402844325,-0.4342173636,0.0021756664,0.0063493396,-0.0130486488,0.0323983282,0.0921217725,-0.9953291416,0.0052069901,0.4272591472,-0.6103702188,0.0610370189,-0.4520401657,0.8442640305,-0.3718375266,-0.2646565139,0.4553361535,-0.3043305874,0.0905864537,0.1545345187,0.1078316569,0.5057106614,0.7396982312,0.4392313957,-0.0664991587,0.4272591472,-0.6103702188,0.0610370189,-0.4520401657,0.8442640305,-0.3718375266,-0.2646565139,0.4553361535,-0.3043305874,0.0905864537,0.1545345187,0.1078316569,0.5057106614,0.7396982312,0.4392313957,-0.0664991587,0.0000000000,0.0000000000,0.0000000000,0.0000000000,0.0000000000,0.0000000000,-0.3110446632,0.3505966365,-0.3066499829,0.9852715731,-0.1662815660,-0.0458137393,0.2858160734,0.6712319851,0.1636576355,-0.6642409563,
7010.967,0.1220740378,-0.0610370189,0.9765923023,0.0679952428,0.0014648885,-1.0105289221,-0.1523483992,-0.0393078402,-0.4314096570,0.0025448576,0.0058642612,-0.0126822591,0.0323968790,0.0920881256,-0.9953322411,0.0052073607,0.3051851094,-0.5493331552,0.0000000000,-0.4559465349,0.8473159075,-0.3729361892,-0.2686849535,0.4541154206,-0.3055513203,0.0862775147,0.1568830013,0.1061764359,0.5059193373,0.7403397560,0.4378317297,-0.0670023113,0.3051851094,-0.5493331552,0.0000000000,-0.4559465349,0.8473159075,-0.3729361892,-0.2686849535,0.4541154206,-0.3055513203,0.0862775147,0.1568830013,0.1061764359,0.5059193373,0.7403397560,0.4378317297,-0.0670023113,0.0000000000,0.0000000000,0.0000000000,0.0000000000,0.0000000000,0.0000000000,-0.3108004928,0.3510849476,-0.3086031675,0.9852715731,-0.1662821025,-0.0458143353,0.2859663963,0.6711949706,0.1638091058,-0.6641764641,
7010.980,0.1220740378,-0.0610370189,0.9765923023,0.0677510947,0.0025635548,-1.0095522404,-0.1529587656,-0.0386974700,-0.4306772053,0.0023045242,0.0069606886,-0.0117053390,0.0323953032,0.0920451656,-0.9953362942,0.0052046711,0.4272591472,-0.2441480756,-0.0610370189,-0.4585101008,0.8501235843,-0.3691518903,-0.2713705897,0.4555803239,-0.3066499829,0.0833038688,0.1590002775,0.1094293892,0.5061156154,0.7409805059,0.4364422858,-0.0675007179,0.4272591472,-0.2441480756,-0.0610370189,-0.4585101008,0.8501235843,-0.3691518903,-0.2713705897,0.4555803239,-0.3066499829,0.0833038688,0.1590002775,0.1094293892,0.5061156154,0.7409805059,0.4364422858,-0.0675007179,0.0000000000,0.0000000000,0.0000000000,0.0000000000,0.0000000000,0.0000000000,-0.3112888038,0.3501083553,-0.3125095367,0.9852713943,-0.1662825942,-0.0458144546,0.2861031294,0.6711611748,0.1639468819,-0.6641176343,
7010.993,0.1220740378,-0.0610370189,0.9765923023,0.0672627985,0.0015869625,-1.0107730627,-0.1538132876,-0.0396740623,-0.4334849119,0.0018228292,0.0059867059,-0.0129257441,0.0323920622,0.0920122564,-0.9953394532,0.0052045947,0.6103702188,-0.1220740378,0.1220740378,-0.4600970447,0.8504897952,-0.3668324947,-0.2691732645,0.4569231272,-0.3037202060,0.0812837780,0.1586766243,0.1112421453,0.5063049197,0.7415972948,0.4351023436,-0.0679559410,0.6103702188,-0.1220740378,0.1220740378,-0.4600970447,0.8504897952,-0.3668324947,-0.2691732645,0.4569231272,-0.3037202060,0.0812837780,0.1586766243,0.1112421453,0.5063049197,0.7415972948,0.4351023436,-0.0679559410,0.0000000000,0.0000000000,0.0000000000,0.0000000000,0.0000000000,0.0000000000,-0.3122653961,0.3442488015,-0.3125095367,0.9852713346,-0.1662830710,-0.0458148122,0.2862223685,0.6711317301,0.1640670002,-0.6640663743,
7011.006,0.1220740378,-0.0610370189,0.9765923023,0.0662862062,0.0025635548,-1.0106509924,-0.1534470618,-0.0421155430,-0.4348277152,0.0008575767,0.0069610691,-0.0128028989,0.0323865116,0.0920122713,-0.9953396320,0.0052029616,0.7324442267,-0.1831110567,0.2441480756,-0.4598529041,0.8496353030,-0.3646351397,-0.2700277865,0.4510635734,-0.3071382940,0.0810894072,0.1571320891,0.1129366159,0.5064791441,0.7422950864,0.4336209297,-0.0685053691,0.7324442267,-0.1831110567,0.2441480756,-0.4598529041,0.8496353030,-0.3646351397,-0.2700277865,0.4510635734,-0.3071382940,0.0810894072,0.1571320891,0.1129366159,0.5064791441,0.7422950864,0.4336209297,-0.0685053691,0.0000000000,0.0000000000,0.0000000000,0.0000000000,0.0000000000,0.0000000000,-0.3115329444,0.3535264134,-0.3105563521,0.9852710962,-0.1662835479,-0.0458150506,0.2863718867,0.6710947156,0.1642177105,-0.6640020013,
7011.019,0.1220740378,0.0000000000,0.9765923023,0.0675069466,0.0024414808,-1.0105289221,-0.1524704695,-0.0418713950,-0.4351939559,0.0020729229,0.0068373787,-0.0126811862,0.0323892795,0.0920118093,-0.9953395724,0.0052023907,0.7934812307,-0.4882961512,0.5493331552,-0.4539933503,0.8448744416,-0.3695181012,-0.2702719271,0.4510635734,-0.3109225631,0.0864810646,0.1516672373,0.1075623035,0.5066401958,0.7430515289,0.4320392907,-0.0691052154,0.7934812307,-0.4882961512,0.5493331552,-0.4539933503,0.8448744416,-0.3695181012,-0.2702719271,0.4510635734,-0.3109225631,0.0864810646,0.1516672373,0.1075623035,0.5066401958,0.7430515289,0.4320392907,-0.0691052154,0.0000000000,0.0000000000,0.0000000000,0.0000000000,0.0000000000,0.0000000000,-0.3098239005,0.3501083553,-0.2929776907,0.9852712154,-0.1662840843,-0.0458155870,0.2865577936,0.6710487604,0.1644051671,-0.6639220119,
7011.032,0.1220740378,0.0000000000,0.9765923023,0.0670186505,0.0015869625,-1.0106509924,-0.1534470618,-0.0408948027,-0.4311655164,0.0015816987,0.0059854742,-0.0128034353,0.0323906988,0.0919966549,-0.9953409433,0.0052033346,0.6714072227,-0.7324442267,0.4882961512,-0.4527726173,0.8432874680,-0.3713492155,-0.2655110359,0.4568010569,-0.3039643466,0.0872591734,0.1493799090,0.1052142680,0.5068270564,0.7436986566,0.4306245148,-0.0696031153,0.6714072227,-0.7324442267,0.4882961512,-0.4527726173,0.8432874680,-0.3713492155,-0.2655110359,0.4568010569,-0.3039643466,0.0872591734,0.1493799090,0.1052142680,0.5068270564,0.7436986566,0.4306245148,-0.0696031153,0.0000000000,0.0000000000,0.0000000000,0.0000000000,0.0000000000,0.0000000000,-0.3112888038,0.3491317630,-0.3125095367,0.9852710366,-0.1662845463,-0.0458157659,0.2866888344,0.6710162163,0.1645372212,-0.6638655066,
7011.045,0.1220740378,-0.0610370189,0.9765923023,0.0681173131,0.0025635548,-1.0097965002,-0.1544236541,-0.0439466536,-0.4345835745,0.0026823878,0.0069598360,-0.0119488239,0.0323896781,0.0920177698,-0.9953390360,0.0052028168,0.5493331552,-0.8545182943,0.4272591472,-0.4530167580,0.8431653976,-0.3746452332,-0.2678304315,0.4532608986,-0.3065279126,0.0865886807,0.1485642195,0.1013904214,0.5070096254,0.7443864942,0.4291267097,-0.0701669827,0.5493331552,-0.8545182943,0.4272591472,-0.4530167580,0.8431653976,-0.3746452332,-0.2678304315,0.4532608986,-0.3065279126,0.0865886807,0.1485642195,0.1013904214,0.5070096254,0.7443864942,0.4291267097,-0.0701669827,0.0000000000,0.0000000000,0.0000000000,0.0000000000,0.0000000000,0.0000000000,-0.3088473082,0.3496200442,-0.3105563521,0.9852709174,-0.1662849933,-0.0458161831,0.2868268788,0.6709819436,0.1646763533,-0.6638060212,
7011.058,0.1220740378,0.0000000000,0.9765923023,0.0676290169,0.0028077029,-1.0116275549,-0.1544236541,-0.0404065065,-0.4365367591,0.0021884888,0.0072005796,-0.0137802362,0.0323927626,0.0919922814,-0.9953413010,0.0052005504,0.4882961512,-0.4882961512,0.3051851094,-0.4542374909,0.8493911624,-0.3735465705,-0.2686849535,0.4524063766,-0.3056733906,0.0849243104,0.1540948153,0.1019772887,0.5071867108,0.7450643182,0.4276500642,-0.0707086176,0.4882961512,-0.4882961512,0.3051851094,-0.4542374909,0.8493911624,-0.3735465705,-0.2686849535,0.4524063766,-0.3056733906,0.0849243104,0.1540948153,0.1019772887,0.5071867108,0.7450643182,0.4276500642,-0.0707086176,0.0000000000,0.0000000000,0.0000000000,0.0000000000,0.0000000000,0.0000000000,-0.3100680709,0.3505966365,-0.2910245061,0.9852707386,-0.1662854999,-0.0458164215,0.2870168388,0.6709347367,0.1648679525,-0.6637240052,
7011.071,0.1220740378,-0.0610370189,1.0376293659,0.0681173131,0.0018311106,-1.0108951330,-0.1518601030,-0.0413830988,-0.4347056448,0.0026792437,0.0062261117,-0.0130476952,0.0323914923,0.0919820592,-0.9953422546,0.0052011623,0.4272591472,-0.3051851094,0.2441480756,-0.4553361535,0.8502456546,-0.3725699782,-0.2677083611,0.4528946877,-0.3139744401,0.0833793283,0.1542579532,0.1024483144,0.5073483586,0.7458103299,0.4260511696,-0.0713336468,0.4272591472,-0.3051851094,0.2441480756,-0.4553361535,0.8502456546,-0.3725699782,-0.2677083611,0.4528946877,-0.3139744401,0.0833793283,0.1542579532,0.1024483144,0.5073483586,0.7458103299,0.4260511696,-0.0713336468,0.0000000000,0.0000000000,0.0000000000,0.0000000000,0.0000000000,0.0000000000,-0.3095797598,0.3515732288,-0.2910245061,0.9852707386,-0.1662860215,-0.0458169580,0.2872088253,0.6708869934,0.1650615782,-0.6636411548,
7011.084,0.1220740378,0.0000000000,0.9765923023,0.0687276870,0.0035401471,-1.0110172033,-0.1534470618,-0.0432142094,-0.4366588295,0.0032784194,0.0079281274,-0.0131704211,0.0323973224,0.0919961780,-0.9953407645,0.0051986421,0.4272591472,-0.1831110567,0.1831110567,-0.4576555789,0.8491470218,-0.3728141189,-0.2717368007,0.4553361535,-0.3103122115,0.0806222260,0.1524853110,0.1017122269,0.5075097680,0.7465050817,0.4245428145,-0.0719074383,0.4272591472,-0.1831110567,0.1831110567,-0.4576555789,0.8491470218,-0.3728141189,-0.2717368007,0.4553361535,-0.3103122115,0.0806222260,0.1524853110,0.1017122269,0.5075097680,0.7465050817,0.4245428145,-0.0719074383,0.0000000000,0.0000000000,0.0000000000,0.0000000000,0.0000000000,0.0000000000,-0.3120212555,0.3505966365,-0.3125095367,0.9852706194,-0.1662865132,-0.0458173156,0.2873401940,0.6708542705,0.1651939750,-0.6635844111,
7011.097,0.1831110567,-0.0610370189,0.9765923023,0.0683614612,0.0023194067,-1.0104068518,-0.1523483992,-0.0405285805,-0.4276253581,0.0029132813,0.0067170579,-0.0125600100,0.0323964171,0.0919805318,-0.9953423142,0.0052028988,0.3662221134,-0.1831110567,0.3051851094,-0.4566789865,0.8448744416,-0.3717154562,-0.2714926600,0.4548478723,-0.3084810972,0.0811520219,0.1475303173,0.1023150682,0.5076748133,0.7471867204,0.4230491221,-0.0724639818,0.3662221134,-0.1831110567,0.3051851094,-0.4566789865,0.8448744416,-0.3717154562,-0.2714926600,0.4548478723,-0.3084810972,0.0811520219,0.1475303173,0.1023150682,0.5076748133,0.7471867204,0.4230491221,-0.0724639818,0.0000000000,0.0000000000,0.0000000000,0.0000000000,0.0000000000,0.0000000000,-0.3100680709,0.3496200442,-0.2910245061,0.9852705598,-0.1662870347,-0.0458176732,0.2875249088,0.6708082557,0.1653802842,-0.6635045409,
7011.110,0.1220740378,-0.0610370189,0.9765923023,0.0688497573,0.0028077029,-1.0094301701,-0.1539353579,-0.0440687276,-0.4272591472,0.0033999532,0.0072019189,-0.0115834475,0.0323972516,0.0920066312,-0.9953398108,0.0052021127,0.3051851094,-0.3051851094,0.3051851094,-0.4519180954,0.8418225646,-0.3720816672,-0.2703939974,0.4555803239,-0.3111667335,0.0854645669,0.1437915564,0.1014463305,0.5078381300,0.7478898764,0.4215067625,-0.0730510280,0.3051851094,-0.3051851094,0.3051851094,-0.4519180954,0.8418225646,-0.3720816672,-0.2703939974,0.4555803239,-0.3111667335,0.0854645669,0.1437915564,0.1014463305,0.5078381300,0.7478898764,0.4215067625,-0.0730510280,0.0000000000,0.0000000000,0.0000000000,0.0000000000,0.0000000000,0.0000000000,-0.3100680709,0.3496200442,-0.3125095367,0.9852704406,-0.1662875414,-0.0458180904,0.2876531482,0.6707762480,0.1655095071,-0.6634491086,
7011.123,0.1831110567,-0.0610370189,0.9765923023,0.0682393909,0.0036622211,-1.0104068518,-0.1540574431,-0.0421155430,-0.4339731932,0.0027912781,0.0080594411,-0.0125600696,0.0323962756,0.0920054018,-0.9953399301,0.0052034911,0.2441480756,-0.5493331552,0.3051851094,-0.4510635734,0.8429212570,-0.3698843420,-0.2697836161,0.4527726173,-0.3053071797,0.0858901739,0.1441942453,0.1031035781,0.5080233812,0.7485488653,0.4200140238,-0.0736090168,0.2441480756,-0.5493331552,0.3051851094,-0.4510635734,0.8429212570,-0.3698843420,-0.2697836161,0.4527726173,-0.3053071797,0.0858901739,0.1441942453,0.1031035781,0.5080233812,0.7485488653,0.4200140238,-0.0736090168,0.0000000000,0.0000000000,0.0000000000,0.0000000000,0.0000000000,0.0000000000,-0.3110446632,0.3501083553,-0.3105563521,0.9852702618,-0.1662880182,-0.0458182693,0.2877863646,0.6707429290,0.1656437814,-0.6633914113,
7011.136,0.1220740378,-0.0610370189,0.9765923023,0.0670186505,0.0019531846,-1.0105289221,-0.1530808508,-0.0419934690,-0.4297006130,0.0015782714,0.0063512046,-0.0126816630,0.0323923789,0.0920061320,-0.9953399897,0.0052035563,0.1831110567,-0.6714072227,0.2441480756,-0.4524063766,0.8459730744,-0.3702505529,-0.2695394754,0.4568010569,-0.3111667335,0.0841374695,0.1465523243,0.1021771729,0.5082104802,0.7492318153,0.4184600115,-0.0742175803,0.1831110567,-0.6714072227,0.2441480756,-0.4524063766,0.8459730744,-0.3702505529,-0.2695394754,0.4568010569,-0.3111667335,0.0841374695,0.1465523243,0.1021771729,0.5082104802,0.7492318153,0.4184600115,-0.0742175803,0.0000000000,0.0000000000,0.0000000000,0.0000000000,0.0000000000,0.0000000000,-0.3112888038,0.3510849476,-0.3086031675,0.9852701426,-0.1662885100,-0.0458186865,0.2879263759,0.6707079411,0.1657849252,-0.6633307934,
7011.149,0.1220740378,-0.0610370189,0.9765923023,0.0676290169,0.0024414808,-1.0104068518,-0.1527146250,-0.0445570238,-0.4289681613,0.0021932945,0.0068378840,-0.0125592351,0.0323899463,0.0920417383,-0.9953367710,0.0052036946,0.2441480756,-0.6714072227,0.1220740378,-0.4491103888,0.8459730744,-0.3673207760,-0.2677083611,0.4541154206,-0.3128757477,0.0870310664,0.1458666325,0.1045482159,0.5083892941,0.7499438524,0.4168477356,-0.0748720095,0.2441480756,-0.6714072227,0.1220740378,-0.4491103888,0.8459730744,-0.3673207760,-0.2677083611,0.4541154206,-0.3128757477,0.0870310664,0.1458666325,0.1045482159,0.5083892941,0.7499438524,0.4168477356,-0.0748720095,0.0000000000,0.0000000000,0.0000000000,0.0000000000,0.0000000000,0.0000000000,-0.3090914786,0.3520615399,-0.3105563521,0.9852700830,-0.1662889868,-0.0458190441,0.2880646884,0.6706733108,0.1659243703,-0.6632708907,
7011.162,0.1220740378,-0.1220740378,0.9765923023,0.0677510947,0.0029297769,-1.0099185705,-0.1543015838,-0.0410168767,-0.4348277152,0.0023298711,0.0073221484,-0.0120699406,0.0323829912,0.0920249075,-0.9953385592,0.0052004694,0.2441480756,-0.6714072227,-0.0610370189,-0.4524063766,0.8457289338,-0.3707388639,-0.2685628831,0.4528946877,-0.3098239005,0.0833652318,0.1449717879,0.1005842984,0.5085612535,0.7506316900,0.4152794182,-0.0755240917,0.2441480756,-0.6714072227,-0.0610370189,-0.4524063766,0.8457289338,-0.3707388639,-0.2685628831,0.4528946877,-0.3098239005,0.0833652318,0.1449717879,0.1005842984,0.5085612535,0.7506316900,0.4152794182,-0.0755240917,0.0000000000,0.0000000000,0.0000000000,0.0000000000,0.0000000000,0.0000000000,-0.3117770851,0.3501083553,-0.3125095367,0.9852699637,-0.1662894934,-0.0458194613,0.2881905437,0.6706417799,0.1660512090,-0.6632163525,
7011.175,0.1220740378,-0.0610370189,0.9765923023,0.0682393909,0.0032959990,-1.0095522404,-0.1556444019,-0.0405285805,-0.4408093393,0.0028194338,0.0076825423,-0.0117035508,0.0323827751,0.0919967368,-0.9953411818,0.0051965914,0.3051851094,-0.1831110567,-0.3662221134,-0.4542374909,0.8447523713,-0.3739127815,-0.2697836161,0.4544816315,-0.3098239005,0.0811674297,0.1433934569,0.0969318449,0.5087019801,0.7513064146,0.4137683511,-0.0761575997,0.3051851094,-0.1831110567,-0.3662221134,-0.4542374909,0.8447523713,-0.3739127815,-0.2697836161,0.4544816315,-0.3098239005,0.0811674297,0.1433934569,0.0969318449,0.5087019801,0.7513064146,0.4137683511,-0.0761575997,0.0000000000,0.0000000000,0.0000000000,0.0000000000,0.0000000000,0.0000000000,-0.3093356192,0.3501083553,-0.3125095367,0.9852699041,-0.1662899852,-0.0458198190,0.2883171737,0.6706100702,0.1661788374,-0.6631614566,
7011.188,0.1220740378,-0.0610370189,0.9765923023,0.0675069466,0.0030518509,-1.0104068518,-0.1540574431,-0.0439466536,-0.4298226833,0.0020921230,0.0074338159,-0.0125578046,0.0323803015,0.0920202881,-0.9953392148,0.0051948391,0.3662221134,0.0000000000,-0.4882961512,-0.4526505470,0.8447523713,-0.3712271452,-0.2689290941,0.4591204524,-0.3065279126,0.0823861957,0.1428033710,0.0991565883,0.5088449717,0.7519173026,0.4123777449,-0.0767132640,0.3662221134,0.0000000000,-0.4882961512,-0.4526505470,0.8447523713,-0.3712271452,-0.2689290941,0.4591204524,-0.3065279126,0.0823861957,0.1428033710,0.0991565883,0.5088449717,0.7519173026,0.4123777449,-0.0767132640,0.0000000000,0.0000000000,0.0000000000,0.0000000000,0.0000000000,0.0000000000,-0.3100680709,0.3486434519,-0.3066499829,0.9852699041,-0.1662905067,-0.0458201170,0.2884534299,0.6705759168,0.1663162112,-0.6631023288,
7011.201,0.1220740378,-0.0610370189,0.9765923023,0.0672627985,0.0012207404,-1.0108951330,-0.1535691470,-0.0438245796,-0.4340952933,0.0018544793,0.0056071952,-0.0130456686,0.0323767401,0.0920423716,-0.9953370690,0.0051974948,0.4272591472,0.0610370189,-0.6103702188,-0.4527726173,0.8453627229,-0.3679311574,-0.2697836161,0.4577776492,-0.3051851094,0.0819106102,0.1428362131,0.1019925475,0.5089864135,0.7525191307,0.4109990001,-0.0772720873,0.4272591472,0.0610370189,-0.6103702188,-0.4527726173,0.8453627229,-0.3679311574,-0.2697836161,0.4577776492,-0.3051851094,0.0819106102,0.1428362131,0.1019925475,0.5089864135,0.7525191307,0.4109990001,-0.0772720873,0.0000000000,0.0000000000,0.0000000000,0.0000000000,0.0000000000,0.0000000000,-0.3117770851,0.3525498211,-0.3086031675,0.9852696657,-0.1662909836,-0.0458203554,0.2885937393,0.6705406308,0.1664576977,-0.6630413532,
7011.214,0.1220740378,-0.1220740378,0.9765923023,0.0671407208,0.0025635548,-1.0105289221,-0.1551561058,-0.0396740623,-0.4360484779,0.0017499328,0.0069478410,-0.0126782656,0.0323682837,0.0920054838,-0.9953410029,0.0051944037,0.6103702188,0.0000000000,-0.6714072227,-0.4522843063,0.8469496965,-0.3663441837,-0.2681966722,0.4582659304,-0.3024994731,0.0820567906,0.1438628435,0.1031306088,0.5091249943,0.7530952096,0.4096684456,-0.0778096914,0.6103702188,0.0000000000,-0.6714072227,-0.4522843063,0.8469496965,-0.3663441837,-0.2681966722,0.4582659304,-0.3024994731,0.0820567906,0.1438628435,0.1031306088,0.5091249943,0.7530952096,0.4096684456,-0.0778096914,0.0000000000,0.0000000000,0.0000000000,0.0000000000,0.0000000000,0.0000000000,-0.3117770851,0.3481551707,-0.3105563521,0.9852696657,-0.1662914753,-0.0458208323,0.2887164056,0.6705098152,0.1665813327,-0.6629881263,
7011.227,0.1220740378,-0.0610370189,0.9765923023,0.0676290169,0.0017090365,-1.0101627111,-0.1558885425,-0.0432142094,-0.4362926185,0.0022425652,0.0060953819,-0.0123118162,0.0323659927,0.0920124426,-0.9953403473,0.0051954556,0.6714072227,-0.1220740378,-0.7324442267,-0.4557023942,0.8467055559,-0.3696402013,-0.2696615458,0.4510635734,-0.3100680709,0.0783246458,0.1430859566,0.0993937254,0.5092322230,0.7537924647,0.4081140459,-0.0785212070,0.6714072227,-0.1220740378,-0.7324442267,-0.4557023942,0.8467055559,-0.3696402013,-0.2696615458,0.4510635734,-0.3100680709,0.0783246458,0.1430859566,0.0993937254,0.5092322230,0.7537924647,0.4081140459,-0.0785212070,0.0000000000,0.0000000000,0.0000000000,0.0000000000,0.0000000000,0.0000000000,-0.3122653961,0.3525498211,-0.3125095367,0.9852695465,-0.1662919670,-0.0458211899,0.2888453305,0.6704773903,0.1667113155,-0.6629320979,
7011.240,0.1220740378,-0.0610370189,1.0376293659,0.0675069466,0.0023194067,-1.0101627111,-0.1527146250,-0.0430921353,-0.4370250702,0.0021254495,0.0067054811,-0.0123115182,0.0323634893,0.0920216367,-0.9953395724,0.0051953909,0.6103702188,-0.1220740378,-0.6714072227,-0.4555803239,0.8441419601,-0.3725699782,-0.2702719271,0.4538712800,-0.3084810972,0.0781267583,0.1399919391,0.0960322917,0.5093400478,0.7544591427,0.4066151679,-0.0791933760,0.6103702188,-0.1220740378,-0.6714072227,-0.4555803239,0.8441419601,-0.3725699782,-0.2702719271,0.4538712800,-0.3084810972,0.0781267583,0.1399919391,0.0960322917,0.5093400478,0.7544591427,0.4066151679,-0.0791933760,0.0000000000,0.0000000000,0.0000000000,0.0000000000,0.0000000000,0.0000000000,-0.3100680709,0.3491317630,-0.2910245061,0.9852693081,-0.1662924588,-0.0458214283,0.2890210152,0.6704331040,0.1668885797,-0.6628556252,
7011.253,0.1220740378,-0.0610370189,1.0376293659,0.0661641285,0.0037842952,-1.0100406408,-0.1528366953,-0.0388195440,-0.4360484779,0.0007941201,0.0081628524,-0.0121886730,0.0323583521,0.0919746459,-0.9953441024,0.0051895888,0.3662221134,-0.0610370189,-0.9155552983,-0.4514297843,0.8420667052,-0.3787957430,-0.2725913227,0.4541154206,-0.3071382940,0.0819648504,0.1373987794,0.0893838108,0.5094457865,0.7551025152,0.4051584303,-0.0798448920,0.3662221134,-0.0610370189,-0.9155552983,-0.4514297843,0.8420667052,-0.3787957430,-0.2725913227,0.4541154206,-0.3071382940,0.0819648504,0.1373987794,0.0893838108,0.5094457865,0.7551025152,0.4051584303,-0.0798448920,0.0000000000,0.0000000000,0.0000000000,0.0000000000,0.0000000000,0.0000000000,-0.3122653961,0.3471785784,-0.3105563521,0.9852693081,-0.1662929207,-0.0458219051,0.2891385257,0.6704034805,0.1670070291,-0.6628045440,
7011.266,0.1831110567,-0.0610370189,0.9765923023,0.0665303543,0.0032959990,-1.0107730627,-0.1538132876,-0.0397961363,-0.4298226833,0.0011701658,0.0076794378,-0.0129204392,0.0323533863,0.0919450596,-0.9953469634,0.0051906053,0.2441480756,0.0610370189,-1.0986663103,-0.4519180954,0.8437757492,-0.3769646287,-0.2699056864,0.4594866931,-0.3024994731,0.0811791718,0.1385943294,0.0907804370,0.5095731616,0.7556483746,0.4038704336,-0.0803906843,0.2441480756,0.0610370189,-1.0986663103,-0.4519180954,0.8437757492,-0.3769646287,-0.2699056864,0.4594866931,-0.3024994731,0.0811791718,0.1385943294,0.0907804370,0.5095731616,0.7556483746,0.4038704336,-0.0803906843,0.0000000000,0.0000000000,0.0000000000,0.0000000000,0.0000000000,0.0000000000,-0.3100680709,0.3510849476,-0.3105563521,0.9852691889,-0.1662933975,-0.0458223820,0.2892674804,0.6703709364,0.1671370417,-0.6627484560,
7011.279,0.1220740378,-0.0610370189,0.9155552983,0.0668965727,0.0047608875,-1.0110172033,-0.1529587656,-0.0400402844,-0.4331187010,0.0015443861,0.0091306251,-0.0131639838,0.0323501267,0.0919256359,-0.9953489304,0.0051827799,0.1831110567,0.0000000000,-1.2817773819,-0.4536271393,0.8448744416,-0.3724478781,-0.2736899853,0.4536271393,-0.3067720532,0.0792108476,0.1391875148,0.0948303342,0.5096959472,0.7562640309,0.4024266005,-0.0810613558,0.1831110567,0.0000000000,-1.2817773819,-0.4536271393,0.8448744416,-0.3724478781,-0.2736899853,0.4536271393,-0.3067720532,0.0792108476,0.1391875148,0.0948303342,0.5096959472,0.7562640309,0.4024266005,-0.0810613558,0.0000000000,0.0000000000,0.0000000000,0.0000000000,0.0000000000,0.0000000000,-0.3103122115,0.3476668596,-0.3105563521,0.9852691889,-0.1662938595,-0.0458228588,0.2893862426,0.6703409553,0.1672567576,-0.6626967788,
7011.292,0.1220740378,-0.0610370189,0.9765923023,0.0675069466,0.0020752586,-1.0095522404,-0.1551561058,-0.0396740623,-0.4323862493,0.0021592826,0.0064453031,-0.0116987228,0.0323480405,0.0918902457,-0.9953522682,0.0051815743,0.1831110567,-0.3662221134,-1.2817773819,-0.4585101008,0.8447523713,-0.3665883243,-0.2738120556,0.4539933503,-0.3034760654,0.0741238594,0.1385625005,0.1001628041,0.5098483562,0.7568317056,0.4010296464,-0.0817257911,0.1831110567,-0.3662221134,-1.2817773819,-0.4585101008,0.8447523713,-0.3665883243,-0.2738120556,0.4539933503,-0.3034760654,0.0741238594,0.1385625005,0.1001628041,0.5098483562,0.7568317056,0.4010296464,-0.0817257911,0.0000000000,0.0000000000,0.0000000000,0.0000000000,0.0000000000,0.0000000000,-0.3095797598,0.3457136750,-0.3086031675,0.9852690697,-0.1662943363,-0.0458231568,0.2895043194,0.6703110933,0.1673757881,-0.6626453400,
7011.305,0.1220740378,-0.0610370189,0.9765923023,0.0679952428,0.0023194067,-1.0107730627,-0.1550340354,-0.0389416181,-0.4292123318,0.0026500896,0.0066885627,-0.0129193664,0.0323470607,0.0918465480,-0.9953563213,0.0051795961,0.3051851094,-0.3662221134,-1.2207404375,-0.4614398777,0.8449965119,-0.3687856793,-0.2695394754,0.4550920129,-0.3050630093,0.0709910691,0.1383206844,0.0974613726,0.5099853873,0.7574138045,0.3996137977,-0.0824097469,0.3051851094,-0.3662221134,-1.2207404375,-0.4614398777,0.8449965119,-0.3687856793,-0.2695394754,0.4550920129,-0.3050630093,0.0709910691,0.1383206844,0.0974613726,0.5099853873,0.7574138045,0.3996137977,-0.0824097469,0.0000000000,0.0000000000,0.0000000000,0.0000000000,0.0000000000,0.0000000000,-0.3715933859,0.3462019861,-0.3105563521,0.9852689505,-0.1662947834,-0.0458235145,0.2895815670,0.6702915430,0.1674535424,-0.6626117229,
7011.318,0.1220740378,-0.0610370189,1.0376293659,0.0675069466,0.0017090365,-1.0106509924,-0.1555223316,-0.0428479873,-0.4284798801,0.0021666884,0.0060810195,-0.0127969980,0.0323444828,0.0918473974,-0.9953563213,0.0051808059,0.3662221134,-0.1220740378,-1.1597033739,-0.4611957073,0.8454847932,-0.3728141189,-0.2670980096,0.4564348161,-0.3023774028,0.0709996819,0.1383310556,0.0929771066,0.5101075768,0.7579710484,0.3982695639,-0.0830340013,0.3662221134,-0.1220740378,-1.1597033739,-0.4611957073,0.8454847932,-0.3728141189,-0.2670980096,0.4564348161,-0.3023774028,0.0709996819,0.1383310556,0.0929771066,0.5101075768,0.7579710484,0.3982695639,-0.0830340013,0.0000000000,0.0000000000,0.0000000000,0.0000000000,0.0000000000,0.0000000000,-0.3108004928,0.3457136750,-0.3125095367,0.9852687716,-0.1662952602,-0.0458238125,0.2896881402,0.6702645421,0.1675609499,-0.6625652313,
7011.331,0.1220740378,-0.0610370189,0.9765923023,0.0673848689,0.0025635548,-1.0115054846,-0.1563768387,-0.0379650258,-0.4321421087,0.0020503178,0.0069334395,-0.0136510730,0.0323420465,0.0917870328,-0.9953619838,0.0051775365,0.4882961512,0.4272591472,-1.1597033739,-0.4577776492,0.8447523713,-0.3719595969,-0.2691732645,0.4565569162,-0.3099459708,0.0741282403,0.1371258497,0.0934446156,0.5101859570,0.7586097121,0.3968082368,-0.0837149322,0.4882961512,0.4272591472,-1.1597033739,-0.4577776492,0.8447523713,-0.3719595969,-0.2691732645,0.4565569162,-0.3099459708,0.0741282403,0.1371258497,0.0934446156,0.5101859570,0.7586097121,0.3968082368,-0.0837149322,0.0000000000,0.0000000000,0.0000000000,0.0000000000,0.0000000000,0.0000000000,-0.3115329444,0.3457136750,-0.3125095367,0.9852686524,-0.1662957072,-0.0458241701,0.2897937596,0.6702377796,0.1676674038,-0.6625191569,
7011.344,0.1220740378,-0.0610370189,0.9765923023,0.0673848689,0.0019531846,-1.0105289221,-0.1538132876,-0.0401623584,-0.4331187010,0.0020556748,0.0063239867,-0.0126742125,0.0323394611,0.0917622149,-0.9953643680,0.0051769400,0.4882961512,0.3662221134,-1.2207404375,-0.4542374909,0.8438978195,-0.3678090870,-0.2677083611,0.4546037316,-0.3043305874,0.0773853958,0.1357936263,0.0971921086,0.5102785826,0.7592046261,0.3954142332,-0.0843514651,0.4882961512,0.3662221134,-1.2207404375,-0.4542374909,0.8438978195,-0.3678090870,-0.2677083611,0.4546037316,-0.3043305874,0.0773853958,0.1357936263,0.0971921086,0.5102785826,0.7592046261,0.3954142332,-0.0843514651,0.0000000000,0.0000000000,0.0000000000,0.0000000000,0.0000000000,0.0000000000,-0.3112888038,0.3462019861,-0.3105563521,0.9852687120,-0.1662962437,-0.0458246469,0.2899052501,0.6702095866,0.1677797735,-0.6624705791,
7011.357,0.1220740378,-0.1220740378,0.9765923023,0.0679952428,0.0013428144,-1.0115054846,-0.1536912173,-0.0382091738,-0.4360484779,0.0026793405,0.0057175471,-0.0136498809,0.0323329195,0.0917114690,-0.9953692555,0.0051766378,0.4272591472,-0.0610370189,-1.2817773819,-0.4568010569,0.8445081711,-0.3659779727,-0.2702719271,0.4541154206,-0.3082369566,0.0745924115,0.1359305978,0.0985642672,0.5103827715,0.7598280311,0.3939236403,-0.0850783139,0.4272591472,-0.0610370189,-1.2817773819,-0.4568010569,0.8445081711,-0.3659779727,-0.2702719271,0.4541154206,-0.3082369566,0.0745924115,0.1359305978,0.0985642672,0.5103827715,0.7598280311,0.3939236403,-0.0850783139,0.0000000000,0.0000000000,0.0000000000,0.0000000000,0.0000000000,0.0000000000,-0.3122653961,0.3486434519,-0.3105563521,0.9852685332,-0.1662966758,-0.0458248854,0.2900223136,0.6701798439,0.1678978056,-0.6624194384,
7011.370,0.1220740378,-0.1220740378,0.9765923023,0.0687276870,0.0020752586,-1.0101627111,-0.1567430645,-0.0411389507,-0.4331187010,0.0034209639,0.0064502759,-0.0123065710,0.0323284343,0.0916917250,-0.9953712225,0.0051757158,0.4272591472,-0.5493331552,-1.0376293659,-0.4713278711,0.8495132327,-0.3669545650,-0.2696615458,0.4555803239,-0.3046967983,0.0598905385,0.1404646039,0.0970690548,0.5105164051,0.7604030967,0.3924822211,-0.0857973993,0.4272591472,-0.5493331552,-1.0376293659,-0.4713278711,0.8495132327,-0.3669545650,-0.2696615458,0.4555803239,-0.3046967983,0.0598905385,0.1404646039,0.0970690548,0.5105164051,0.7604030967,0.3924822211,-0.0857973993,0.0000000000,0.0000000000,0.0000000000,0.0000000000,0.0000000000,0.0000000000,-0.3100680709,0.3471785784,-0.3066499829,0.9852684736,-0.1662971675,-0.0458254218,0.2901458740,0.6701484919,0.1680224091,-0.6623654962,
7011.383,0.1220740378,15.5644397736,0.9765923023,0.0670186505,0.0029297769,-1.0104068518,-0.1556444019,-0.0388195440,-0.4354380965,-0.0010028407,0.0073009841,-0.0127319694,0.0336826220,0.0916373283,-0.9953308105,0.0052969214,0.6714072227,-0.4272591472,-0.6103702188,-0.4738914073,0.8498794436,-0.3680532277,-0.2723471820,0.4527726173,-0.3079927862,0.0570973456,0.1403493285,0.0954973102,0.5106168985,0.7610560060,0.3909122646,-0.0865743980,0.6714072227,-0.4272591472,-0.6103702188,-0.4738914073,0.8498794436,-0.3680532277,-0.2723471820,0.4527726173,-0.3079927862,0.0570973456,0.1403493285,0.0954973102,0.5106168985,0.7610560060,0.3909122646,-0.0865743980,0.0000000000,0.0000000000,0.0000000000,0.0000000000,0.0000000000,0.0000000000,-0.3098239005,0.3462019861,-0.3125095367,0.9852682948,-0.1662975997,-0.0458256006,0.2902515233,0.6701216102,0.1681288928,-0.6623193026,
7011.396,0.1220740378,-0.0610370189,0.9765923023,0.0676290169,0.0024414808,-1.0116275549,-0.1562547684,-0.0429700613,-0.4306772053,-0.0003744885,0.0068116533,-0.0139514804,0.0336736888,0.0916403010,-0.9953306913,0.0052956804,0.9765923023,-0.1220740378,-0.3051851094,-0.4734031260,0.8493911624,-0.3698843420,-0.2680746019,0.4560686052,-0.3060396016,0.0572913587,0.1393820643,0.0932696164,0.5106920600,0.7616923451,0.3894162178,-0.0872733742,0.9765923023,-0.1220740378,-0.3051851094,-0.4734031260,0.8493911624,-0.3698843420,-0.2680746019,0.4560686052,-0.3060396016,0.0572913587,0.1393820643,0.0932696164,0.5106920600,0.7616923451,0.3894162178,-0.0872733742,0.0000000000,0.0000000000,0.0000000000,0.0000000000,0.0000000000,0.0000000000,-0.3098239005,0.3491317630,-0.3125095367,0.9852683544,-0.1662981063,-0.0458261967,0.2903647721,0.6700928807,0.1682430506,-0.6622698903,
7011.409,0.1220740378,-0.0610370189,0.9765923023,0.0675069466,0.0037842952,-1.0111392736,-0.1544236541,-0.0397961363,-0.4404431283,-0.0004782528,0.0081467992,-0.0134619474,0.0336650982,0.0916051343,-0.9953342676,0.0052898289,1.4038513899,0.2441480756,0.1831110567,-0.4614398777,0.8441419601,-0.3706167936,-0.2696615458,0.4543595612,-0.3020111620,0.0688355267,0.1336324215,0.0922500789,0.5107260346,0.7623512745,0.3879399002,-0.0878947675,1.4038513899,0.2441480756,0.1831110567,-0.4614398777,0.8441419601,-0.3706167936,-0.2696615458,0.4543595612,-0.3020111620,0.0688355267,0.1336324215,0.0922500789,0.5107260346,0.7623512745,0.3879399002,-0.0878947675,0.0000000000,0.0000000000,0.0000000000,0.0000000000,0.0000000000,0.0000000000,-0.3117770851,0.3471785784,-0.3125095367,0.9852681756,-0.1662985533,-0.0458264947,0.2904708683,0.6700658202,0.1683500111,-0.6622234583,
7011.422,0.1220740378,0.0000000000,0.9765923023,0.0677510947,0.0015869625,-1.0111392736,-0.1533249915,-0.0405285805,-0.4340952933,-0.0002277344,0.0059526847,-0.0134614706,0.0336618796,0.0915840492,-0.9953364134,0.0052904245,1.3428144455,0.0610370189,0.2441480756,-0.4608294964,0.8421887755,-0.3713492155,-0.2688070238,0.4554582238,-0.3076265752,0.0690356493,0.1311751604,0.0912133753,0.5107558370,0.7630508542,0.3863652050,-0.0885842592,1.3428144455,0.0610370189,0.2441480756,-0.4608294964,0.8421887755,-0.3713492155,-0.2688070238,0.4554582238,-0.3076265752,0.0690356493,0.1311751604,0.0912133753,0.5107558370,0.7630508542,0.3863652050,-0.0885842592,0.0000000000,0.0000000000,0.0000000000,0.0000000000,0.0000000000,0.0000000000,-0.3112888038,0.3481551707,-0.3086031675,0.9852681160,-0.1662990451,-0.0458267927,0.2905892134,0.6700357199,0.1684693545,-0.6621716619,
7011.435,0.1220740378,0.0000000000,0.9765923023,0.0675069466,0.0029297769,-1.0097965002,-0.1552781761,-0.0379650258,-0.4307992756,-0.0004647598,0.0072920476,-0.0121182203,0.0336587988,0.0915253311,-0.9953418970,0.0052863928,1.2817773819,-0.1831110567,0.3051851094,-0.4594866931,0.8427991867,-0.3723258078,-0.2702719271,0.4563127458,-0.3126316071,0.0699751675,0.1312714219,0.0899081230,0.5107860565,0.7637849450,0.3846985996,-0.0893343985,1.2817773819,-0.1831110567,0.3051851094,-0.4594866931,0.8427991867,-0.3723258078,-0.2702719271,0.4563127458,-0.3126316071,0.0699751675,0.1312714219,0.0899081230,0.5107860565,0.7637849450,0.3846985996,-0.0893343985,0.0000000000,0.0000000000,0.0000000000,0.0000000000,0.0000000000,0.0000000000,-0.3110446632,0.3525498211,-0.3086031675,0.9852679372,-0.1662994772,-0.0458270311,0.2907191217,0.6700025797,0.1686004102,-0.6621147394,
7011.448,0.1831110567,-0.0610370189,0.9765923023,0.0675069466,0.0010986663,-1.0102847815,-0.1558885425,-0.0371105075,-0.4276253581,-0.0004468784,0.0054771877,-0.0126053095,0.0336495154,0.0914550573,-0.9953486323,0.0052912906,1.1597033739,-0.0610370189,0.2441480756,-0.4539933503,0.8420667052,-0.3741569221,-0.2708822787,0.4570451975,-0.3116550148,0.0750436485,0.1300168633,0.0877596140,0.5108150840,0.7645051479,0.3830582798,-0.0900537372,1.1597033739,-0.0610370189,0.2441480756,-0.4539933503,0.8420667052,-0.3741569221,-0.2708822787,0.4570451975,-0.3116550148,0.0750436485,0.1300168633,0.0877596140,0.5108150840,0.7645051479,0.3830582798,-0.0900537372,0.0000000000,0.0000000000,0.0000000000,0.0000000000,0.0000000000,0.0000000000,-0.3730582595,0.3496200442,-0.3066499829,0.9852679372,-0.1662999988,-0.0458275676,0.2908088565,0.6699797511,0.1686908007,-0.6620755196,
7011.461,0.1220740378,-0.0610370189,0.9765923023,0.0668965727,0.0028077029,-1.0101627111,-0.1555223316,-0.0405285805,-0.4266487658,-0.0010365024,0.0071833134,-0.0124818683,0.0336394310,0.0914305970,-0.9953511953,0.0052880617,1.0986663103,0.0610370189,0.0000000000,-0.4506973624,0.8401135206,-0.3726920485,-0.2681966722,0.4550920129,-0.3045747280,0.0779293180,0.1275563836,0.0889120102,0.5108526945,0.7651638389,0.3815360367,-0.0907055661,1.0986663103,0.0610370189,0.0000000000,-0.4506973624,0.8401135206,-0.3726920485,-0.2681966722,0.4550920129,-0.3045747280,0.0779293180,0.1275563836,0.0889120102,0.5108526945,0.7651638389,0.3815360367,-0.0907055661,0.0000000000,0.0000000000,0.0000000000,0.0000000000,0.0000000000,0.0000000000,-0.3100680709,0.3481551707,-0.3105563521,0.9852676988,-0.1663004309,-0.0458278656,0.2909212708,0.6699510217,0.1688041687,-0.6620262265,
7011.474,0.1220740378,-0.0610370189,0.9765923023,0.0688497573,0.0025635548,-1.0119937658,-0.1552781761,-0.0386974700,-0.4294564724,0.0009283274,0.0069374964,-0.0143120885,0.0336339548,0.0913824886,-0.9953558445,0.0052850698,1.0376293659,0.0000000000,-0.3662221134,-0.4485000074,0.8374279141,-0.3726920485,-0.2685628831,0.4536271393,-0.3066499829,0.0797645152,0.1243958473,0.0885931849,0.5108821392,0.7658356428,0.3799760044,-0.0914155617,1.0376293659,0.0000000000,-0.3662221134,-0.4485000074,0.8374279141,-0.3726920485,-0.2685628831,0.4536271393,-0.3066499829,0.0797645152,0.1243958473,0.0885931849,0.5108821392,0.7658356428,0.3799760044,-0.0914155617,0.0000000000,0.0000000000,0.0000000000,0.0000000000,0.0000000000,0.0000000000,-0.3098239005,0.3496200442,-0.3125095367,0.9852676392,-0.1663009077,-0.0458282232,0.2910324335,0.6699226499,0.1689162552,-0.6619775295,
7011.487,0.1220740378,-0.0610370189,0.9765923023,0.0678731650,0.0034180731,-1.0112613440,-0.1547898799,-0.0395519882,-0.4259163141,-0.0000321344,0.0077861240,-0.0135785937,0.0336263590,0.0913479626,-0.9953593016,0.0052802288,0.9155552983,-0.2441480756,-0.8545182943,-0.4527726173,0.8384044766,-0.3768425584,-0.2678304315,0.4517960250,-0.3060396016,0.0752215981,0.1249498129,0.0840985775,0.5109137297,0.7664889693,0.3784289956,-0.0921768695,0.9155552983,-0.2441480756,-0.8545182943,-0.4527726173,0.8384044766,-0.3768425584,-0.2678304315,0.4517960250,-0.3060396016,0.0752215981,0.1249498129,0.0840985775,0.5109137297,0.7664889693,0.3784289956,-0.0921768695,0.0000000000,0.0000000000,0.0000000000,0.0000000000,0.0000000000,0.0000000000,-0.3110446632,0.3520615399,-0.3125095367,0.9852675796,-0.1663014144,-0.0458285809,0.2911490202,0.6698928475,0.1690338105,-0.6619263887,
7011.500,0.1831110567,-0.0610370189,0.9765923023,0.0673848689,0.0026856288,-1.0113834143,-0.1560106277,-0.0369884335,-0.4277474284,-0.0005019307,0.0070620626,-0.0136994123,0.0336171277,0.0912768319,-0.9953661561,0.0052811536,0.7934812307,-0.1220740378,-1.0986663103,-0.4575335085,0.8403576612,-0.3783074319,-0.2685628831,0.4557023942,-0.3015228808,0.0702253878,0.1265038848,0.0822855532,0.5109607577,0.7670606971,0.3770381510,-0.0928580314,0.7934812307,-0.1220740378,-1.0986663103,-0.4575335085,0.8403576612,-0.3783074319,-0.2685628831,0.4557023942,-0.3015228808,0.0702253878,0.1265038848,0.0822855532,0.5109607577,0.7670606971,0.3770381510,-0.0928580314,0.0000000000,0.0000000000,0.0000000000,0.0000000000,0.0000000000,0.0000000000,-0.3110446632,0.3549913168,-0.2910245061,0.9852675200,-0.1663019508,-0.0458290577,0.2913283706,0.6698470116,0.1692148745,-0.6618476510,
7011.513,0.1220740378,-0.0610370189,0.9765923023,0.0684835389,0.0031739250,-1.0106509924,-0.1561326981,-0.0367442854,-0.4299447536,0.0006095022,0.0075456440,-0.0129660964,0.0336113758,0.0912019163,-0.9953732491,0.0052756909,0.7324442267,-0.0610370189,-1.2207404375,-0.4605853558,0.8414563537,-0.3762321770,-0.2679525018,0.4528946877,-0.3073824346,0.0669609904,0.1272126436,0.0839997828,0.5109946132,0.7676896453,0.3755154610,-0.0936404243,0.7324442267,-0.0610370189,-1.2207404375,-0.4605853558,0.8414563537,-0.3762321770,-0.2679525018,0.4528946877,-0.3073824346,0.0669609904,0.1272126436,0.0839997828,0.5109946132,0.7676896453,0.3755154610,-0.0936404243,0.0000000000,0.0000000000,0.0000000000,0.0000000000,0.0000000000,0.0000000000,-0.3120212555,0.3525498211,-0.3086031675,0.9852673411,-0.1663023978,-0.0458293557,0.2914539576,0.6698148251,0.1693415940,-0.6617924571,
7011.526,0.1220740378,-0.0610370189,0.9765923023,0.0659199804,0.0028077029,-1.0111392736,-0.1574755162,-0.0406506546,-0.4307992756,-0.0019285828,0.0071765450,-0.0134526491,0.0335989520,0.0911741778,-0.9953761697,0.0052721552,0.7324442267,-0.0610370189,-1.2817773819,-0.4609515667,0.8425549865,-0.3719595969,-0.2697836161,0.4568010569,-0.3050630093,0.0663949251,0.1279199123,0.0878939331,0.5110452175,0.7682682872,0.3740775287,-0.0943716168,0.7324442267,-0.0610370189,-1.2817773819,-0.4609515667,0.8425549865,-0.3719595969,-0.2697836161,0.4568010569,-0.3050630093,0.0663949251,0.1279199123,0.0878939331,0.5110452175,0.7682682872,0.3740775287,-0.0943716168,0.0000000000,0.0000000000,0.0000000000,0.0000000000,0.0000000000,0.0000000000,-0.3125095367,0.3549913168,-0.2910245061,0.9852673411,-0.1663028896,-0.0458297729,0.2916308939,0.6697695255,0.1695202440,-0.6617146730,
7011.539,0.1220740378,-0.0610370189,0.9765923023,0.0670186505,0.0013428144,-1.0111392736,-0.1573534310,-0.0411389507,-0.4310434163,-0.0008099899,0.0057160226,-0.0134513378,0.0335889272,0.0911530331,-0.9953785539,0.0052727042,0.7324442267,-0.0610370189,-1.2207404375,-0.4637592733,0.8438978195,-0.3731803298,-0.2681966722,0.4554582238,-0.3078707159,0.0633874834,0.1288734674,0.0862970948,0.5110853314,0.7688767314,0.3725728393,-0.0951477066,0.7324442267,-0.0610370189,-1.2207404375,-0.4637592733,0.8438978195,-0.3731803298,-0.2681966722,0.4554582238,-0.3078707159,0.0633874834,0.1288734674,0.0862970948,0.5110853314,0.7688767314,0.3725728393,-0.0951477066,0.0000000000,0.0000000000,0.0000000000,0.0000000000,0.0000000000,0.0000000000,-0.3108004928,0.3520615399,-0.3125095367,0.9852671623,-0.1663033664,-0.0458300710,0.2917445600,0.6697403193,0.1696348935,-0.6616646647,
7011.552,0.1220740378,-0.0610370189,0.9765923023,0.0675069466,0.0009765923,-1.0118716955,-0.1577196568,-0.0397961363,-0.4325083196,-0.0003039911,0.0053559514,-0.0141825676,0.0335800312,0.0911134258,-0.9953823090,0.0052736229,0.7324442267,0.0000000000,-1.0986663103,-0.4671773314,0.8440198898,-0.3754997551,-0.2659993172,0.4535050392,-0.3066499829,0.0597603917,0.1286079288,0.0836144090,0.5111184120,0.7694872618,0.3710659742,-0.0959212631,0.7324442267,0.0000000000,-1.0986663103,-0.4671773314,0.8440198898,-0.3754997551,-0.2659993172,0.4535050392,-0.3066499829,0.0597603917,0.1286079288,0.0836144090,0.5111184120,0.7694872618,0.3710659742,-0.0959212631,0.0000000000,0.0000000000,0.0000000000,0.0000000000,0.0000000000,0.0000000000,-0.3120212555,0.3535264134,-0.2910245061,0.9852671027,-0.1663039178,-0.0458303690,0.2919163704,0.6696962714,0.1698083580,-0.6615890265,
7011.565,0.1220740378,-0.0610370189,1.0376293659,0.0678731650,0.0019531846,-1.0102847815,-0.1505172849,-0.0413830988,-0.4326303899,0.0000775307,0.0063345544,-0.0125945807,0.0335723273,0.0911092162,-0.9953830838,0.0052737817,0.6714072227,0.4272591472,-0.9155552983,-0.4631488919,0.8402355909,-0.3795281947,-0.2667317688,0.4541154206,-0.3073824346,0.0635102391,0.1244230270,0.0792810321,0.5111287832,0.7701131701,0.3695587218,-0.0966578424,0.6714072227,0.4272591472,-0.9155552983,-0.4631488919,0.8402355909,-0.3795281947,-0.2667317688,0.4541154206,-0.3073824346,0.0635102391,0.1244230270,0.0792810321,0.5111287832,0.7701131701,0.3695587218,-0.0966578424,0.0000000000,0.0000000000,0.0000000000,0.0000000000,0.0000000000,0.0000000000,-0.3108004928,0.3530381322,-0.3105563521,0.9852669239,-0.1663043946,-0.0458306670,0.2920361161,0.6696654558,0.1699291617,-0.6615362763,
7011.578,0.1831110567,-0.1220740378,0.9765923023,0.0679952428,0.0026856288,-1.0101627111,-0.1507614404,-0.0428479873,-0.4344615042,0.0002247989,0.0070752846,-0.0124709010,0.0335592851,0.0911287218,-0.9953816533,0.0052774153,0.5493331552,0.3662221134,-0.9155552983,-0.4575335085,0.8382824063,-0.3789178133,-0.2651448250,0.4569231272,-0.3090914786,0.0688362420,0.1220529079,0.0795726180,0.5111478567,0.7707278132,0.3680583537,-0.0973789021,0.5493331552,0.3662221134,-0.9155552983,-0.4575335085,0.8382824063,-0.3789178133,-0.2651448250,0.4569231272,-0.3090914786,0.0688362420,0.1220529079,0.0795726180,0.5111478567,0.7707278132,0.3680583537,-0.0973789021,0.0000000000,0.0000000000,0.0000000000,0.0000000000,0.0000000000,0.0000000000,-0.3103122115,0.3520615399,-0.3086031675,0.9852668047,-0.1663048863,-0.0458311439,0.2921578288,0.6696341634,0.1700519472,-0.6614826918,
7011.591,0.1220740378,-0.0610370189,0.9765923023,0.0670186505,0.0032959990,-1.0111392736,-0.1530808508,-0.0445570238,-0.4283578098,-0.0007322654,0.0076802648,-0.0134460926,0.0335495956,0.0911649168,-0.9953787923,0.0052750558,0.3662221134,0.1220740378,-0.9765923023,-0.4550920129,0.8387706876,-0.3747673035,-0.2701498568,0.4581438601,-0.3064058423,0.0710115433,0.1221035123,0.0833452344,0.5111979842,0.7713055611,0.3665889800,-0.0980833471,0.3662221134,0.1220740378,-0.9765923023,-0.4550920129,0.8387706876,-0.3747673035,-0.2701498568,0.4581438601,-0.3064058423,0.0710115433,0.1221035123,0.0833452344,0.5111979842,0.7713055611,0.3665889800,-0.0980833471,0.0000000000,0.0000000000,0.0000000000,0.0000000000,0.0000000000,0.0000000000,-0.3098239005,0.3510849476,-0.3086031675,0.9852668047,-0.1663054079,-0.0458315015,0.2922765315,0.6696036458,0.1701716930,-0.6614304185,
7011.604,0.1220740378,-0.0610370189,0.9765923023,0.0671407208,0.0018311106,-1.0099185705,-0.1507614404,-0.0460219122,-0.4370250702,-0.0005917102,0.0062172296,-0.0122240782,0.0335399844,0.0912247747,-0.9953734279,0.0052771522,0.1220740378,-0.7934812307,-0.9765923023,-0.4662007391,0.8452406526,-0.3685415089,-0.2672200799,0.4577776492,-0.3039643466,0.0597478449,0.1281182766,0.0890365541,0.5113156438,0.7718256712,0.3651268482,-0.0988296047,0.1220740378,-0.7934812307,-0.9765923023,-0.4662007391,0.8452406526,-0.3685415089,-0.2672200799,0.4577776492,-0.3039643466,0.0597478449,0.1281182766,0.0890365541,0.5113156438,0.7718256712,0.3651268482,-0.0988296047,0.0000000000,0.0000000000,0.0000000000,0.0000000000,0.0000000000,0.0000000000,-0.3125095367,0.3486434519,-0.3086031675,0.9852666855,-0.1663058698,-0.0458319783,0.2923863828,0.6695753336,0.1702824831,-0.6613820195,
7011.617,0.1220740378,-0.0610370189,0.9765923023,0.0670186505,0.0020752586,-1.0101627111,-0.1551561058,-0.0424817652,-0.4338511229,-0.0006947741,0.0064620157,-0.0124669671,0.0335304625,0.0912261307,-0.9953738451,0.0052766432,0.1831110567,-0.9765923023,-0.6103702188,-0.4742576480,0.8486587405,-0.3714712858,-0.2668538392,0.4561906755,-0.3050630093,0.0515260696,0.1310701966,0.0855652690,0.5114278197,0.7723745108,0.3635922074,-0.0996157825,0.1831110567,-0.9765923023,-0.6103702188,-0.4742576480,0.8486587405,-0.3714712858,-0.2668538392,0.4561906755,-0.3050630093,0.0515260696,0.1310701966,0.0855652690,0.5114278197,0.7723745108,0.3635922074,-0.0996157825,0.0000000000,0.0000000000,0.0000000000,0.0000000000,0.0000000000,0.0000000000,-0.3117770851,0.3515732288,-0.2910245061,0.9852665663,-0.1663063467,-0.0458322763,0.2925497293,0.6695331931,0.1704474390,-0.6613098979,
7011.630,0.1220740378,-0.0610370189,0.9765923023,0.0664082766,0.0024414808,-1.0116275549,-0.1534470618,-0.0419934690,-0.4281136394,-0.0012827218,0.0068270718,-0.0139303207,0.0335193239,0.0912274793,-0.9953740239,0.0052750814,0.3662221134,-0.7934812307,-0.2441480756,-0.4804834127,0.8481703997,-0.3751335144,-0.2675862908,0.4593645930,-0.3029877543,0.0450949669,0.1301194429,0.0814130306,0.5115253329,0.7729070187,0.3621207476,-0.1003422737,0.3662221134,-0.7934812307,-0.2441480756,-0.4804834127,0.8481703997,-0.3751335144,-0.2675862908,0.4593645930,-0.3029877543,0.0450949669,0.1301194429,0.0814130306,0.5115253329,0.7729070187,0.3621207476,-0.1003422737,0.0000000000,0.0000000000,0.0000000000,0.0000000000,0.0000000000,0.0000000000,-0.3095797598,0.3496200442,-0.3066499829,0.9852665067,-0.1663068235,-0.0458325744,0.2926675081,0.6695027947,0.1705662757,-0.6612579226,
7011.643,0.1220740378,-0.0610370189,0.9765923023,0.0661641285,0.0028077029,-1.0108951330,-0.1512497365,-0.0389416181,-0.4315317273,-0.0015035942,0.0071903123,-0.0131962895,0.0335080326,0.0911940485,-0.9953774810,0.0052714050,0.5493331552,-0.3662221134,0.2441480756,-0.4731589854,0.8430433273,-0.3791619539,-0.2681966722,0.4582659304,-0.3056733906,0.0520968139,0.1245046854,0.0769885778,0.5115771890,0.7735069394,0.3605628908,-0.1010619700,0.5493331552,-0.3662221134,0.2441480756,-0.4731589854,0.8430433273,-0.3791619539,-0.2681966722,0.4582659304,-0.3056733906,0.0520968139,0.1245046854,0.0769885778,0.5115771890,0.7735069394,0.3605628908,-0.1010619700,0.0000000000,0.0000000000,0.0000000000,0.0000000000,0.0000000000,0.0000000000,-0.3122653961,0.3520615399,-0.3086031675,0.9852662683,-0.1663072705,-0.0458328128,0.2927848399,0.6694724560,0.1706846803,-0.6612060666,
7011.656,0.1220740378,0.0000000000,0.9765923023,0.0655537620,0.0030518509,-1.0097965002,-0.1540574431,-0.0399182104,-0.4326303899,-0.0020987764,0.0074302689,-0.0120965838,0.0335008018,0.0911657736,-0.9953802824,0.0052676704,0.6714072227,-0.1220740378,0.7324442267,-0.4652241468,0.8402355909,-0.3791619539,-0.2703939974,0.4553361535,-0.3083590269,0.0596051812,0.1211663485,0.0766433477,0.5115992427,0.7741783857,0.3588785529,-0.1018016860,0.6714072227,-0.1220740378,0.7324442267,-0.4652241468,0.8402355909,-0.3791619539,-0.2703939974,0.4553361535,-0.3083590269,0.0596051812,0.1211663485,0.0766433477,0.5115992427,0.7741783857,0.3588785529,-0.1018016860,0.0000000000,0.0000000000,0.0000000000,0.0000000000,0.0000000000,0.0000000000,-0.3112888038,0.3486434519,-0.3125095367,0.9852664471,-0.1663078070,-0.0458334684,0.2928830981,0.6694471240,0.1707837284,-0.6611627936,
7011.669,0.0610370189,0.0000000000,0.9765923023,0.0661641285,0.0036622211,-1.0096743107,-0.1522263288,-0.0374767296,-0.4325083196,-0.0014763623,0.0080228150,-0.0119735003,0.0334958993,0.0911103562,-0.9953855872,0.0052563748,0.5493331552,-0.3662221134,0.7324442267,-0.4621722996,0.8388928175,-0.3758659661,-0.2680746019,0.4542374909,-0.2998138368,0.0622459948,0.1192767620,0.0795492828,0.5116584897,0.7747725844,0.3573209941,-0.1024595052,0.5493331552,-0.3662221134,0.7324442267,-0.4621722996,0.8388928175,-0.3758659661,-0.2680746019,0.4542374909,-0.2998138368,0.0622459948,0.1192767620,0.0795492828,0.5116584897,0.7747725844,0.3573209941,-0.1024595052,0.0000000000,0.0000000000,0.0000000000,0.0000000000,0.0000000000,0.0000000000,-0.3090914786,0.3520615399,-0.2910245061,0.9852659702,-0.1663082689,-0.0458335280,0.2930468023,0.6694046855,0.1709490716,-0.6610902548,
7011.682,0.1220740378,0.0000000000,0.9765923023,0.0656758323,0.0024414808,-1.0107730627,-0.1562547684,-0.0408948027,-0.4301889241,-0.0019498989,0.0068010157,-0.0130712390,0.0334886983,0.0910899043,-0.9953876734,0.0052544852,0.4882961512,-0.8545182943,0.8545182943,-0.4621722996,0.8382824063,-0.3720816672,-0.2691732645,0.4539933503,-0.3077486455,0.0618649423,0.1181007028,0.0828785300,0.5117226243,0.7754265070,0.3555803597,-0.1032465696,0.4882961512,-0.8545182943,0.8545182943,-0.4621722996,0.8382824063,-0.3720816672,-0.2691732645,0.4539933503,-0.3077486455,0.0618649423,0.1181007028,0.0828785300,0.5117226243,0.7754265070,0.3555803597,-0.1032465696,0.0000000000,0.0000000000,0.0000000000,0.0000000000,0.0000000000,0.0000000000,-0.3095797598,0.3540147245,-0.3105563521,0.9852663875,-0.1663088351,-0.0458344221,0.2931642532,0.6693744659,0.1710675657,-0.6610385180,
7011.695,0.1220740378,0.0610370189,0.9765923023,0.0661641285,0.0018311106,-1.0105289221,-0.1536912173,-0.0429700613,-0.4276253581,-0.0014600679,0.0061926059,-0.0128270388,0.0334877595,0.0911042243,-0.9953864813,0.0052558719,0.5493331552,-1.2817773819,1.2207404375,-0.4725486040,0.8447523713,-0.3724478781,-0.2706381381,0.4553361535,-0.3098239005,0.0511240959,0.1239894629,0.0820115805,0.5117983818,0.7760912776,0.3537732959,-0.1040802002,0.5493331552,-1.2817773819,1.2207404375,-0.4725486040,0.8447523713,-0.3724478781,-0.2706381381,0.4553361535,-0.3098239005,0.0511240959,0.1239894629,0.0820115805,0.5117983818,0.7760912776,0.3537732959,-0.1040802002,0.0000000000,0.0000000000,0.0000000000,0.0000000000,0.0000000000,0.0000000000,-0.3120212555,0.3520615399,-0.3105563521,0.9852659106,-0.1663092226,-0.0458343625,0.2932742834,0.6693457961,0.1711786091,-0.6609897017,
7011.708,0.1220740378,0.0610370189,0.9765923023,0.0657979101,0.0009765923,-1.0102847815,-0.1574755162,-0.0452894680,-0.4326303899,-0.0018229857,0.0053442572,-0.0125826597,0.0334856734,0.0911357552,-0.9953835607,0.0052598566,0.6714072227,-0.9765923023,1.5259255171,-0.4776757061,0.8489028811,-0.3774529397,-0.2710043788,0.4530167580,-0.3037202060,0.0455779135,0.1275552511,0.0765612721,0.5118585229,0.7767448425,0.3520197570,-0.1048510298,0.6714072227,-0.9765923023,1.5259255171,-0.4776757061,0.8489028811,-0.3774529397,-0.2710043788,0.4530167580,-0.3037202060,0.0455779135,0.1275552511,0.0765612721,0.5118585229,0.7767448425,0.3520197570,-0.1048510298,0.0000000000,0.0000000000,0.0000000000,0.0000000000,0.0000000000,0.0000000000,-0.3110446632,0.3515732288,-0.3086031675,0.9852658510,-0.1663097143,-0.0458347797,0.2933879495,0.6693163514,0.1712933034,-0.6609393954,
7011.721,0.1831110567,0.0610370189,1.0376293659,0.0676290169,0.0020752586,-1.0108951330,-0.1536912173,-0.0423596911,-0.4369029701,0.0000026226,0.0064549926,-0.0131934881,0.0334878713,0.0911344215,-0.9953835607,0.0052660750,0.7934812307,-0.4272591472,1.9531846046,-0.4798730314,0.8493911624,-0.3795281947,-0.2706381381,0.4533829689,-0.3078707159,0.0428707898,0.1274400949,0.0741141438,0.5118826032,0.7774485946,0.3501972556,-0.1056173295,0.7934812307,-0.4272591472,1.9531846046,-0.4798730314,0.8493911624,-0.3795281947,-0.2706381381,0.4533829689,-0.3078707159,0.0428707898,0.1274400949,0.0741141438,0.5118826032,0.7774485946,0.3501972556,-0.1056173295,0.0000000000,0.0000000000,0.0000000000,0.0000000000,0.0000000000,0.0000000000,-0.3115329444,0.3491317630,-0.3125095367,0.9852657914,-0.1663101763,-0.0458352566,0.2934843302,0.6692913175,0.1713904887,-0.6608967781,
7011.734,0.1220740378,0.0610370189,0.9765923023,0.0675069466,0.0019531846,-1.0107730627,-0.1525925547,-0.0419934690,-0.4315317273,-0.0001244172,0.0063341786,-0.0130717754,0.0334902704,0.0911378786,-0.9953832626,0.0052670455,0.7324442267,-0.1831110567,2.6245918274,-0.4677877128,0.8419446349,-0.3759880364,-0.2669759095,0.4553361535,-0.3043305874,0.0543159544,0.1193112731,0.0773054063,0.5119204521,0.7781293392,0.3484320045,-0.1062578633,0.7324442267,-0.1831110567,2.6245918274,-0.4677877128,0.8419446349,-0.3759880364,-0.2669759095,0.4553361535,-0.3043305874,0.0543159544,0.1193112731,0.0773054063,0.5119204521,0.7781293392,0.3484320045,-0.1062578633,0.0000000000,0.0000000000,0.0000000000,0.0000000000,0.0000000000,0.0000000000,-0.3090914786,0.3486434519,-0.2910245061,0.9852657914,-0.1663106829,-0.0458357334,0.2936356962,0.6692520380,0.1715433598,-0.6608297229,
7011.747,0.1831110567,0.0610370189,0.9765923023,0.0692159832,0.0032959990,-1.0106509924,-0.1529587656,-0.0428479873,-0.4394665360,0.0015712529,0.0076822443,-0.0129505992,0.0334966369,0.0911496431,-0.9953818917,0.0052706697,0.5493331552,-0.7324442267,2.8077027798,-0.4602191150,0.8381603360,-0.3709830046,-0.2652668953,0.4535050392,-0.2992034554,0.0612503588,0.1148004532,0.0818818510,0.5120020509,0.7787690163,0.3466912210,-0.1068713740,0.5493331552,-0.7324442267,2.8077027798,-0.4602191150,0.8381603360,-0.3709830046,-0.2652668953,0.4535050392,-0.2992034554,0.0612503588,0.1148004532,0.0818818510,0.5120020509,0.7787690163,0.3466912210,-0.1068713740,0.0000000000,0.0000000000,0.0000000000,0.0000000000,0.0000000000,0.0000000000,-0.3117770851,0.3564561903,-0.3105563521,0.9852655530,-0.1663111448,-0.0458359718,0.2937554121,0.6692208648,0.1716641784,-0.6607766151,
7011.760,0.1831110567,0.0000000000,0.9765923023,0.0692159832,0.0020752586,-1.0110172033,-0.1569872200,-0.0415051728,-0.4321421087,0.0015686899,0.0064727650,-0.0133170485,0.0334974788,0.0911343768,-0.9953832626,0.0052758823,0.3051851094,-1.5259255171,2.7466659546,-0.4568010569,0.8375499845,-0.3700064123,-0.2659993172,0.4532608986,-0.3054292500,0.0640959144,0.1134465933,0.0823290944,0.5121056437,0.7794398069,0.3447968364,-0.1076107100,0.3051851094,-1.5259255171,2.7466659546,-0.4568010569,0.8375499845,-0.3700064123,-0.2659993172,0.4532608986,-0.3054292500,0.0640959144,0.1134465933,0.0823290944,0.5121056437,0.7794398069,0.3447968364,-0.1076107100,0.0000000000,0.0000000000,0.0000000000,0.0000000000,0.0000000000,0.0000000000,-0.3100680709,0.3545030057,-0.3086031675,0.9852654934,-0.1663116515,-0.0458363295,0.2938751578,0.6691897511,0.1717850417,-0.6607235074,
7011.773,0.1220740378,0.0610370189,0.9765923023,0.0686056092,0.0021973327,-1.0094301701,-0.1569872200,-0.0443128757,-0.4323862493,0.0009476319,0.0065947934,-0.0117307305,0.0335027054,0.0911547244,-0.9953811765,0.0052770339,0.1831110567,-2.2583696842,2.7466659546,-0.4610736370,0.8432874680,-0.3714712858,-0.2680746019,0.4513077140,-0.3039643466,0.0593155622,0.1184360385,0.0802500546,0.5122354031,0.7801024914,0.3428467810,-0.1084169522,0.1831110567,-2.2583696842,2.7466659546,-0.4610736370,0.8432874680,-0.3714712858,-0.2680746019,0.4513077140,-0.3039643466,0.0593155622,0.1184360385,0.0802500546,0.5122354031,0.7801024914,0.3428467810,-0.1084169522,0.0000000000,0.0000000000,0.0000000000,0.0000000000,0.0000000000,0.0000000000,-0.3088473082,0.3545030057,-0.3086031675,0.9852654338,-0.1663121432,-0.0458366871,0.2939949930,0.6691585779,0.1719060093,-0.6606703401,
7011.786,0.1220740378,0.0610370189,0.9765923023,0.0677510947,0.0031739250,-1.0115054846,-0.1556444019,-0.0437025055,-0.4310434163,0.0000873432,0.0075665452,-0.0138064027,0.0335057117,0.0911714882,-0.9953796864,0.0052754497,0.2441480756,-2.0142216682,2.7466659546,-0.4630268216,0.8456068635,-0.3725699782,-0.2646565139,0.4549699426,-0.3021332324,0.0568397641,0.1200177670,0.0785690546,0.5123637915,0.7807246447,0.3410014212,-0.1091505289,0.2441480756,-2.0142216682,2.7466659546,-0.4630268216,0.8456068635,-0.3725699782,-0.2646565139,0.4549699426,-0.3021332324,0.0568397641,0.1200177670,0.0785690546,0.5123637915,0.7807246447,0.3410014212,-0.1091505289,0.0000000000,0.0000000000,0.0000000000,0.0000000000,0.0000000000,0.0000000000,-0.3093356192,0.3549913168,-0.3125095367,0.9852653146,-0.1663126200,-0.0458369851,0.2941054702,0.6691297889,0.1720174998,-0.6606212854,
7011.799,0.1831110567,0.0000000000,0.9765923023,0.0688497573,0.0032959990,-1.0117496252,-0.1572313607,-0.0438245796,-0.4376354218,0.0011856183,0.0076938341,-0.0140506029,0.0335056074,0.0911837146,-0.9953783751,0.0052784784,0.3662221134,-1.8311105967,2.8077027798,-0.4652241468,0.8486587405,-0.3714712858,-0.2678304315,0.4552140832,-0.3006683588,0.0541034937,0.1223375797,0.0791103244,0.5124811530,0.7813470364,0.3391621113,-0.1098738760,0.3662221134,-1.8311105967,2.8077027798,-0.4652241468,0.8486587405,-0.3714712858,-0.2678304315,0.4552140832,-0.3006683588,0.0541034937,0.1223375797,0.0791103244,0.5124811530,0.7813470364,0.3391621113,-0.1098738760,0.0000000000,0.0000000000,0.0000000000,0.0000000000,0.0000000000,0.0000000000,-0.3093356192,0.3540147245,-0.3105563521,0.9852651358,-0.1663130522,-0.0458372831,0.2942176163,0.6691004634,0.1721306890,-0.6605714560,
7011.812,0.1220740378,0.0000000000,0.9765923023,0.0683614612,0.0025635548,-1.0107730627,-0.1539353579,-0.0426038392,-0.4288460910,0.0006989837,0.0069595515,-0.0130739212,0.0335048214,0.0911916196,-0.9953777790,0.0052777524,0.5493331552,-1.7700735331,2.9908139706,-0.4611957073,0.8451185822,-0.3712271452,-0.2650227249,0.4560686052,-0.3014008105,0.0575578213,0.1180655360,0.0788355172,0.5125814676,0.7819799185,0.3373160362,-0.1105844676,0.5493331552,-1.7700735331,2.9908139706,-0.4611957073,0.8451185822,-0.3712271452,-0.2650227249,0.4560686052,-0.3014008105,0.0575578213,0.1180655360,0.0788355172,0.5125814676,0.7819799185,0.3373160362,-0.1105844676,0.0000000000,0.0000000000,0.0000000000,0.0000000000,0.0000000000,0.0000000000,-0.3095797598,0.3510849476,-0.3125095367,0.9852651358,-0.1663135588,-0.0458378792,0.2943162918,0.6690747738,0.1722302139,-0.6605277061,
7011.825,0.1220740378,-0.0610370189,1.0376293659,0.0682393909,0.0004882962,-1.0102847815,-0.1575975865,-0.0413830988,-0.4305551350,0.0005896837,0.0048934300,-0.0125848055,0.0334981605,0.0911676511,-0.9953801632,0.0052809124,0.4882961512,-2.0752587318,2.9908139706,-0.4535050392,0.8402355909,-0.3700064123,-0.2666096985,0.4575335085,-0.3006683588,0.0646805763,0.1124418378,0.0795130432,0.5126926303,0.7825996280,0.3354710937,-0.1112947762,0.4882961512,-2.0752587318,2.9908139706,-0.4535050392,0.8402355909,-0.3700064123,-0.2666096985,0.4575335085,-0.3006683588,0.0646805763,0.1124418378,0.0795130432,0.5126926303,0.7825996280,0.3354710937,-0.1112947762,0.0000000000,0.0000000000,0.0000000000,0.0000000000,0.0000000000,0.0000000000,-0.3120212555,0.3520615399,-0.3086031675,0.9852650762,-0.1663140506,-0.0458381772,0.2944254577,0.6690462828,0.1723403782,-0.6604791880,
7011.838,0.1220740378,-0.0610370189,1.0376293659,0.0678731650,0.0023194067,-1.0101627111,-0.1566209942,-0.0391857661,-0.4325083196,0.0002379492,0.0067245793,-0.0124617815,0.0334912017,0.0911178142,-0.9953849316,0.0052785925,0.3051851094,-2.6245918274,2.9297769070,-0.4517960250,0.8364512920,-0.3692739606,-0.2667317688,0.4565569162,-0.3042085171,0.0658746064,0.1079144478,0.0796352923,0.5128151178,0.7832370400,0.3335233629,-0.1120982543,0.3051851094,-2.6245918274,2.9297769070,-0.4517960250,0.8364512920,-0.3692739606,-0.2667317688,0.4565569162,-0.3042085171,0.0658746064,0.1079144478,0.0796352923,0.5128151178,0.7832370400,0.3335233629,-0.1120982543,0.0000000000,0.0000000000,0.0000000000,0.0000000000,0.0000000000,0.0000000000,-0.3093356192,0.3530381322,-0.3105563521,0.9852649570,-0.1663145423,-0.0458385944,0.2945333719,0.6690180898,0.1724492759,-0.6604312062,
7011.851,0.1831110567,-0.0610370189,1.0376293659,0.0676290169,0.0013428144,-1.0107730627,-0.1578417271,-0.0435804315,-0.4305551350,0.0000095814,0.0057634870,-0.0130710602,0.0334825963,0.0911217928,-0.9953849316,0.0052857245,0.2441480756,-3.3570361137,2.6856288910,-0.4536271393,0.8407238722,-0.3709830046,-0.2669759095,0.4577776492,-0.3049409389,0.0636164844,0.1114645600,0.0772449970,0.5129569769,0.7838549018,0.3315550387,-0.1129652485,0.2441480756,-3.3570361137,2.6856288910,-0.4536271393,0.8407238722,-0.3709830046,-0.2669759095,0.4577776492,-0.3049409389,0.0636164844,0.1114645600,0.0772449970,0.5129569769,0.7838549018,0.3315550387,-0.1129652485,0.0000000000,0.0000000000,0.0000000000,0.0000000000,0.0000000000,0.0000000000,-0.3100680709,0.3510849476,-0.2910245061,0.9852647781,-0.1663150191,-0.0458387733,0.2946854830,0.6689782739,0.1726029515,-0.6603634357,
7011.864,0.1831110567,-0.0610370189,0.9765923023,0.0681173131,0.0026856288,-1.0100406408,-0.1550340354,-0.0423596911,-0.4287240207,0.0005109236,0.0071143582,-0.0123378634,0.0334757157,0.0911238566,-0.9953848720,0.0052892114,0.4272591472,-2.9908139706,2.6245918274,-0.4596087635,0.8460951447,-0.3748893738,-0.2681966722,0.4559465349,-0.3029877543,0.0571981966,0.1161462665,0.0727199614,0.5130672455,0.7844830751,0.3295973241,-0.1138302162,0.4272591472,-2.9908139706,2.6245918274,-0.4596087635,0.8460951447,-0.3748893738,-0.2681966722,0.4559465349,-0.3029877543,0.0571981966,0.1161462665,0.0727199614,0.5130672455,0.7844830751,0.3295973241,-0.1138302162,0.0000000000,0.0000000000,0.0000000000,0.0000000000,0.0000000000,0.0000000000,-0.3095797598,0.3535264134,-0.2910245061,0.9852647185,-0.1663155109,-0.0458393097,0.2948437631,0.6689368486,0.1727628559,-0.6602929831,
7011.877,0.1831110567,-0.0610370189,0.9765923023,0.0677510947,0.0018311106,-1.0107730627,-0.1585741788,-0.0428479873,-0.4297006130,0.0001597181,0.0062720845,-0.0130693316,0.0334676802,0.0911219046,-0.9953852892,0.0052945586,0.6714072227,-2.3194067478,2.6856288910,-0.4613177776,0.8502456546,-0.3747673035,-0.2642903030,0.4549699426,-0.3028656840,0.0549934506,0.1196204424,0.0723108053,0.5131431818,0.7851223350,0.3276667595,-0.1146517545,0.6714072227,-2.3194067478,2.6856288910,-0.4613177776,0.8502456546,-0.3747673035,-0.2642903030,0.4549699426,-0.3028656840,0.0549934506,0.1196204424,0.0723108053,0.5131431818,0.7851223350,0.3276667595,-0.1146517545,0.0000000000,0.0000000000,0.0000000000,0.0000000000,0.0000000000,0.0000000000,-0.3103122115,0.3515732288,-0.2910245061,0.9852646589,-0.1663160026,-0.0458398461,0.2949955165,0.6688970923,0.1729161590,-0.6602253914,
7011.890,0.1220740378,-0.1220740378,0.9765923023,0.0671407208,0.0021973327,-1.0102847815,-0.1588183194,-0.0465102084,-0.4289681613,-0.0004222393,0.0066380454,-0.0125791430,0.0334532894,0.0911655128,-0.9953817725,0.0052945940,1.2817773819,-1.0376293659,2.8077027798,-0.4596087635,0.8507339954,-0.3744010627,-0.2652668953,0.4555803239,-0.3028656840,0.0560863316,0.1194685102,0.0723414123,0.5131391287,0.7858036160,0.3257720768,-0.1153992489,1.2817773819,-1.0376293659,2.8077027798,-0.4596087635,0.8507339954,-0.3744010627,-0.2652668953,0.4555803239,-0.3028656840,0.0560863316,0.1194685102,0.0723414123,0.5131391287,0.7858036160,0.3257720768,-0.1153992489,0.0000000000,0.0000000000,0.0000000000,0.0000000000,0.0000000000,0.0000000000,-0.3115329444,0.3481551707,-0.3125095367,0.9852645397,-0.1663164645,-0.0458402634,0.2950810790,0.6688746214,0.1730024368,-0.6601873040,
7011.903,0.1220740378,-0.0610370189,0.9765923023,0.0660420582,0.0023194067,-1.0101627111,-0.1594287008,-0.0439466536,-0.4281136394,-0.0014978945,0.0067592468,-0.0124554634,0.0334418043,0.0911751091,-0.9953812957,0.0052934289,1.4038513899,-0.7934812307,2.8077027798,-0.4531388283,0.8453627229,-0.3722037375,-0.2652668953,0.4503311217,-0.3043305874,0.0619099736,0.1134637594,0.0742467046,0.5131019950,0.7865322232,0.3237832487,-0.1161943078,1.4038513899,-0.7934812307,2.8077027798,-0.4531388283,0.8453627229,-0.3722037375,-0.2652668953,0.4503311217,-0.3043305874,0.0619099736,0.1134637594,0.0742467046,0.5131019950,0.7865322232,0.3237832487,-0.1161943078,0.0000000000,0.0000000000,0.0000000000,0.0000000000,0.0000000000,0.0000000000,-0.3115329444,0.3525498211,-0.2968840599,0.9852644205,-0.1663169414,-0.0458405614,0.2952180207,0.6688386798,0.1731407642,-0.6601262093,
7011.916,0.1220740378,-0.1220740378,0.9765923023,0.0667745024,0.0020752586,-1.0101627111,-0.1577196568,-0.0428479873,-0.4320200086,-0.0007355288,0.0065154326,-0.0124534369,0.0334268734,0.0911745951,-0.9953818321,0.0052922089,1.4648884535,-0.9155552983,2.6245918274,-0.4452040195,0.8399914503,-0.3687856793,-0.2664876282,0.4522843063,-0.3054292500,0.0692160130,0.1074717045,0.0773714781,0.5130612850,0.7872555256,0.3217925727,-0.1170023233,1.4648884535,-0.9155552983,2.6245918274,-0.4452040195,0.8399914503,-0.3687856793,-0.2664876282,0.4522843063,-0.3054292500,0.0692160130,0.1074717045,0.0773714781,0.5130612850,0.7872555256,0.3217925727,-0.1170023233,0.0000000000,0.0000000000,0.0000000000,0.0000000000,0.0000000000,0.0000000000,-0.3103122115,0.3496200442,-0.3125095367,0.9852643013,-0.1663174331,-0.0458409190,0.2953071892,0.6688152552,0.1732306927,-0.6600864530,
7011.929,0.1220740378,-0.0610370189,0.9765923023,0.0665303543,0.0017090365,-1.0094301701,-0.1582079530,-0.0418713950,-0.4304330647,-0.0009595752,0.0061513404,-0.0117195845,0.0334168263,0.0911606625,-0.9953834414,0.0052918824,1.4038513899,-1.5869624615,2.1362955570,-0.4447157085,0.8397473097,-0.3711050749,-0.2680746019,0.4520401657,-0.3095797598,0.0691892207,0.1066527367,0.0747019351,0.5130209923,0.7879825234,0.3197349906,-0.1179235429,1.4038513899,-1.5869624615,2.1362955570,-0.4447157085,0.8397473097,-0.3711050749,-0.2680746019,0.4520401657,-0.3095797598,0.0691892207,0.1066527367,0.0747019351,0.5130209923,0.7879825234,0.3197349906,-0.1179235429,0.0000000000,0.0000000000,0.0000000000,0.0000000000,0.0000000000,0.0000000000,-0.3093356192,0.3466902673,-0.2929776907,0.9852642417,-0.1663179845,-0.0458413363,0.2954385877,0.6687807441,0.1733633876,-0.6600278020,
7011.942,0.1220740378,-0.0610370189,0.9765923023,0.0664082766,0.0020752586,-1.0099185705,-0.1558885425,-0.0424817652,-0.4304330647,-0.0010609031,0.0065178722,-0.0122064948,0.0334064588,0.0911610797,-0.9953837395,0.0052911011,1.4038513899,-1.5869624615,1.8921475410,-0.4471572042,0.8427991867,-0.3728141189,-0.2652668953,0.4483779371,-0.3065279126,0.0662683249,0.1091575027,0.0726453364,0.5129756331,0.7886943221,0.3177017570,-0.1188540384,1.4038513899,-1.5869624615,1.8921475410,-0.4471572042,0.8427991867,-0.3728141189,-0.2652668953,0.4483779371,-0.3065279126,0.0662683249,0.1091575027,0.0726453364,0.5129756331,0.7886943221,0.3177017570,-0.1188540384,0.0000000000,0.0000000000,0.0000000000,0.0000000000,0.0000000000,0.0000000000,-0.3108004928,0.3476668596,-0.2929776907,0.9852641821,-0.1663184464,-0.0458416939,0.2955711484,0.6687458754,0.1734972745,-0.6599686146,
7011.955,0.1220740378,0.0000000000,0.9765923023,0.0661641285,0.0019531846,-1.0107730627,-0.1568651348,-0.0456556901,-0.4323862493,-0.0012935624,0.0063967183,-0.0130602717,0.0334004834,0.0911987200,-0.9953805804,0.0052922955,1.5869624615,-1.3428144455,1.6479995251,-0.4474013448,0.8454847932,-0.3703726232,-0.2646565139,0.4533829689,-0.3038422763,0.0655581951,0.1113264561,0.0747724771,0.5129278898,0.7893610597,0.3157928288,-0.1197181195,1.5869624615,-1.3428144455,1.6479995251,-0.4474013448,0.8454847932,-0.3703726232,-0.2646565139,0.4533829689,-0.3038422763,0.0655581951,0.1113264561,0.0747724771,0.5129278898,0.7893610597,0.3157928288,-0.1197181195,0.0000000000,0.0000000000,0.0000000000,0.0000000000,0.0000000000,0.0000000000,-0.3088473082,0.3496200442,-0.3125095367,0.9852640033,-0.1663189232,-0.0458420515,0.2956593633,0.6687226295,0.1735862643,-0.6599292159,
7011.968,0.1220740378,0.0000000000,0.9765923023,0.0668965727,0.0028077029,-1.0110172033,-0.1564989239,-0.0396740623,-0.4347056448,-0.0005531684,0.0072479271,-0.0133038759,0.0333968811,0.0911601409,-0.9953840971,0.0052889902,1.9531846046,-1.0986663103,1.0986663103,-0.4443494976,0.8431653976,-0.3696402013,-0.2670980096,0.4517960250,-0.3010345697,0.0681904852,0.1085675955,0.0752635002,0.5128387213,0.7900305390,0.3139223754,-0.1206009760,1.9531846046,-1.0986663103,1.0986663103,-0.4443494976,0.8431653976,-0.3696402013,-0.2670980096,0.4517960250,-0.3010345697,0.0681904852,0.1085675955,0.0752635002,0.5128387213,0.7900305390,0.3139223754,-0.1206009760,0.0000000000,0.0000000000,0.0000000000,0.0000000000,0.0000000000,0.0000000000,-0.3103122115,0.3496200442,-0.2910245061,0.9852637649,-0.1663193852,-0.0458423495,0.2958016098,0.6686851382,0.1737300009,-0.6598655581,
7011.981,0.1220740378,-0.0610370189,0.9765923023,0.0666524246,0.0019531846,-1.0107730627,-0.1562547684,-0.0426038392,-0.4329966009,-0.0007776991,0.0063943351,-0.0130583644,0.0333870500,0.0911605209,-0.9953845143,0.0052885655,2.0142216682,-1.0986663103,0.7934812307,-0.4420301020,0.8415784240,-0.3715933859,-0.2658772469,0.4505752623,-0.3067720532,0.0701228082,0.1065778136,0.0730905533,0.5127210617,0.7907281518,0.3119844794,-0.1215530559,2.0142216682,-1.0986663103,0.7934812307,-0.4420301020,0.8415784240,-0.3715933859,-0.2658772469,0.4505752623,-0.3067720532,0.0701228082,0.1065778136,0.0730905533,0.5127210617,0.7907281518,0.3119844794,-0.1215530559,0.0000000000,0.0000000000,0.0000000000,0.0000000000,0.0000000000,0.0000000000,-0.3098239005,0.3481551707,-0.2910245061,0.9852638245,-0.1663199067,-0.0458427072,0.2959394455,0.6686488390,0.1738692522,-0.6598039269,
7011.994,0.1220740378,0.0000000000,1.0376293659,0.0664082766,0.0021973327,-1.0104068518,-0.1545457393,-0.0429700613,-0.4351939559,-0.0010118037,0.0066389102,-0.0126914978,0.0333820023,0.0911646187,-0.9953842759,0.0052884561,1.8921475410,-1.1597033739,0.4272591472,-0.4406872690,0.8399914503,-0.3724478781,-0.2684408128,0.4565569162,-0.3050630093,0.0711285770,0.1046148539,0.0720027089,0.5126168132,0.7913753390,0.3101512790,-0.1224692836,1.8921475410,-1.1597033739,0.4272591472,-0.4406872690,0.8399914503,-0.3724478781,-0.2684408128,0.4565569162,-0.3050630093,0.0711285770,0.1046148539,0.0720027089,0.5126168132,0.7913753390,0.3101512790,-0.1224692836,0.0000000000,0.0000000000,0.0000000000,0.0000000000,0.0000000000,0.0000000000,-0.3117770851,0.3525498211,-0.3105563521,0.9852636456,-0.1663203686,-0.0458430648,0.2960369587,0.6686230898,0.1739676744,-0.6597602963,
7012.007,0.1220740378,0.0000000000,0.9765923023,0.0666524246,0.0028077029,-1.0104068518,-0.1545457393,-0.0463881344,-0.4323862493,-0.0007589161,0.0072459704,-0.0126909018,0.0333775096,0.0912187696,-0.9953794479,0.0052882237,1.8311105967,-1.4038513899,-0.3051851094,-0.4443494976,0.8388928175,-0.3754997551,-0.2653889656,0.4525284469,-0.3050630093,0.0672563016,0.1032178998,0.0686990917,0.5125012994,0.7920072079,0.3083302677,-0.1234625503,1.8311105967,-1.4038513899,-0.3051851094,-0.4443494976,0.8388928175,-0.3754997551,-0.2653889656,0.4525284469,-0.3050630093,0.0672563016,0.1032178998,0.0686990917,0.5125012994,0.7920072079,0.3083302677,-0.1234625503,0.0000000000,0.0000000000,0.0000000000,0.0000000000,0.0000000000,0.0000000000,-0.3103122115,0.3462019861,-0.3066499829,0.9852635860,-0.1663208306,-0.0458435416,0.2961272597,0.6685992479,0.1740587801,-0.6597199440,
7012.020,0.1220740378,0.0000000000,0.9765923023,0.0684835389,0.0029297769,-1.0106509924,-0.1564989239,-0.0440687276,-0.4301889241,0.0010719374,0.0073641520,-0.0129350424,0.0333777070,0.0912377238,-0.9953778386,0.0052869306,1.8311105967,-1.4038513899,-0.6714072227,-0.4461806118,0.8401135206,-0.3750114441,-0.2680746019,0.4538712800,-0.3072603643,0.0652683675,0.1041751504,0.0689316094,0.5123759508,0.7926359177,0.3065017760,-0.1244964600,1.8311105967,-1.4038513899,-0.6714072227,-0.4461806118,0.8401135206,-0.3750114441,-0.2680746019,0.4538712800,-0.3072603643,0.0652683675,0.1041751504,0.0689316094,0.5123759508,0.7926359177,0.3065017760,-0.1244964600,0.0000000000,0.0000000000,0.0000000000,0.0000000000,0.0000000000,0.0000000000,-0.3117770851,0.3476668596,-0.3105563521,0.9852635860,-0.1663213223,-0.0458439589,0.2962104976,0.6685772538,0.1741427183,-0.6596827507,
7012.033,0.1220740378,0.0000000000,0.9765923023,0.0687276870,0.0043946654,-1.0104068518,-0.1561326981,-0.0439466536,-0.4321421087,0.0013145953,0.0088179251,-0.0126909614,0.0333788693,0.0912557095,-0.9953759909,0.0052820668,1.8311105967,-1.2207404375,-0.9155552983,-0.4489883184,0.8429212570,-0.3748893738,-0.2659993172,0.4559465349,-0.3086031675,0.0623281002,0.1067427993,0.0688084960,0.5122473836,0.7932428718,0.3047264814,-0.1255137175,1.8311105967,-1.2207404375,-0.9155552983,-0.4489883184,0.8429212570,-0.3748893738,-0.2659993172,0.4559465349,-0.3086031675,0.0623281002,0.1067427993,0.0688084960,0.5122473836,0.7932428718,0.3047264814,-0.1255137175,0.0000000000,0.0000000000,0.0000000000,0.0000000000,0.0000000000,0.0000000000,-0.3110446632,0.3486434519,-0.3105563521,0.9852635264,-0.1663217843,-0.0458443165,0.2962964177,0.6685545444,0.1742293835,-0.6596443057,
7012.046,0.1220740378,-0.0610370189,0.9765923023,0.0679952428,0.0026856288,-1.0116275549,-0.1577196568,-0.0440687276,-0.4284798801,0.0005952641,0.0071062902,-0.0139107704,0.0333723612,0.0912714675,-0.9953749180,0.0052806986,2.0752587318,-0.7324442267,-1.4648884535,-0.4455702305,0.8412122130,-0.3713492155,-0.2627033293,0.4557023942,-0.3104342818,0.0656402707,0.1048529744,0.0721707046,0.5120856762,0.7938457727,0.3030055165,-0.1265239120,2.0752587318,-0.7324442267,-1.4648884535,-0.4455702305,0.8412122130,-0.3713492155,-0.2627033293,0.4557023942,-0.3104342818,0.0656402707,0.1048529744,0.0721707046,0.5120856762,0.7938457727,0.3030055165,-0.1265239120,0.0000000000,0.0000000000,0.0000000000,0.0000000000,0.0000000000,0.0000000000,-0.3110446632,0.3486434519,-0.3105563521,0.9852634072,-0.1663222760,-0.0458447337,0.2963818908,0.6685319543,0.1743156165,-0.6596060395,
7012.059,0.1220740378,0.0000000000,0.9765923023,0.0692159832,0.0025635548,-1.0113834143,-0.1594287008,-0.0407727286,-0.4292123318,0.0018123686,0.0069822245,-0.0136668682,0.0333744325,0.0912403613,-0.9953776598,0.0052788309,2.2583696842,-0.5493331552,-1.8311105967,-0.4448378086,0.8407238722,-0.3692739606,-0.2669759095,0.4499649107,-0.3089693785,0.0663002729,0.1042275429,0.0741015971,0.5118893385,0.7944771051,0.3012262285,-0.1275990903,2.2583696842,-0.5493331552,-1.8311105967,-0.4448378086,0.8407238722,-0.3692739606,-0.2669759095,0.4499649107,-0.3089693785,0.0663002729,0.1042275429,0.0741015971,0.5118893385,0.7944771051,0.3012262285,-0.1275990903,0.0000000000,0.0000000000,0.0000000000,0.0000000000,0.0000000000,0.0000000000,-0.3093356192,0.3525498211,-0.2910245061,0.9852631688,-0.1663227528,-0.0458449125,0.2965290248,0.6684929729,0.1744643152,-0.6595399976,
7012.072,0.1220740378,-0.0610370189,0.9765923023,0.0676290169,0.0026856288,-1.0112613440,-0.1560106277,-0.0428479873,-0.4286019504,0.0002401620,0.0071017137,-0.0135437250,0.0333671644,0.0912454799,-0.9953774214,0.0052770390,2.3804438114,-0.3662221134,-2.3194067478,-0.4427625239,0.8388928175,-0.3692739606,-0.2673421502,0.4524063766,-0.3151951730,0.0683473647,0.1023120284,0.0739940405,0.5116650462,0.7951130271,0.2994542122,-0.1287045926,2.3804438114,-0.3662221134,-2.3194067478,-0.4427625239,0.8388928175,-0.3692739606,-0.2673421502,0.4524063766,-0.3151951730,0.0683473647,0.1023120284,0.0739940405,0.5116650462,0.7951130271,0.2994542122,-0.1287045926,0.0000000000,0.0000000000,0.0000000000,0.0000000000,0.0000000000,0.0000000000,-0.3112888038,0.3510849476,-0.3125095367,0.9852631092,-0.1663232297,-0.0458453298,0.2966150045,0.6684702039,0.1745510548,-0.6595014930,
7012.085,0.1220740378,-0.0610370189,1.0376293659,0.0689718351,0.0024414808,-1.0115054846,-0.1574755162,-0.0434583575,-0.4321421087,0.0015911907,0.0068569179,-0.0137873292,0.0333630852,0.0912480429,-0.9953773022,0.0052764262,2.8077027798,0.2441480756,-3.4180731773,-0.4378795624,0.8359630108,-0.3706167936,-0.2657551765,0.4517960250,-0.3077486455,0.0732811093,0.0994274020,0.0726674795,0.5113888979,0.7957158089,0.2978620231,-0.1297661811,2.8077027798,0.2441480756,-3.4180731773,-0.4378795624,0.8359630108,-0.3706167936,-0.2657551765,0.4517960250,-0.3077486455,0.0732811093,0.0994274020,0.0726674795,0.5113888979,0.7957158089,0.2978620231,-0.1297661811,0.0000000000,0.0000000000,0.0000000000,0.0000000000,0.0000000000,0.0000000000,-0.3117770851,0.3496200442,-0.3066499829,0.9852629900,-0.1663236767,-0.0458456874,0.2967109382,0.6684447527,0.1746478975,-0.6594584584,
7012.098,0.1220740378,-0.0610370189,1.0376293659,0.0688497573,0.0026856288,-1.0115054846,-0.1563768387,-0.0456556901,-0.4278694987,0.0014778823,0.0070992173,-0.0137867332,0.0333586112,0.0912829116,-0.9953742623,0.0052762721,2.9297769070,0.4272591472,-4.0894804001,-0.4354380965,0.8333994746,-0.3720816672,-0.2673421502,0.4493545294,-0.3144627213,0.0758387446,0.0969803333,0.0712623298,0.5110679865,0.7963475585,0.2962194383,-0.1309103668,2.9297769070,0.4272591472,-4.0894804001,-0.4354380965,0.8333994746,-0.3720816672,-0.2673421502,0.4493545294,-0.3144627213,0.0758387446,0.0969803333,0.0712623298,0.5110679865,0.7963475585,0.2962194383,-0.1309103668,0.0000000000,0.0000000000,0.0000000000,0.0000000000,0.0000000000,0.0000000000,-0.3112888038,0.3510849476,-0.3105563521,0.9852629304,-0.1663241237,-0.0458461046,0.2968008518,0.6684209108,0.1747386307,-0.6594181657,
7012.111,0.1220740378,-0.1220740378,1.0376293659,0.0690939054,0.0026856288,-1.0111392736,-0.1584521085,-0.0435804315,-0.4295785427,0.0017400607,0.0070973709,-0.0134193301,0.0333496928,0.0912848040,-0.9953745008,0.0052745887,2.9908139706,0.5493331552,-4.7608876228,-0.4354380965,0.8329111338,-0.3748893738,-0.2685628831,0.4535050392,-0.3090914786,0.0760290623,0.0966787338,0.0685448647,0.5107399821,0.7969298363,0.2947254777,-0.1320134997,2.9908139706,0.5493331552,-4.7608876228,-0.4354380965,0.8329111338,-0.3748893738,-0.2685628831,0.4535050392,-0.3090914786,0.0760290623,0.0966787338,0.0685448647,0.5107399821,0.7969298363,0.2947254777,-0.1320134997,0.0000000000,0.0000000000,0.0000000000,0.0000000000,0.0000000000,0.0000000000,-0.3125095367,0.3486434519,-0.3105563521,0.9852629304,-0.1663246006,-0.0458465815,0.2968829274,0.6683991551,0.1748214364,-0.6593813896,
7012.124,0.1220740378,-0.1220740378,1.0376293659,0.0676290169,0.0032959990,-1.0116275549,-0.1579638124,-0.0421155430,-0.4290902317,0.0003004968,0.0077028903,-0.0139058828,0.0333373696,0.0912695974,-0.9953761697,0.0052705039,2.8687398434,0.1831110567,-6.1037020683,-0.4399548471,0.8307138085,-0.3706167936,-0.2695394754,0.4480117261,-0.3067720532,0.0719276965,0.0947829485,0.0728390515,0.5104109049,0.7974751592,0.2932657301,-0.1332395524,2.8687398434,0.1831110567,-6.1037020683,-0.4399548471,0.8307138085,-0.3706167936,-0.2695394754,0.4480117261,-0.3067720532,0.0719276965,0.0947829485,0.0728390515,0.5104109049,0.7974751592,0.2932657301,-0.1332395524,0.0000000000,0.0000000000,0.0000000000,0.0000000000,0.0000000000,0.0000000000,-0.3093356192,0.3549913168,-0.3086031675,0.9852627516,-0.1663250625,-0.0458469391,0.2969885767,0.6683710814,0.1749281138,-0.6593339443,
7012.137,0.1220740378,-0.1220740378,1.0376293659,0.0672627985,0.0034180731,-1.0111392736,-0.1562547684,-0.0435804315,-0.4294564724,-0.0000389218,0.0078195259,-0.0134157538,0.0333242044,0.0912780017,-0.9953759909,0.0052668476,2.8687398434,-0.1220740378,-6.5919981003,-0.4430066943,0.8326669931,-0.3682973683,-0.2681966722,0.4521622360,-0.3065279126,0.0693858862,0.0970786810,0.0751377642,0.5101007819,0.7979676127,0.2919052839,-0.1344605535,2.8687398434,-0.1220740378,-6.5919981003,-0.4430066943,0.8326669931,-0.3682973683,-0.2681966722,0.4521622360,-0.3065279126,0.0693858862,0.0970786810,0.0751377642,0.5101007819,0.7979676127,0.2919052839,-0.1344605535,0.0000000000,0.0000000000,0.0000000000,0.0000000000,0.0000000000,0.0000000000,-0.3090914786,0.3525498211,-0.3125095367,0.9852625728,-0.1663254946,-0.0458472371,0.2970774472,0.6683474183,0.1750178039,-0.6592940092,
7012.150,0.1220740378,-0.1831110567,1.0376293659,0.0678731650,0.0020752586,-1.0106509924,-0.1585741788,-0.0474868007,-0.4288460910,0.0006056055,0.0064779241,-0.0129251480,0.0333068445,0.0913291350,-0.9953718185,0.0052675973,3.0518510342,-0.3051851094,-7.0192570686,-0.4456923008,0.8336436152,-0.3659779727,-0.2681966722,0.4528946877,-0.3059175313,0.0672875643,0.0984482765,0.0774299502,0.5097849369,0.7984384298,0.2905918062,-0.1357031614,3.0518510342,-0.3051851094,-7.0192570686,-0.4456923008,0.8336436152,-0.3659779727,-0.2681966722,0.4528946877,-0.3059175313,0.0672875643,0.0984482765,0.0774299502,0.5097849369,0.7984384298,0.2905918062,-0.1357031614,0.0000000000,0.0000000000,0.0000000000,0.0000000000,0.0000000000,0.0000000000,-0.3105563521,0.3496200442,-0.3066499829,0.9852625728,-0.1663260162,-0.0458477139,0.2971718013,0.6683223844,0.1751130223,-0.6592516899,
7012.163,0.1220740378,-0.1831110567,0.9765923023,0.0672627985,0.0023194067,-1.0112613440,-0.1612598002,-0.0427259132,-0.4265266955,0.0000323728,0.0067213504,-0.0135329962,0.0332884155,0.0913184807,-0.9953734279,0.0052651791,3.8453321457,0.1220740378,-7.8737754822,-0.4488662481,0.8341318965,-0.3706167936,-0.2667317688,0.4528946877,-0.3046967983,0.0647810102,0.0994802117,0.0729193091,0.5093886256,0.7989143133,0.2893914282,-0.1369495094,3.8453321457,0.1220740378,-7.8737754822,-0.4488662481,0.8341318965,-0.3706167936,-0.2667317688,0.4528946877,-0.3046967983,0.0647810102,0.0994802117,0.0729193091,0.5093886256,0.7989143133,0.2893914282,-0.1369495094,0.0000000000,0.0000000000,0.0000000000,0.0000000000,0.0000000000,0.0000000000,-0.3108004928,0.3515732288,-0.3066499829,0.9852625132,-0.1663265079,-0.0458481312,0.2972708344,0.6682960391,0.1752129942,-0.6592071652,
7012.176,0.1220740378,-0.1831110567,1.0376293659,0.0670186505,0.0025635548,-1.0108951330,-0.1558885425,-0.0405285805,-0.4266487658,-0.0001736954,0.0069642798,-0.0131642222,0.0332696363,0.0912891328,-0.9953767657,0.0052618454,4.2725911140,0.7324442267,-8.4231090546,-0.4498428404,0.8299813867,-0.3740348518,-0.2739341557,0.4555803239,-0.3104342818,0.0644982755,0.0959697366,0.0697564185,0.5089129210,0.7994367480,0.2881662548,-0.1382461041,4.2725911140,0.7324442267,-8.4231090546,-0.4498428404,0.8299813867,-0.3740348518,-0.2739341557,0.4555803239,-0.3104342818,0.0644982755,0.0959697366,0.0697564185,0.5089129210,0.7994367480,0.2881662548,-0.1382461041,0.0000000000,0.0000000000,0.0000000000,0.0000000000,0.0000000000,0.0000000000,-0.3115329444,0.3525498211,-0.3105563521,0.9852623940,-0.1663269848,-0.0458484292,0.2973617613,0.6682718396,0.1753047705,-0.6591662765,
7012.189,0.1220740378,-0.1831110567,1.0376293659,0.0679952428,0.0023194067,-1.0116275549,-0.1601611376,-0.0430921353,-0.4265266955,0.0008362308,0.0067201275,-0.0138943791,0.0332530588,0.0912810713,-0.9953780770,0.0052600470,4.6388134956,1.2207404375,-9.0945158005,-0.4472792745,0.8257088065,-0.3761101067,-0.2724692523,0.4575335085,-0.3068941236,0.0677949786,0.0924299359,0.0680421889,0.5084000230,0.7999294400,0.2871105671,-0.1394749135,4.6388134956,1.2207404375,-9.0945158005,-0.4472792745,0.8257088065,-0.3761101067,-0.2724692523,0.4575335085,-0.3068941236,0.0677949786,0.0924299359,0.0680421889,0.5084000230,0.7999294400,0.2871105671,-0.1394749135,0.0000000000,0.0000000000,0.0000000000,0.0000000000,0.0000000000,0.0000000000,-0.3103122115,0.3505966365,-0.3105563521,0.9852622747,-0.1663274616,-0.0458486676,0.2974476218,0.6682489514,0.1753914207,-0.6591276526,
7012.202,0.1220740378,-0.1831110567,0.9765923023,0.0671407208,0.0029297769,-1.0117496252,-0.1608935893,-0.0435804315,-0.4262825549,0.0000190660,0.0073267636,-0.0140139461,0.0332345925,0.0912826210,-0.9953785539,0.0052565266,5.0660724640,1.4648884535,-10.5594043732,-0.4383678734,0.8181402087,-0.3725699782,-0.2678304315,0.4552140832,-0.3097018301,0.0775851905,0.0857465863,0.0720223486,0.5078294277,0.8004140258,0.2861413360,-0.1407590508,5.0660724640,1.4648884535,-10.5594043732,-0.4383678734,0.8181402087,-0.3725699782,-0.2678304315,0.4552140832,-0.3097018301,0.0775851905,0.0857465863,0.0720223486,0.5078294277,0.8004140258,0.2861413360,-0.1407590508,0.0000000000,0.0000000000,0.0000000000,0.0000000000,0.0000000000,0.0000000000,-0.3100680709,0.3501083553,-0.3125095367,0.9852620959,-0.1663279384,-0.0458490252,0.2975270152,0.6682277918,0.1754714996,-0.6590919495,
7012.215,0.1220740378,-0.1831110567,1.0376293659,0.0670186505,0.0026856288,-1.0104068518,-0.1584521085,-0.0399182104,-0.4249397218,-0.0000656545,0.0070807924,-0.0126686692,0.0332162715,0.0912393406,-0.9953832626,0.0052524619,5.2491836548,1.2207404375,-11.4139223099,-0.4367808998,0.8148441911,-0.3704946935,-0.2746665776,0.4560686052,-0.3111667335,0.0801748335,0.0834232569,0.0745337307,0.5072326064,0.8008974791,0.2851678729,-0.1421298087,5.2491836548,1.2207404375,-11.4139223099,-0.4367808998,0.8148441911,-0.3704946935,-0.2746665776,0.4560686052,-0.3111667335,0.0801748335,0.0834232569,0.0745337307,0.5072326064,0.8008974791,0.2851678729,-0.1421298087,0.0000000000,0.0000000000,0.0000000000,0.0000000000,0.0000000000,0.0000000000,-0.3108004928,0.3486434519,-0.3125095367,0.9852622747,-0.1663284451,-0.0458496809,0.2976016104,0.6682079434,0.1755466908,-0.6590585113,
7012.228,0.1220740378,-0.1831110567,1.0376293659,0.0656758323,0.0023194067,-1.0105289221,-0.1552781761,-0.0406506546,-0.4237189889,-0.0013646185,0.0067145596,-0.0127878189,0.0331945382,0.0912145078,-0.9953861237,0.0052496209,5.3712577820,0.7324442267,-12.2684412003,-0.4384899437,0.8158208132,-0.3692739606,-0.2718588710,0.4589983821,-0.3103122115,0.0796149671,0.0854555964,0.0761513412,0.5066481829,0.8013188839,0.2843305767,-0.1435094923,5.3712577820,0.7324442267,-12.2684412003,-0.4384899437,0.8158208132,-0.3692739606,-0.2718588710,0.4589983821,-0.3103122115,0.0796149671,0.0854555964,0.0761513412,0.5066481829,0.8013188839,0.2843305767,-0.1435094923,0.0000000000,0.0000000000,0.0000000000,0.0000000000,0.0000000000,0.0000000000,-0.3115329444,0.3505966365,-0.2929776907,0.9852617979,-0.1663288772,-0.0458498001,0.2977307439,0.6681733727,0.1756772101,-0.6590002179,
7012.241,0.1220740378,-0.1831110567,1.0376293659,0.0667745024,0.0030518509,-1.0113834143,-0.1556444019,-0.0424817652,-0.4217658043,-0.0002274737,0.0074433829,-0.0136396885,0.0331755206,0.0912131220,-0.9953870177,0.0052460087,5.5543684959,0.3051851094,-13.6722927094,-0.4519180954,0.8181402087,-0.3784295321,-0.2760094106,0.4572893381,-0.3137302697,0.0675788224,0.0890085101,0.0673952699,0.5060107112,0.8017387390,0.2834974229,-0.1450543702,5.5543684959,0.3051851094,-13.6722927094,-0.4519180954,0.8181402087,-0.3784295321,-0.2760094106,0.4572893381,-0.3137302697,0.0675788224,0.0890085101,0.0673952699,0.5060107112,0.8017387390,0.2834974229,-0.1450543702,0.0000000000,0.0000000000,0.0000000000,0.0000000000,0.0000000000,0.0000000000,-0.3740348518,0.3535264134,-0.2929776907,0.9852619171,-0.1663293839,-0.0458503962,0.2978305817,0.6681467891,0.1757780015,-0.6589553356,
7012.254,0.1220740378,-0.2441480756,1.0376293659,0.0660420582,0.0014648885,-1.0119937658,-0.1582079530,-0.0417493209,-0.4211554229,-0.0009071827,0.0058606458,-0.0142465234,0.0331491269,0.0911952555,-0.9953894615,0.0052451044,5.6154055595,0.6103702188,-14.2826623917,-0.4583880007,0.8176519275,-0.3856318891,-0.2725913227,0.4570451975,-0.3132419884,0.0625629723,0.0898379683,0.0606489182,0.5053474307,0.8021324277,0.2827850282,-0.1465728134,5.6154055595,0.6103702188,-14.2826623917,-0.4583880007,0.8176519275,-0.3856318891,-0.2725913227,0.4570451975,-0.3132419884,0.0625629723,0.0898379683,0.0606489182,0.5053474307,0.8021324277,0.2827850282,-0.1465728134,0.0000000000,0.0000000000,0.0000000000,0.0000000000,0.0000000000,0.0000000000,-0.3733024001,0.3545030057,-0.2910245061,0.9852617979,-0.1663299054,-0.0458507538,0.2979381979,0.6681180596,0.1758866906,-0.6589068174,
7012.267,0.1220740378,-0.1831110567,1.0986663103,0.0667745024,0.0021973327,-1.0117496252,-0.1566209942,-0.0404065065,-0.4221320152,-0.0001365393,0.0065943813,-0.0139998198,0.0331302099,0.0911590531,-0.9953933954,0.0052427943,5.7374796867,1.2207404375,-14.8930330276,-0.4613177776,0.8144779801,-0.3932004869,-0.2744224370,0.4626606107,-0.3097018301,0.0611153841,0.0880694389,0.0536367297,0.5046611428,0.8024773598,0.2822978497,-0.1479815096,5.7374796867,1.2207404375,-14.8930330276,-0.4613177776,0.8144779801,-0.3932004869,-0.2744224370,0.4626606107,-0.3097018301,0.0611153841,0.0880694389,0.0536367297,0.5046611428,0.8024773598,0.2822978497,-0.1479815096,0.0000000000,0.0000000000,0.0000000000,0.0000000000,0.0000000000,0.0000000000,-0.3733024001,0.3510849476,-0.2910245061,0.9852615595,-0.1663303524,-0.0458509922,0.2980356514,0.6680919528,0.1759850979,-0.6588628292,
7012.280,0.1220740378,-0.1220740378,1.0376293659,0.0662862062,0.0021973327,-1.0100406408,-0.1536912173,-0.0394299142,-0.4203009009,-0.0005956888,0.0065949317,-0.0122889280,0.0331158265,0.0911239907,-0.9953973293,0.0052405666,5.8595538139,2.0142216682,-16.6020698547,-0.4577776492,0.8038575649,-0.3938108385,-0.2732017040,0.4599749744,-0.3125095367,0.0662851632,0.0790321231,0.0536879599,0.5039033890,0.8028169870,0.2819177508,-0.1494389027,5.8595538139,2.0142216682,-16.6020698547,-0.4577776492,0.8038575649,-0.3938108385,-0.2732017040,0.4599749744,-0.3125095367,0.0662851632,0.0790321231,0.0536879599,0.5039033890,0.8028169870,0.2819177508,-0.1494389027,0.0000000000,0.0000000000,0.0000000000,0.0000000000,0.0000000000,0.0000000000,-0.3098239005,0.3540147245,-0.3125095367,0.9852614999,-0.1663308293,-0.0458513498,0.2981227934,0.6680686474,0.1760730594,-0.6588235497,
7012.293,0.1220740378,-0.1831110567,1.0376293659,0.0668965727,0.0034180731,-1.0106509924,-0.1560106277,-0.0395519882,-0.4224982560,0.0000515655,0.0078101875,-0.0128967762,0.0330979005,0.0910840631,-0.9954014421,0.0052348212,5.7985167503,1.8311105967,-17.4565868378,-0.4644917250,0.8015381098,-0.3888058066,-0.2758873403,0.4587542415,-0.3148289323,0.0613449812,0.0783756971,0.0593017042,0.5031408072,0.8031354547,0.2815501094,-0.1509820223,5.7985167503,1.8311105967,-17.4565868378,-0.4644917250,0.8015381098,-0.3888058066,-0.2758873403,0.4587542415,-0.3148289323,0.0613449812,0.0783756971,0.0593017042,0.5031408072,0.8031354547,0.2815501094,-0.1509820223,0.0000000000,0.0000000000,0.0000000000,0.0000000000,0.0000000000,0.0000000000,-0.3125095367,0.3535264134,-0.2910245061,0.9852614403,-0.1663313657,-0.0458517075,0.2982619107,0.6680314541,0.1762136966,-0.6587607265,
7012.306,0.1220740378,-0.1220740378,1.0376293659,0.0667745024,0.0028077029,-1.0112613440,-0.1551561058,-0.0423596911,-0.4259163141,-0.0000436753,0.0071973791,-0.0135052800,0.0330846384,0.0910823047,-0.9954020381,0.0052323211,5.8595538139,1.6479995251,-18.1279945374,-0.4681539237,0.7994628549,-0.3886837363,-0.2762535512,0.4597308338,-0.3161717653,0.0595594943,0.0780384541,0.0600182414,0.5023702383,0.8034269810,0.2812460363,-0.1525553465,5.8595538139,1.6479995251,-18.1279945374,-0.4681539237,0.7994628549,-0.3886837363,-0.2762535512,0.4597308338,-0.3161717653,0.0595594943,0.0780384541,0.0600182414,0.5023702383,0.8034269810,0.2812460363,-0.1525553465,0.0000000000,0.0000000000,0.0000000000,0.0000000000,0.0000000000,0.0000000000,-0.3105563521,0.3540147245,-0.2910245061,0.9852613807,-0.1663318127,-0.0458522439,0.2984027565,0.6679937243,0.1763561070,-0.6586971283,
7012.319,0.1220740378,-0.1831110567,0.9765923023,0.0671407208,0.0035401471,-1.0107730627,-0.1579638124,-0.0401623584,-0.4213995934,0.0003578663,0.0079230554,-0.0130146146,0.0330674946,0.0910509974,-0.9954054952,0.0052262945,6.0426650047,1.5869624615,-19.1656246185,-0.4781640172,0.7955564857,-0.3900265396,-0.2823572457,0.4644917250,-0.3127536774,0.0515892506,0.0760084391,0.0592841208,0.5015884042,0.8036543131,0.2811377645,-0.1541224718,6.0426650047,1.5869624615,-19.1656246185,-0.4781640172,0.7955564857,-0.3900265396,-0.2823572457,0.4644917250,-0.3127536774,0.0515892506,0.0760084391,0.0592841208,0.5015884042,0.8036543131,0.2811377645,-0.1541224718,0.0000000000,0.0000000000,0.0000000000,0.0000000000,0.0000000000,0.0000000000,-0.3728141189,0.3554795980,-0.3105563521,0.9852613211,-0.1663322896,-0.0458526611,0.2984605730,0.6679782271,0.1764143407,-0.6586710811,
7012.332,0.1220740378,-0.1831110567,1.0376293659,0.0650654659,0.0029297769,-1.0107730627,-0.1552781761,-0.0427259132,-0.4238410592,-0.0016719848,0.0073096724,-0.0130115151,0.0330449715,0.0910544693,-0.9954059720,0.0052228337,6.1647391319,1.5869624615,-19.6539192200,-0.4784081578,0.7950682044,-0.3895382583,-0.2800378501,0.4607074261,-0.3132419884,0.0534324646,0.0774493217,0.0603908300,0.5007870793,0.8038797379,0.2810429037,-0.1557168812,6.1647391319,1.5869624615,-19.6539192200,-0.4784081578,0.7950682044,-0.3895382583,-0.2800378501,0.4607074261,-0.3132419884,0.0534324646,0.0774493217,0.0603908300,0.5007870793,0.8038797379,0.2810429037,-0.1557168812,0.0000000000,0.0000000000,0.0000000000,0.0000000000,0.0000000000,0.0000000000,-0.3735465705,0.3554795980,-0.2910245061,0.9852610826,-0.1663327515,-0.0458527803,0.2985675335,0.6679494977,0.1765224040,-0.6586226821,
7012.345,0.1220740378,-0.1831110567,0.9765923023,0.0659199804,0.0036622211,-1.0106509924,-0.1590624750,-0.0404065065,-0.4261604548,-0.0007765740,0.0080347769,-0.0128867030,0.0330250822,0.0910225660,-0.9954095483,0.0052162507,6.4088869095,1.5869624615,-20.2032527924,-0.4809717238,0.7948240638,-0.3877071440,-0.2821131051,0.4625385404,-0.3159276247,0.0530203879,0.0792044401,0.0628570616,0.4999635816,0.8040965796,0.2809874415,-0.1573350430,6.4088869095,1.5869624615,-20.2032527924,-0.4809717238,0.7948240638,-0.3877071440,-0.2821131051,0.4625385404,-0.3159276247,0.0530203879,0.0792044401,0.0628570616,0.4999635816,0.8040965796,0.2809874415,-0.1573350430,0.0000000000,0.0000000000,0.0000000000,0.0000000000,0.0000000000,0.0000000000,-0.3750114441,0.3554795980,-0.3066499829,0.9852612019,-0.1663332283,-0.0458534360,0.2986329794,0.6679319739,0.1765883565,-0.6585932374,
7012.358,0.1831110567,-0.1831110567,0.9765923023,0.0654316843,0.0031739250,-1.0112613440,-0.1550340354,-0.0430921353,-0.4273812175,-0.0012215897,0.0075522275,-0.0134941936,0.0330031663,0.0910363942,-0.9954090118,0.0052175946,7.0802941322,1.6479995251,-21.4239940643,-0.4871974885,0.7920163870,-0.3848994374,-0.2841883600,0.4637592733,-0.3143406510,0.0491070449,0.0785742998,0.0663708448,0.4990891814,0.8042816520,0.2810861170,-0.1589806527,7.0802941322,1.6479995251,-21.4239940643,-0.4871974885,0.7920163870,-0.3848994374,-0.2841883600,0.4637592733,-0.3143406510,0.0491070449,0.0785742998,0.0663708448,0.4990891814,0.8042816520,0.2810861170,-0.1589806527,0.0000000000,0.0000000000,0.0000000000,0.0000000000,0.0000000000,0.0000000000,-0.3735465705,0.3540147245,-0.3086031675,0.9852609038,-0.1663336754,-0.0458536744,0.2986899614,0.6679165959,0.1766457409,-0.6585674882,
7012.371,0.1220740378,-0.1220740378,1.0376293659,0.0645771697,0.0020752586,-1.0100406408,-0.1573534310,-0.0402844325,-0.4227423966,-0.0020398349,0.0064547597,-0.0122711062,0.0329851918,0.0910029933,-0.9954127669,0.0052154260,7.4465165138,1.6479995251,-21.9122905731,-0.4898831248,0.7900632024,-0.3859981000,-0.2846766710,0.4641254842,-0.3176366389,0.0487875342,0.0788828135,0.0660230517,0.4981735051,0.8044756651,0.2811989784,-0.1606629491,7.4465165138,1.6479995251,-21.9122905731,-0.4898831248,0.7900632024,-0.3859981000,-0.2846766710,0.4641254842,-0.3176366389,0.0487875342,0.0788828135,0.0660230517,0.4981735051,0.8044756651,0.2811989784,-0.1606629491,0.0000000000,0.0000000000,0.0000000000,0.0000000000,0.0000000000,0.0000000000,-0.3737907112,0.3569445014,-0.3066499829,0.9852609634,-0.1663341671,-0.0458542109,0.2987595499,0.6678979397,0.1767158955,-0.6585361362,
7012.384,0.1220740378,-0.1220740378,1.0376293659,0.0661641285,0.0020752586,-1.0110172033,-0.1584521085,-0.0378429517,-0.4282357395,-0.0004242361,0.0064559523,-0.0132457614,0.0329712220,0.0909342468,-0.9954194427,0.0052124360,7.6296272278,1.5869624615,-22.4616222382,-0.4943998456,0.7856684923,-0.3875850737,-0.2846766710,0.4659565985,-0.3175145686,0.0467119813,0.0768355727,0.0652064681,0.4972440600,0.8046370745,0.2814218402,-0.1623347402,7.6296272278,1.5869624615,-22.4616222382,-0.4943998456,0.7856684923,-0.3875850737,-0.2846766710,0.4659565985,-0.3175145686,0.0467119813,0.0768355727,0.0652064681,0.4972440600,0.8046370745,0.2814218402,-0.1623347402,0.0000000000,0.0000000000,0.0000000000,0.0000000000,0.0000000000,0.0000000000,-0.3742789924,0.3574327826,-0.2910245061,0.9852607250,-0.1663346142,-0.0458544493,0.2988699675,0.6678681970,0.1768274754,-0.6584861279,
7012.397,0.1220740378,-0.1220740378,1.0376293659,0.0662862062,0.0019531846,-1.0107730627,-0.1584521085,-0.0363780633,-0.4251838624,-0.0002743602,0.0063356599,-0.0129997730,0.0329577290,0.0908476338,-0.9954277873,0.0052091870,7.8127384186,1.0986663103,-23.2551040649,-0.5059968829,0.7765129805,-0.3967406154,-0.2869960666,0.4642475545,-0.3197118938,0.0377193689,0.0701751709,0.0568290055,0.4962667525,0.8047964573,0.2816570401,-0.1641174108,7.8127384186,1.0986663103,-23.2551040649,-0.5059968829,0.7765129805,-0.3967406154,-0.2869960666,0.4642475545,-0.3197118938,0.0377193689,0.0701751709,0.0568290055,0.4962667525,0.8047964573,0.2816570401,-0.1641174108,0.0000000000,0.0000000000,0.0000000000,0.0000000000,0.0000000000,0.0000000000,-0.3720816672,0.3574327826,-0.3125095367,0.9852606058,-0.1663350761,-0.0458548069,0.2989264429,0.6678529978,0.1768843532,-0.6584606171,
7012.410,0.1220740378,-0.1220740378,1.0376293659,0.0666524246,0.0025635548,-1.0110172033,-0.1585741788,-0.0385753959,-0.4277474284,0.0001177788,0.0069447900,-0.0132421255,0.0329451635,0.0907889754,-0.9954336882,0.0052054450,7.9958496094,0.8545182943,-23.6823635101,-0.5102694631,0.7728507519,-0.4027222395,-0.2899258435,0.4655903876,-0.3158055246,0.0361154675,0.0690886974,0.0516434312,0.4952849448,0.8049106598,0.2820373774,-0.1658613682,7.9958496094,0.8545182943,-23.6823635101,-0.5102694631,0.7728507519,-0.4027222395,-0.2899258435,0.4655903876,-0.3158055246,0.0361154675,0.0690886974,0.0516434312,0.4952849448,0.8049106598,0.2820373774,-0.1658613682,0.0000000000,0.0000000000,0.0000000000,0.0000000000,0.0000000000,0.0000000000,-0.3725699782,0.3603625596,-0.3086031675,0.9852605462,-0.1663355380,-0.0458551645,0.2990000248,0.6678332090,0.1769585907,-0.6584273577,
7012.423,0.1220740378,-0.1220740378,1.0376293659,0.0662862062,0.0035401471,-1.0107730627,-0.1586962491,-0.0401623584,-0.4301889241,-0.0002209023,0.0079153161,-0.0129961371,0.0329319127,0.0907501802,-0.9954376221,0.0051998855,7.9958496094,0.6714072227,-24.1096229553,-0.5117343664,0.7700430155,-0.4039430022,-0.2930997610,0.4635151327,-0.3089693785,0.0373711586,0.0689074993,0.0512025356,0.4943252504,0.8049604893,0.2825860083,-0.1675403267,7.9958496094,0.6714072227,-24.1096229553,-0.5117343664,0.7700430155,-0.4039430022,-0.2930997610,0.4635151327,-0.3089693785,0.0373711586,0.0689074993,0.0512025356,0.4943252504,0.8049604893,0.2825860083,-0.1675403267,0.0000000000,0.0000000000,0.0000000000,0.0000000000,0.0000000000,0.0000000000,-0.3737907112,0.3549913168,-0.3086031675,0.9852604866,-0.1663359851,-0.0458556414,0.2990577519,0.6678176522,0.1770167351,-0.6584013104,
7012.436,0.1220740378,-0.1220740378,1.0376293659,0.0657979101,0.0019531846,-1.0100406408,-0.1607715040,-0.0401623584,-0.4245735109,-0.0006796345,0.0063301432,-0.0122618079,0.0329173133,0.0907074213,-0.9954419732,0.0051980168,7.8737754822,0.5493331552,-24.6589565277,-0.5210120082,0.7674794793,-0.4068727791,-0.2951750159,0.4643696547,-0.3160496950,0.0309011340,0.0690420270,0.0490240157,0.4933381975,0.8050226569,0.2830729187,-0.1693193018,7.8737754822,0.5493331552,-24.6589565277,-0.5210120082,0.7674794793,-0.4068727791,-0.2951750159,0.4643696547,-0.3160496950,0.0309011340,0.0690420270,0.0490240157,0.4933381975,0.8050226569,0.2830729187,-0.1693193018,0.0000000000,0.0000000000,0.0000000000,0.0000000000,0.0000000000,0.0000000000,-0.3725699782,0.3598742783,-0.3105563521,0.9852603674,-0.1663364470,-0.0458561182,0.2991245091,0.6677996516,0.1770840287,-0.6583711505,
7012.449,0.1220740378,-0.1220740378,1.0376293659,0.0668965727,0.0028077029,-1.0110172033,-0.1595507711,-0.0393078402,-0.4305551350,0.0004433393,0.0071822279,-0.0132367015,0.0329055674,0.0906558707,-0.9954470992,0.0051939930,8.0568866730,1.0376293659,-25.6965847015,-0.5278481245,0.7650380135,-0.4107791483,-0.2935880721,0.4679097831,-0.3173924983,0.0269584656,0.0694385171,0.0459432602,0.4923167229,0.8050450683,0.2837375402,-0.1710644215,8.0568866730,1.0376293659,-25.6965847015,-0.5278481245,0.7650380135,-0.4107791483,-0.2935880721,0.4679097831,-0.3173924983,0.0269584656,0.0694385171,0.0459432602,0.4923167229,0.8050450683,0.2837375402,-0.1710644215,0.0000000000,0.0000000000,0.0000000000,0.0000000000,0.0000000000,0.0000000000,-0.3730582595,0.3559679091,-0.3105563521,0.9852604866,-0.1663369238,-0.0458566546,0.2991799414,0.6677847505,0.1771398336,-0.6583461761,
7012.462,0.1220740378,-0.1220740378,0.9765923023,0.0675069466,0.0024414808,-1.0099185705,-0.1613818854,-0.0388195440,-0.4254280329,0.0010745004,0.0068146675,-0.0121366978,0.0328955501,0.0906002373,-0.9954525232,0.0051905420,8.1179237366,1.3428144455,-26.0628070831,-0.5355387926,0.7600329518,-0.4112674296,-0.3009124994,0.4699850380,-0.3194677532,0.0221899748,0.0673390627,0.0463108122,0.4912734032,0.8050562143,0.2844592035,-0.1728042513,8.1179237366,1.3428144455,-26.0628070831,-0.5355387926,0.7600329518,-0.4112674296,-0.3009124994,0.4699850380,-0.3194677532,0.0221899748,0.0673390627,0.0463108122,0.4912734032,0.8050562143,0.2844592035,-0.1728042513,0.0000000000,0.0000000000,0.0000000000,0.0000000000,0.0000000000,0.0000000000,-0.3747673035,0.3554795980,-0.3066499829,0.9852601290,-0.1663373709,-0.0458568335,0.2992423773,0.6677678227,0.1772027761,-0.6583178639,
7012.475,0.1220740378,-0.1220740378,0.9765923023,0.0665303543,0.0037842952,-1.0113834143,-0.1588183194,-0.0435804315,-0.4270149767,0.0001238808,0.0081495382,-0.0135997534,0.0328828990,0.0906118304,-0.9954518676,0.0051857871,8.1789608002,1.5259255171,-26.4290294647,-0.5388348103,0.7551500201,-0.4138309956,-0.3037202060,0.4657124579,-0.3206884861,0.0218355656,0.0654240847,0.0446343422,0.4901925623,0.8050842285,0.2851585746,-0.1745811850,8.1789608002,1.5259255171,-26.4290294647,-0.5388348103,0.7551500201,-0.4138309956,-0.3037202060,0.4657124579,-0.3206884861,0.0218355656,0.0654240847,0.0446343422,0.4901925623,0.8050842285,0.2851585746,-0.1745811850,0.0000000000,0.0000000000,0.0000000000,0.0000000000,0.0000000000,0.0000000000,-0.3745231628,0.3579210937,-0.3105563521,0.9852601886,-0.1663378328,-0.0458574295,0.2993017435,0.6677518487,0.1772625744,-0.6582911015,
7012.488,0.1220740378,-0.1220740378,0.9765923023,0.0679952428,0.0023194067,-1.0107730627,-0.1586962491,-0.0388195440,-0.4297006130,0.0016071871,0.0066839657,-0.0129881501,0.0328739993,0.0905622765,-0.9954568148,0.0051829708,7.9958496094,0.9765923023,-27.1614742279,-0.5378581882,0.7458723783,-0.4109012187,-0.3015228808,0.4686422348,-0.3261818290,0.0258747935,0.0591861010,0.0483700633,0.4891208410,0.8050768375,0.2858848870,-0.1764231771,7.9958496094,0.9765923023,-27.1614742279,-0.5378581882,0.7458723783,-0.4109012187,-0.3015228808,0.4686422348,-0.3261818290,0.0258747935,0.0591861010,0.0483700633,0.4891208410,0.8050768375,0.2858848870,-0.1764231771,0.0000000000,0.0000000000,0.0000000000,0.0000000000,0.0000000000,0.0000000000,-0.3725699782,0.3584093750,-0.3086031675,0.9852598906,-0.1663382798,-0.0458576083,0.2993680537,0.6677339077,0.1773294508,-0.6582610011,
7012.501,0.1220740378,-0.1831110567,1.0376293659,0.0665303543,0.0015869625,-1.0100406408,-0.1584521085,-0.0404065065,-0.4270149767,0.0001782998,0.0059551531,-0.0122534037,0.0328560583,0.0905292332,-0.9954603314,0.0051820539,7.7517013550,0.0610370189,-27.4666576385,-0.5437177420,0.7447736859,-0.4066286087,-0.3055513203,0.4655903876,-0.3244727850,0.0231861472,0.0611446500,0.0532996655,0.4880934060,0.8050215244,0.2866141796,-0.1783274859,7.7517013550,0.0610370189,-27.4666576385,-0.5437177420,0.7447736859,-0.4066286087,-0.3055513203,0.4655903876,-0.3244727850,0.0231861472,0.0611446500,0.0532996655,0.4880934060,0.8050215244,0.2866141796,-0.1783274859,0.0000000000,0.0000000000,0.0000000000,0.0000000000,0.0000000000,0.0000000000,-0.3737907112,0.3608508706,-0.3125095367,0.9852598906,-0.1663387567,-0.0458579659,0.2994304001,0.6677170992,0.1773922741,-0.6582328081,
7012.514,0.1220740378,-0.1831110567,0.9765923023,0.0661641285,0.0026856288,-1.0110172033,-0.1566209942,-0.0415051728,-0.4289681613,-0.0001500621,0.0070513044,-0.0132274032,0.0328373313,0.0905203745,-0.9954617620,0.0051787877,7.6296272278,-0.7934812307,-27.7718429565,-0.5520188212,0.7439191937,-0.4049195945,-0.3039643466,0.4662007391,-0.3239845037,0.0181632638,0.0633841753,0.0555444658,0.4871065319,0.8049073815,0.2874011993,-0.1802642345,7.6296272278,-0.7934812307,-27.7718429565,-0.5520188212,0.7439191937,-0.4049195945,-0.3039643466,0.4662007391,-0.3239845037,0.0181632638,0.0633841753,0.0555444658,0.4871065319,0.8049073815,0.2874011993,-0.1802642345,0.0000000000,0.0000000000,0.0000000000,0.0000000000,0.0000000000,0.0000000000,-0.3733024001,0.3623157442,-0.3125095367,0.9852598906,-0.1663392335,-0.0458584428,0.2994966805,0.6676992178,0.1774591058,-0.6582028270,
7012.527,0.1220740378,-0.1831110567,1.0376293659,0.0665303543,0.0025635548,-1.0112613440,-0.1579638124,-0.0385753959,-0.4221320152,0.0002521724,0.0069280309,-0.0134692192,0.0328197069,0.0904665291,-0.9954672456,0.0051747789,8.0568866730,-0.9765923023,-27.8328800201,-0.5754570365,0.7436750531,-0.4088259637,-0.3044526577,0.4680318534,-0.3237403631,-0.0019318461,0.0663303137,0.0521892309,0.4860986173,0.8047693372,0.2882656157,-0.1822101027,8.0568866730,-0.9765923023,-27.8328800201,-0.5754570365,0.7436750531,-0.4088259637,-0.3044526577,0.4680318534,-0.3237403631,-0.0019318461,0.0663303137,0.0521892309,0.4860986173,0.8047693372,0.2882656157,-0.1822101027,0.0000000000,0.0000000000,0.0000000000,0.0000000000,0.0000000000,0.0000000000,-0.3750114441,0.3569445014,-0.3066499829,0.9852597713,-0.1663396955,-0.0458588600,0.2995614707,0.6676816940,0.1775244176,-0.6581735015,
7012.540,0.1220740378,-0.1831110567,0.9765923023,0.0665303543,0.0029297769,-1.0102847815,-0.1582079530,-0.0396740623,-0.4284798801,0.0002876297,0.0072905268,-0.0124902129,0.0328023806,0.0904304162,-0.9954712391,0.0051701223,8.5451822281,0.0000000000,-27.6497688293,-0.5820490122,0.7385479212,-0.4162724614,-0.3125095367,0.4675435722,-0.3287453949,-0.0052900910,0.0644524693,0.0454703867,0.4849961996,0.8047040105,0.2890783548,-0.1841392219,8.5451822281,0.0000000000,-27.6497688293,-0.5820490122,0.7385479212,-0.4162724614,-0.3125095367,0.4675435722,-0.3287453949,-0.0052900910,0.0644524693,0.0454703867,0.4849961996,0.8047040105,0.2890783548,-0.1841392219,0.0000000000,0.0000000000,0.0000000000,0.0000000000,0.0000000000,0.0000000000,-0.3733024001,0.3579210937,-0.3086031675,0.9852595925,-0.1663401574,-0.0458592176,0.2996247411,0.6676645875,0.1775881946,-0.6581448317,
7012.553,0.1220740378,-0.1831110567,0.9765923023,0.0666524246,0.0019531846,-1.0115054846,-0.1621143222,-0.0385753959,-0.4259163141,0.0004447922,0.0063150558,-0.0137085915,0.0327851363,0.0903711841,-0.9954771399,0.0051671374,8.9724416733,1.0986663103,-27.5276947021,-0.5803399682,0.7317118049,-0.4203009009,-0.3094576895,0.4713278711,-0.3253273070,-0.0004801154,0.0609080791,0.0423506796,0.4838611782,0.8046215177,0.2900920212,-0.1858832538,8.9724416733,1.0986663103,-27.5276947021,-0.5803399682,0.7317118049,-0.4203009009,-0.3094576895,0.4713278711,-0.3253273070,-0.0004801154,0.0609080791,0.0423506796,0.4838611782,0.8046215177,0.2900920212,-0.1858832538,0.0000000000,0.0000000000,0.0000000000,0.0000000000,0.0000000000,0.0000000000,-0.3730582595,0.3584093750,-0.3066499829,0.9852595329,-0.1663406491,-0.0458596349,0.2996940613,0.6676458716,0.1776580960,-0.6581134200,
7012.566,0.1220740378,-0.1831110567,0.9765923023,0.0648213178,0.0020752586,-1.0106509924,-0.1595507711,-0.0402844325,-0.4265266955,-0.0013426542,0.0064376295,-0.0128512383,0.0327635072,0.0903403163,-0.9954805970,0.0051643909,9.0945158005,0.9765923023,-28.2601394653,-0.5689870715,0.7144993544,-0.4192022383,-0.3125095367,0.4692526162,-0.3250831664,0.0140341520,0.0470901132,0.0443838537,0.4826963246,0.8045240641,0.2911654711,-0.1876464784,9.0945158005,0.9765923023,-28.2601394653,-0.5689870715,0.7144993544,-0.4192022383,-0.3125095367,0.4692526162,-0.3250831664,0.0140341520,0.0470901132,0.0443838537,0.4826963246,0.8045240641,0.2911654711,-0.1876464784,0.0000000000,0.0000000000,0.0000000000,0.0000000000,0.0000000000,0.0000000000,-0.3740348518,0.3642689288,-0.3066499829,0.9852594733,-0.1663410962,-0.0458599925,0.2997784019,0.6676230431,0.1777432561,-0.6580751538,
7012.579,0.1220740378,-0.1831110567,1.0376293659,0.0650654659,0.0031739250,-1.0107730627,-0.1579638124,-0.0374767296,-0.4290902317,-0.0010562167,0.0075320639,-0.0129705071,0.0327429585,0.0902718604,-0.9954876304,0.0051581124,8.9114046097,-0.0610370189,-28.8094730377,-0.5717948079,0.7102267742,-0.4168828428,-0.3142185807,0.4721823931,-0.3297219872,0.0145241618,0.0462656021,0.0474945605,0.4815590680,0.8043852448,0.2922267318,-0.1895050257,8.9114046097,-0.0610370189,-28.8094730377,-0.5717948079,0.7102267742,-0.4168828428,-0.3142185807,0.4721823931,-0.3297219872,0.0145241618,0.0462656021,0.0474945605,0.4815590680,0.8043852448,0.2922267318,-0.1895050257,0.0000000000,0.0000000000,0.0000000000,0.0000000000,0.0000000000,0.0000000000,-0.3735465705,0.3588976860,-0.3105563521,0.9852594137,-0.1663415283,-0.0458604097,0.2998382747,0.6676068306,0.1778036058,-0.6580480337,
7012.592,0.1220740378,-0.1220740378,0.9765923023,0.0651875362,0.0034180731,-1.0104068518,-0.1578417271,-0.0367442854,-0.4224982560,-0.0009034276,0.0077700750,-0.0126022100,0.0327282846,0.0902013481,-0.9954943657,0.0051513463,8.7893304825,-1.0986663103,-29.3588066101,-0.5796075463,0.7061983347,-0.4156621099,-0.3162938356,0.4732810557,-0.3298440576,0.0101584792,0.0457565188,0.0493682921,0.4804566801,0.8041834831,0.2933389246,-0.1914318949,8.7893304825,-1.0986663103,-29.3588066101,-0.5796075463,0.7061983347,-0.4156621099,-0.3162938356,0.4732810557,-0.3298440576,0.0101584792,0.0457565188,0.0493682921,0.4804566801,0.8041834831,0.2933389246,-0.1914318949,0.0000000000,0.0000000000,0.0000000000,0.0000000000,0.0000000000,0.0000000000,-0.3745231628,0.3569445014,-0.3105563521,0.9852592945,-0.1663419753,-0.0458607078,0.2998919189,0.6675922871,0.1778576374,-0.6580237150,
7012.605,0.1220740378,-0.1831110567,1.0376293659,0.0643330216,0.0032959990,-1.0105289221,-0.1585741788,-0.0380870998,-0.4306772053,-0.0017125085,0.0076432005,-0.0127212405,0.0327061564,0.0901397541,-0.9955009222,0.0051448727,8.9114046097,-2.1973326206,-29.9081401825,-0.5909604430,0.7007049918,-0.4176152945,-0.3188574016,0.4710837007,-0.3310647905,0.0024150014,0.0438911915,0.0479611456,0.4793501794,0.8039524555,0.2944352329,-0.1934817433,8.9114046097,-2.1973326206,-29.9081401825,-0.5909604430,0.7007049918,-0.4176152945,-0.3188574016,0.4710837007,-0.3310647905,0.0024150014,0.0438911915,0.0479611456,0.4793501794,0.8039524555,0.2944352329,-0.1934817433,0.0000000000,0.0000000000,0.0000000000,0.0000000000,0.0000000000,0.0000000000,-0.3745231628,0.3584093750,-0.3086031675,0.9852591157,-0.1663424373,-0.0458610654,0.2999541759,0.6675754189,0.1779203862,-0.6579954624,
7012.618,0.1220740378,-0.1220740378,0.9765923023,0.0670186505,0.0031739250,-1.0100406408,-0.1578417271,-0.0407727286,-0.4227423966,0.0009943321,0.0075162374,-0.0122315288,0.0326958969,0.0901220143,-0.9955027103,0.0051408964,9.1555528641,-2.0752587318,-30.0912494659,-0.5958433747,0.6999725103,-0.4176152945,-0.3225196004,0.4725486040,-0.3291116059,0.0011330247,0.0468385816,0.0485338569,0.4782408774,0.8036893606,0.2956372201,-0.1954765171,9.1555528641,-2.0752587318,-30.0912494659,-0.5958433747,0.6999725103,-0.4176152945,-0.3225196004,0.4725486040,-0.3291116059,0.0011330247,0.0468385816,0.0485338569,0.4782408774,0.8036893606,0.2956372201,-0.1954765171,0.0000000000,0.0000000000,0.0000000000,0.0000000000,0.0000000000,0.0000000000,-0.3713492155,0.3588976860,-0.3125095367,0.9852589965,-0.1663429290,-0.0458614230,0.3000096381,0.6675603986,0.1779762506,-0.6579703093,
7012.631,0.0610370189,-0.1220740378,0.9765923023,0.0648213178,0.0031739250,-1.0111392736,-0.1556444019,-0.0412610248,-0.4273812175,-0.0011707768,0.0075007547,-0.0133280158,0.0326805525,0.0901154801,-0.9955039620,0.0051315101,9.5828123093,-1.7090365887,-30.2133235931,-0.6024353504,0.6977751851,-0.4187139571,-0.3241065741,0.4699850380,-0.3377788663,-0.0018861890,0.0483903885,0.0480832458,0.4770466387,0.8034995794,0.2966993153,-0.1975547671,9.5828123093,-1.7090365887,-30.2133235931,-0.6024353504,0.6977751851,-0.4187139571,-0.3241065741,0.4699850380,-0.3377788663,-0.0018861890,0.0483903885,0.0480832458,0.4770466387,0.8034995794,0.2966993153,-0.1975547671,0.0000000000,0.0000000000,0.0000000000,0.0000000000,0.0000000000,0.0000000000,-0.3735465705,0.3623157442,-0.3066499829,0.9852589965,-0.1663434058,-0.0458618402,0.3000873923,0.6675393581,0.1780547202,-0.6579350233,
7012.644,0.1220740378,-0.1220740378,0.9765923023,0.0645771697,0.0037842952,-1.0104068518,-0.1544236541,-0.0397961363,-0.4243293703,-0.0013818741,0.0081033166,-0.0125933290,0.0326645300,0.0900942981,-0.9955064058,0.0051254304,10.5594043732,-1.0376293659,-30.5185089111,-0.6059755087,0.6903286576,-0.4133426845,-0.3241065741,0.4724265337,-0.3379009366,-0.0018781424,0.0448247790,0.0542578697,0.4757774770,0.8033198118,0.2978606224,-0.1995883882,10.5594043732,-1.0376293659,-30.5185089111,-0.6059755087,0.6903286576,-0.4133426845,-0.3241065741,0.4724265337,-0.3379009366,-0.0018781424,0.0448247790,0.0542578697,0.4757774770,0.8033198118,0.2978606224,-0.1995883882,0.0000000000,0.0000000000,0.0000000000,0.0000000000,0.0000000000,0.0000000000,-0.3737907112,0.3603625596,-0.3125095367,0.9852589369,-0.1663438678,-0.0458621979,0.3001447618,0.6675238013,0.1781125367,-0.6579089761,
7012.657,0.1220740378,-0.1220740378,0.9765923023,0.0649433881,0.0026856288,-1.0110172033,-0.1544236541,-0.0410168767,-0.4289681613,-0.0009843856,0.0070023136,-0.0132016540,0.0326490737,0.0900880769,-0.9955074787,0.0051226481,11.0477008820,-1.0376293659,-30.6405830383,-0.6093935966,0.6844691038,-0.4094363153,-0.3256935477,0.4725486040,-0.3359477520,-0.0017445683,0.0429164767,0.0589990616,0.4744901061,0.8031210899,0.2990948260,-0.2015972137,11.0477008820,-1.0376293659,-30.6405830383,-0.6093935966,0.6844691038,-0.4094363153,-0.3256935477,0.4725486040,-0.3359477520,-0.0017445683,0.0429164767,0.0589990616,0.4744901061,0.8031210899,0.2990948260,-0.2015972137,0.0000000000,0.0000000000,0.0000000000,0.0000000000,0.0000000000,0.0000000000,-0.3728141189,0.3642689288,-0.3105563521,0.9852588177,-0.1663443595,-0.0458625555,0.3002178073,0.6675040126,0.1781862527,-0.6578757763,
7012.670,0.1220740378,-0.0610370189,1.0376293659,0.0654316843,0.0018311106,-1.0116275549,-0.1564989239,-0.0402844325,-0.4282357395,-0.0004777610,0.0061503914,-0.0138107538,0.0326399542,0.0900614932,-0.9955101609,0.0051222416,11.4139223099,-1.2817773819,-30.9457683563,-0.6117129922,0.6771447062,-0.4133426845,-0.3261818290,0.4734031260,-0.3300881982,-0.0004811287,0.0396378636,0.0559536815,0.4731999040,0.8028699756,0.3004853427,-0.2035526335,11.4139223099,-1.2817773819,-30.9457683563,-0.6117129922,0.6771447062,-0.4133426845,-0.3261818290,0.4734031260,-0.3300881982,-0.0004811287,0.0396378636,0.0559536815,0.4731999040,0.8028699756,0.3004853427,-0.2035526335,0.0000000000,0.0000000000,0.0000000000,0.0000000000,0.0000000000,0.0000000000,-0.3740348518,0.3628040552,-0.3125095367,0.9852586985,-0.1663448066,-0.0458628535,0.3002810180,0.6674868464,0.1782499850,-0.6578470469,
7012.683,0.1220740378,-0.0610370189,1.0376293659,0.0648213178,0.0018311106,-1.0110172033,-0.1557664722,-0.0385753959,-0.4209112823,-0.0010670871,0.0061529647,-0.0131990314,0.0326295793,0.0900164619,-0.9955145717,0.0051210965,11.9022188187,-1.3428144455,-31.1899166107,-0.6341746449,0.6717734337,-0.4315317273,-0.3275246322,0.4725486040,-0.3310647905,-0.0193136334,0.0384680033,0.0387109220,0.4718360603,0.8026295900,0.3019113541,-0.2055466622,11.9022188187,-1.3428144455,-31.1899166107,-0.6341746449,0.6717734337,-0.4315317273,-0.3275246322,0.4725486040,-0.3310647905,-0.0193136334,0.0384680033,0.0387109220,0.4718360603,0.8026295900,0.3019113541,-0.2055466622,0.0000000000,0.0000000000,0.0000000000,0.0000000000,0.0000000000,0.0000000000,-0.3713492155,0.3657338321,-0.3125095367,0.9852586389,-0.1663452983,-0.0458633304,0.3003533483,0.6674672365,0.1783229560,-0.6578142047,
7012.696,0.1220740378,-0.1220740378,0.9765923023,0.0665303543,0.0023194067,-1.0107730627,-0.1584521085,-0.0404065065,-0.4298226833,0.0006649792,0.0066407039,-0.0129533410,0.0326182432,0.0899916142,-0.9955171943,0.0051189642,12.2074041367,-0.1831110567,-31.1899166107,-0.6375926733,0.6685994864,-0.4433729053,-0.3315531015,0.4724265337,-0.3303323388,-0.0192391872,0.0395545363,0.0280065835,0.4704109430,0.8024085760,0.3034363389,-0.2074217498,12.2074041367,-0.1831110567,-31.1899166107,-0.6375926733,0.6685994864,-0.4433729053,-0.3315531015,0.4724265337,-0.3303323388,-0.0192391872,0.0395545363,0.0280065835,0.4704109430,0.8024085760,0.3034363389,-0.2074217498,0.0000000000,0.0000000000,0.0000000000,0.0000000000,0.0000000000,0.0000000000,-0.3715933859,0.3652455211,-0.3105563521,0.9852583408,-0.1663457453,-0.0458633900,0.3004286289,0.6674467325,0.1783989519,-0.6577798724,
7012.709,0.1220740378,-0.1220740378,1.0376293659,0.0662862062,0.0030518509,-1.0111392736,-0.1555223316,-0.0386974700,-0.4282357395,0.0004450977,0.0073696803,-0.0133180022,0.0326065198,0.0899476707,-0.9955217838,0.0051147002,12.6346626282,1.4038513899,-31.3730278015,-0.6417432427,0.6617633700,-0.4499649107,-0.3339945674,0.4756004512,-0.3270363510,-0.0200328231,0.0370714068,0.0227852464,0.4689265490,0.8021797538,0.3051656187,-0.2091239095,12.6346626282,1.4038513899,-31.3730278015,-0.6417432427,0.6617633700,-0.4499649107,-0.3339945674,0.4756004512,-0.3270363510,-0.0200328231,0.0370714068,0.0227852464,0.4689265490,0.8021797538,0.3051656187,-0.2091239095,0.0000000000,0.0000000000,0.0000000000,0.0000000000,0.0000000000,0.0000000000,-0.3723258078,0.3662221134,-0.3066499829,0.9852584600,-0.1663462222,-0.0458641052,0.3005155325,0.6674231887,0.1784867048,-0.6577404141,
7012.722,0.1220740378,-0.1220740378,1.0376293659,0.0659199804,0.0029297769,-1.0117496252,-0.1569872200,-0.0401623584,-0.4293344021,0.0001050532,0.0072447606,-0.0139266253,0.0325937420,0.0899188370,-0.9955246449,0.0051111574,12.8788108826,2.7466659546,-32.1054725647,-0.6391796470,0.6410107613,-0.4494765997,-0.3383892477,0.4726706743,-0.3306985795,-0.0141515136,0.0208267570,0.0248306394,0.4673431516,0.8019796014,0.3069619536,-0.2108002752,12.8788108826,2.7466659546,-32.1054725647,-0.6391796470,0.6410107613,-0.4494765997,-0.3383892477,0.4726706743,-0.3306985795,-0.0141515136,0.0208267570,0.0248306394,0.4673431516,0.8019796014,0.3069619536,-0.2108002752,0.0000000000,0.0000000000,0.0000000000,0.0000000000,0.0000000000,0.0000000000,-0.3745231628,0.3652455211,-0.3066499829,0.9852581024,-0.1663466543,-0.0458641648,0.3005980253,0.6674006581,0.1785700321,-0.6577027440,
7012.735,0.1220740378,-0.1831110567,0.9155552983,0.0656758323,0.0030518509,-1.0104068518,-0.1590624750,-0.0385753959,-0.4306772053,-0.0001017600,0.0073619727,-0.0125813484,0.0325755663,0.0898747519,-0.9955292344,0.0051056077,12.7567367554,1.8921475410,-32.5937690735,-0.6435743570,0.6330759525,-0.4444715679,-0.3405865729,0.4707174897,-0.3308206499,-0.0151112676,0.0174675584,0.0312550366,0.4657904208,0.8017230630,0.3087830544,-0.2125464082,12.7567367554,1.8921475410,-32.5937690735,-0.6435743570,0.6330759525,-0.4444715679,-0.3405865729,0.4707174897,-0.3308206499,-0.0151112676,0.0174675584,0.0312550366,0.4657904208,0.8017230630,0.3087830544,-0.2125464082,0.0000000000,0.0000000000,0.0000000000,0.0000000000,0.0000000000,0.0000000000,-0.3713492155,0.3662221134,-0.3105563521,0.9852584600,-0.1663471609,-0.0458650589,0.3006749153,0.6673799157,0.1786476374,-0.6576679349,
7012.748,0.1220740378,-0.1831110567,0.9155552983,0.0653096139,0.0026856288,-1.0110172033,-0.1578417271,-0.0352793969,-0.4295785427,-0.0004288256,0.0069927210,-0.0131890774,0.0325566046,0.0897915736,-0.9955374002,0.0050996123,12.6346626282,0.6714072227,-33.0820655823,-0.6522415876,0.6292916536,-0.4412976503,-0.3438825607,0.4701071084,-0.3372905552,-0.0201956034,0.0183263421,0.0356654227,0.4642544687,0.8014383912,0.3105178475,-0.2144440413,12.6346626282,0.6714072227,-33.0820655823,-0.6522415876,0.6292916536,-0.4412976503,-0.3438825607,0.4701071084,-0.3372905552,-0.0201956034,0.0183263421,0.0356654227,0.4642544687,0.8014383912,0.3105178475,-0.2144440413,0.0000000000,0.0000000000,0.0000000000,0.0000000000,0.0000000000,0.0000000000,-0.3720816672,0.3667104244,-0.3105563521,0.9852580428,-0.1663475484,-0.0458650589,0.3007521927,0.6673587561,0.1787256896,-0.6576325893,
7012.761,0.1220740378,-0.1220740378,0.9765923023,0.0657979101,0.0020752586,-1.0105289221,-0.1563768387,-0.0397961363,-0.4310434163,0.0000852793,0.0063830451,-0.0126991272,0.0325438343,0.0897654369,-0.9955402017,0.0050979406,12.5736255646,-0.3051851094,-33.4482879639,-0.6638386250,0.6283150911,-0.4441053569,-0.3452253938,0.4762108326,-0.3360698223,-0.0281032324,0.0220579505,0.0339605510,0.4627690017,0.8010687232,0.3123545349,-0.2163605988,12.5736255646,-0.3051851094,-33.4482879639,-0.6638386250,0.6283150911,-0.4441053569,-0.3452253938,0.4762108326,-0.3360698223,-0.0281032324,0.0220579505,0.0339605510,0.4627690017,0.8010687232,0.3123545349,-0.2163605988,0.0000000000,0.0000000000,0.0000000000,0.0000000000,0.0000000000,0.0000000000,-0.3745231628,0.3642689288,-0.3125095367,0.9852579832,-0.1663479954,-0.0458654165,0.3008163869,0.6673412919,0.1787904352,-0.6576033831,
7012.774,0.1220740378,-0.1831110567,0.9765923023,0.0666524246,0.0021973327,-1.0115054846,-0.1586962491,-0.0371105075,-0.4318979383,0.0009722337,0.0065052095,-0.0136735439,0.0325279981,0.0896986872,-0.9955466986,0.0050943438,12.6346626282,-0.0610370189,-33.5703620911,-0.6642048359,0.6235541701,-0.4454481602,-0.3459578156,0.4758445919,-0.3429059684,-0.0248249769,0.0220416188,0.0337487161,0.4612422884,0.8007304072,0.3141221106,-0.2183050960,12.6346626282,-0.0610370189,-33.5703620911,-0.6642048359,0.6235541701,-0.4454481602,-0.3459578156,0.4758445919,-0.3429059684,-0.0248249769,0.0220416188,0.0337487161,0.4612422884,0.8007304072,0.3141221106,-0.2183050960,0.0000000000,0.0000000000,0.0000000000,0.0000000000,0.0000000000,0.0000000000,-0.3742789924,0.3681752980,-0.3066499829,0.9852579832,-0.1663485020,-0.0458659530,0.3009054363,0.6673170924,0.1788803786,-0.6575628519,
7012.787,0.1220740378,-0.1831110567,0.9765923023,0.0648213178,0.0036622211,-1.0110172033,-0.1594287008,-0.0382091738,-0.4299447536,-0.0008177906,0.0079629431,-0.0131825209,0.0325080976,0.0896451846,-0.9955523014,0.0050871819,12.6956996918,0.2441480756,-33.6924362183,-0.6617633700,0.6150090098,-0.4471572042,-0.3476668596,0.4742576480,-0.3463240564,-0.0187906623,0.0182842016,0.0332161486,0.4596805871,0.8004077673,0.3158757687,-0.2202432156,12.6956996918,0.2441480756,-33.6924362183,-0.6617633700,0.6150090098,-0.4471572042,-0.3476668596,0.4742576480,-0.3463240564,-0.0187906623,0.0182842016,0.0332161486,0.4596805871,0.8004077673,0.3158757687,-0.2202432156,0.0000000000,0.0000000000,0.0000000000,0.0000000000,0.0000000000,0.0000000000,-0.3725699782,0.3686636090,-0.3066499829,0.9852577448,-0.1663489193,-0.0458661318,0.3009962440,0.6672922969,0.1789721400,-0.6575213671,
7012.800,0.1220740378,-0.1831110567,0.9765923023,0.0651875362,0.0029297769,-1.0112613440,-0.1547898799,-0.0354014710,-0.4259163141,-0.0004123747,0.0072269905,-0.0134240389,0.0324891061,0.0895676762,-0.9955597520,0.0050811423,12.3294782639,-0.0610370189,-34.3638420105,-0.6568803787,0.5962095857,-0.4557023942,-0.3502304256,0.4743797183,-0.3460798860,-0.0102567673,0.0043799281,0.0258244574,0.4581151307,0.8000366688,0.3177236021,-0.2221870869,12.3294782639,-0.0610370189,-34.3638420105,-0.6568803787,0.5962095857,-0.4557023942,-0.3502304256,0.4743797183,-0.3460798860,-0.0102567673,0.0043799281,0.0258244574,0.4581151307,0.8000366688,0.3177236021,-0.2221870869,0.0000000000,0.0000000000,0.0000000000,0.0000000000,0.0000000000,0.0000000000,-0.3733024001,0.3696402013,-0.3105563521,0.9852576852,-0.1663493961,-0.0458664894,0.3010790646,0.6672697067,0.1790557951,-0.6574835777,
7012.813,0.1220740378,-0.1220740378,0.9765923023,0.0646992400,0.0024414808,-1.0099185705,-0.1604052931,-0.0397961363,-0.4266487658,-0.0008703694,0.0067376001,-0.0120792985,0.0324742123,0.0895333886,-0.9955635667,0.0050781146,11.6580705643,-0.9765923023,-34.9131736755,-0.6666463017,0.5891293287,-0.4633930624,-0.3515732288,0.4735251963,-0.3421735168,-0.0162568688,0.0022535324,0.0191237926,0.4566146731,0.7995678782,0.3196766973,-0.2241531014,11.6580705643,-0.9765923023,-34.9131736755,-0.6666463017,0.5891293287,-0.4633930624,-0.3515732288,0.4735251963,-0.3421735168,-0.0162568688,0.0022535324,0.0191237926,0.4566146731,0.7995678782,0.3196766973,-0.2241531014,0.0000000000,0.0000000000,0.0000000000,0.0000000000,0.0000000000,0.0000000000,-0.3718375266,0.3725699782,-0.3066499829,0.9852575660,-0.1663498729,-0.0458669662,0.3011797667,0.6672422290,0.1791575700,-0.6574376225,
7012.826,0.1220740378,-0.1220740378,1.0376293659,0.0650654659,0.0025635548,-1.0108951330,-0.1579638124,-0.0382091738,-0.4306772053,-0.0004753843,0.0068586804,-0.0130539536,0.0324602015,0.0894789547,-0.9955687523,0.0050745546,11.2308111191,-1.5259255171,-35.4625091553,-0.6825159192,0.5847346187,-0.4665669799,-0.3569445014,0.4745017886,-0.3426618278,-0.0282599926,0.0028883815,0.0168126225,0.4551529884,0.7990240455,0.3217047751,-0.2261547297,11.2308111191,-1.5259255171,-35.4625091553,-0.6825159192,0.5847346187,-0.4665669799,-0.3569445014,0.4745017886,-0.3426618278,-0.0282599926,0.0028883815,0.0168126225,0.4551529884,0.7990240455,0.3217047751,-0.2261547297,0.0000000000,0.0000000000,0.0000000000,0.0000000000,0.0000000000,0.0000000000,-0.3747673035,0.3642689288,-0.3125095367,0.9852576852,-0.1663503349,-0.0458675623,0.3012416959,0.6672253609,0.1792200059,-0.6574094892,
7012.839,0.1220740378,-0.1220740378,0.9765923023,0.0645771697,0.0024414808,-1.0111392736,-0.1551561058,-0.0393078402,-0.4253059626,-0.0009326860,0.0067355256,-0.0132960677,0.0324449167,0.0894529298,-0.9955717325,0.0050717746,11.6580705643,-0.0610370189,-36.1339149475,-0.7103488445,0.5816828012,-0.4675435722,-0.3534043431,0.4721823931,-0.3459578156,-0.0522534847,0.0050422549,0.0168605745,0.4535881579,0.7985062599,0.3237798810,-0.2281572074,11.6580705643,-0.0610370189,-36.1339149475,-0.7103488445,0.5816828012,-0.4675435722,-0.3534043431,0.4721823931,-0.3459578156,-0.0522534847,0.0050422549,0.0168605745,0.4535881579,0.7985062599,0.3237798810,-0.2281572074,0.0000000000,0.0000000000,0.0000000000,0.0000000000,0.0000000000,0.0000000000,-0.3733024001,0.3691518903,-0.3105563521,0.9852573276,-0.1663507670,-0.0458677411,0.3013219535,0.6672033668,0.1793010682,-0.6573727727,
7012.852,0.1220740378,-0.1220740378,0.9765923023,0.0634784997,0.0030518509,-1.0105289221,-0.1574755162,-0.0405285805,-0.4229865372,-0.0019952729,0.0073417905,-0.0126833320,0.0324271843,0.0894372836,-0.9955736995,0.0050675999,12.3905143738,1.2817773819,-36.2559890747,-0.7181615829,0.5775322914,-0.4621722996,-0.3579210937,0.4741355777,-0.3466902673,-0.0563440323,0.0061948895,0.0234422386,0.4519505203,0.7980054617,0.3259416521,-0.2300727069,12.3905143738,1.2817773819,-36.2559890747,-0.7181615829,0.5775322914,-0.4621722996,-0.3579210937,0.4741355777,-0.3466902673,-0.0563440323,0.0061948895,0.0234422386,0.4519505203,0.7980054617,0.3259416521,-0.2300727069,0.0000000000,0.0000000000,0.0000000000,0.0000000000,0.0000000000,0.0000000000,-0.3745231628,0.3681752980,-0.3066499829,0.9852574468,-0.1663512737,-0.0458684564,0.3014083207,0.6671798229,0.1793882847,-0.6573334336,
7012.865,0.1220740378,-0.1220740378,0.9765923023,0.0628681332,0.0040284432,-1.0102847815,-0.1552781761,-0.0375988036,-0.4243293703,-0.0025668144,0.0083094593,-0.0124366283,0.0324084684,0.0893891975,-0.9955786467,0.0050598462,13.1839962006,2.5635547638,-36.0728797913,-0.7257301807,0.5699636936,-0.4611957073,-0.3624378145,0.4737693369,-0.3491317630,-0.0603346825,0.0040127039,0.0258340836,0.4502213597,0.7975516319,0.3281305432,-0.2319177240,13.1839962006,2.5635547638,-36.0728797913,-0.7257301807,0.5699636936,-0.4611957073,-0.3624378145,0.4737693369,-0.3491317630,-0.0603346825,0.0040127039,0.0258340836,0.4502213597,0.7975516319,0.3281305432,-0.2319177240,0.0000000000,0.0000000000,0.0000000000,0.0000000000,0.0000000000,0.0000000000,-0.3730582595,0.3701284826,-0.3086031675,0.9852571487,-0.1663516909,-0.0458686352,0.3014953136,0.6671559811,0.1794761866,-0.6572936177,
7012.878,0.1831110567,-0.0610370189,0.9765923023,0.0642109439,0.0034180731,-1.0100406408,-0.1591845453,-0.0365001373,-0.4212774932,-0.0012026876,0.0077038491,-0.0121911168,0.0323979855,0.0893181935,-0.9955853224,0.0050589512,14.5878477097,4.8219246864,-35.7066574097,-0.7251197696,0.5507980585,-0.4721823931,-0.3645130694,0.4731589854,-0.3529160321,-0.0564108491,-0.0096127987,0.0167112648,0.4482911825,0.7972218990,0.3303447068,-0.2336411327,14.5878477097,4.8219246864,-35.7066574097,-0.7251197696,0.5507980585,-0.4721823931,-0.3645130694,0.4731589854,-0.3529160321,-0.0564108491,-0.0096127987,0.0167112648,0.4482911825,0.7972218990,0.3303447068,-0.2336411327,0.0000000000,0.0000000000,0.0000000000,0.0000000000,0.0000000000,0.0000000000,-0.3718375266,0.3686636090,-0.3105563521,0.9852571487,-0.1663521975,-0.0458690524,0.3015738726,0.6671345234,0.1795554906,-0.6572577357,
7012.891,0.1220740378,-0.0610370189,0.9765923023,0.0636005774,0.0035401471,-1.0102847815,-0.1560106277,-0.0371105075,-0.4232306778,-0.0017887875,0.0078194253,-0.0124336481,0.0323864520,0.0892627090,-0.9955908060,0.0050528198,14.7099218369,5.2491836548,-35.6456184387,-0.7213354707,0.5440840125,-0.4814600050,-0.3648793101,0.4704733491,-0.3488875926,-0.0494218469,-0.0107570887,0.0093879402,0.4463410974,0.7968832254,0.3326330781,-0.2352778614,14.7099218369,5.2491836548,-35.6456184387,-0.7213354707,0.5440840125,-0.4814600050,-0.3648793101,0.4704733491,-0.3488875926,-0.0494218469,-0.0107570887,0.0093879402,0.4463410974,0.7968832254,0.3326330781,-0.2352778614,0.0000000000,0.0000000000,0.0000000000,0.0000000000,0.0000000000,0.0000000000,-0.3750114441,0.3706167936,-0.3125095367,0.9852570891,-0.1663526893,-0.0458694696,0.3016505837,0.6671135426,0.1796329468,-0.6572226882,
7012.904,0.1220740378,-0.0610370189,0.9155552983,0.0643330216,0.0029297769,-1.0105289221,-0.1564989239,-0.0415051728,-0.4190801680,-0.0010357425,0.0072049107,-0.0126764178,0.0323763303,0.0892697200,-0.9955904484,0.0050500613,14.4657735825,5.3712577820,-35.7676925659,-0.7221900225,0.5399334431,-0.4871974885,-0.3693960309,0.4719382226,-0.3455916047,-0.0471240282,-0.0093235970,0.0056002438,0.4444218576,0.7964877486,0.3350366354,-0.2368340045,14.4657735825,5.3712577820,-35.7676925659,-0.7221900225,0.5399334431,-0.4871974885,-0.3693960309,0.4719382226,-0.3455916047,-0.0471240282,-0.0093235970,0.0056002438,0.4444218576,0.7964877486,0.3350366354,-0.2368340045,0.0000000000,0.0000000000,0.0000000000,0.0000000000,0.0000000000,0.0000000000,-0.3737907112,0.3691518903,-0.3125095367,0.9852569699,-0.1663531512,-0.0458698273,0.3017237186,0.6670935154,0.1797067821,-0.6571892500,
7012.917,0.1220740378,-0.0610370189,0.9765923023,0.0637226477,0.0019531846,-1.0108951330,-0.1518601030,-0.0378429517,-0.4235969186,-0.0016224682,0.0062297145,-0.0130410194,0.0323646516,0.0892348289,-0.9955939651,0.0050485632,13.9774770737,5.3712577820,-35.7676925659,-0.7368388772,0.5357829332,-0.4860988259,-0.3691518903,0.4716940820,-0.3492538333,-0.0586264133,-0.0078971386,0.0085587502,0.4425320923,0.7960633039,0.3374249637,-0.2384042293,13.9774770737,5.3712577820,-35.7676925659,-0.7368388772,0.5357829332,-0.4860988259,-0.3691518903,0.4716940820,-0.3492538333,-0.0586264133,-0.0078971386,0.0085587502,0.4425320923,0.7960633039,0.3374249637,-0.2384042293,0.0000000000,0.0000000000,0.0000000000,0.0000000000,0.0000000000,0.0000000000,-0.3747673035,0.3720816672,-0.3125095367,0.9852567911,-0.1663535982,-0.0458700657,0.3018036485,0.6670715809,0.1797875166,-0.6571526527,
7012.930,0.1220740378,-0.0610370189,0.9765923023,0.0664082766,0.0020752586,-1.0121158361,-0.1562547684,-0.0404065065,-0.4179815054,0.0010738671,0.0063525848,-0.0142610669,0.0323593318,0.0892233476,-0.9955951571,0.0050481074,14.0995512009,5.6154055595,-35.7676925659,-0.7417218685,0.5326090455,-0.4798730314,-0.3718375266,0.4715720117,-0.3523056805,-0.0604084730,-0.0054750443,0.0166376531,0.4406369925,0.7956312299,0.3398085237,-0.2399660647,14.0995512009,5.6154055595,-35.7676925659,-0.7417218685,0.5326090455,-0.4798730314,-0.3718375266,0.4715720117,-0.3523056805,-0.0604084730,-0.0054750443,0.0166376531,0.4406369925,0.7956312299,0.3398085237,-0.2399660647,0.0000000000,0.0000000000,0.0000000000,0.0000000000,0.0000000000,0.0000000000,-0.3750114441,0.3691518903,-0.3066499829,0.9852567315,-0.1663540751,-0.0458704829,0.3018898666,0.6670479774,0.1798746139,-0.6571131945,
7012.943,0.1220740378,-0.0610370189,0.9765923023,0.0651875362,0.0029297769,-1.0108951330,-0.1566209942,-0.0408948027,-0.4228644669,-0.0001306161,0.0072036632,-0.0130392909,0.0323514119,0.0892161950,-0.9955961704,0.0050454321,14.4047365189,6.0426650047,-35.7066574097,-0.7472152114,0.5245521665,-0.4756004512,-0.3787957430,0.4738914073,-0.3541367948,-0.0628610253,-0.0078880191,0.0228080451,0.4387246668,0.7951847315,0.3422409594,-0.2414879650,14.4047365189,6.0426650047,-35.7066574097,-0.7472152114,0.5245521665,-0.4756004512,-0.3787957430,0.4738914073,-0.3541367948,-0.0628610253,-0.0078880191,0.0228080451,0.4387246668,0.7951847315,0.3422409594,-0.2414879650,0.0000000000,0.0000000000,0.0000000000,0.0000000000,0.0000000000,0.0000000000,-0.3740348518,0.3701284826,-0.2968840599,0.9852566719,-0.1663545817,-0.0458709598,0.3020036221,0.6670168042,0.1799896657,-0.6570611000,
7012.956,0.1220740378,0.0000000000,0.9765923023,0.0657979101,0.0025635548,-1.0110172033,-0.1573534310,-0.0416272469,-0.4260383844,0.0004823506,0.0068358243,-0.0131611824,0.0323501937,0.0892157406,-0.9955962300,0.0050444962,15.3813285828,6.8971829414,-35.4625091553,-0.7518540025,0.5052644610,-0.4727927446,-0.3812372088,0.4726706743,-0.3527939618,-0.0645571351,-0.0214067698,0.0276907086,0.4367216825,0.7947654128,0.3447218835,-0.2429659367,15.3813285828,6.8971829414,-35.4625091553,-0.7518540025,0.5052644610,-0.4727927446,-0.3812372088,0.4726706743,-0.3527939618,-0.0645571351,-0.0214067698,0.0276907086,0.4367216825,0.7947654128,0.3447218835,-0.2429659367,0.0000000000,0.0000000000,0.0000000000,0.0000000000,0.0000000000,0.0000000000,-0.3733024001,0.3730582595,-0.3066499829,0.9852566123,-0.1663550287,-0.0458714366,0.3021000922,0.6669903398,0.1800871789,-0.6570169330,
7012.969,0.1220740378,0.0000000000,0.9765923023,0.0643330216,0.0034180731,-1.0105289221,-0.1543015838,-0.0382091738,-0.4244514406,-0.0009728968,0.0076845037,-0.0126721859,0.0323458314,0.0891794562,-0.9955995679,0.0050399769,15.8085880280,7.3854794502,-35.3404350281,-0.7558824420,0.5047761202,-0.4853663743,-0.3844111562,0.4726706743,-0.3559679091,-0.0657626987,-0.0160843730,0.0173078477,0.4346625209,0.7943763137,0.3471987545,-0.2444000095,15.8085880280,7.3854794502,-35.3404350281,-0.7558824420,0.5047761202,-0.4853663743,-0.3844111562,0.4726706743,-0.3559679091,-0.0657626987,-0.0160843730,0.0173078477,0.4346625209,0.7943763137,0.3471987545,-0.2444000095,0.0000000000,0.0000000000,0.0000000000,0.0000000000,0.0000000000,0.0000000000,-0.3733024001,0.3691518903,-0.3105563521,0.9852564931,-0.1663555354,-0.0458717942,0.3021760583,0.6669694781,0.1801638752,-0.6569821239,
7012.982,0.1220740378,0.0000000000,0.9155552983,0.0655537620,0.0014648885,-1.0117496252,-0.1578417271,-0.0393078402,-0.4293344021,0.0002517626,0.0057344716,-0.0138927102,0.0323438719,0.0891524926,-0.9956020713,0.0050404961,16.2358474731,8.3620719910,-35.0352478027,-0.7586901188,0.4996490479,-0.4942777753,-0.3805047870,0.4738914073,-0.3543809354,-0.0659148097,-0.0153713226,0.0107544661,0.4325450063,0.7940171361,0.3497092426,-0.2457411438,16.2358474731,8.3620719910,-35.0352478027,-0.7586901188,0.4996490479,-0.4942777753,-0.3805047870,0.4738914073,-0.3543809354,-0.0659148097,-0.0153713226,0.0107544661,0.4325450063,0.7940171361,0.3497092426,-0.2457411438,0.0000000000,0.0000000000,0.0000000000,0.0000000000,0.0000000000,0.0000000000,-0.3713492155,0.3706167936,-0.3066499829,0.9852563739,-0.1663559973,-0.0458721519,0.3022663295,0.6669446826,0.1802551001,-0.6569407582,
7012.995,0.1220740378,-0.0610370189,0.9765923023,0.0657979101,0.0047608875,-1.0116275549,-0.1578417271,-0.0407727286,-0.4287240207,0.0005092472,0.0090180356,-0.0137696862,0.0323378406,0.0891396478,-0.9956034422,0.0050332872,16.4799957275,10.2542190552,-34.2417678833,-0.7706534266,0.4904934764,-0.5061189532,-0.3842890859,0.4692526162,-0.3597521782,-0.0754904747,-0.0187013745,0.0015314817,0.4303340316,0.7937424183,0.3521957695,-0.2469562441,16.4799957275,10.2542190552,-34.2417678833,-0.7706534266,0.4904934764,-0.5061189532,-0.3842890859,0.4692526162,-0.3597521782,-0.0754904747,-0.0187013745,0.0015314817,0.4303340316,0.7937424183,0.3521957695,-0.2469562441,0.0000000000,0.0000000000,0.0000000000,0.0000000000,0.0000000000,0.0000000000,-0.3715933859,0.3691518903,-0.3086031675,0.9852561355,-0.1663564444,-0.0458724499,0.3023472428,0.6669223905,0.1803368330,-0.6569036245,
7013.008,0.1220740378,-0.0610370189,0.9765923023,0.0655537620,0.0007324442,-1.0111392736,-0.1578417271,-0.0399182104,-0.4261604548,0.0002794191,0.0049970974,-0.0132805109,0.0323304832,0.0891162083,-0.9956057668,0.0050356244,16.7851810455,11.1697740555,-33.7534713745,-0.7739493847,0.4798730314,-0.5084383488,-0.3856318891,0.4703512788,-0.3586535156,-0.0765538216,-0.0234888494,0.0019582510,0.4280893505,0.7934795022,0.3547281921,-0.2480749935,16.7851810455,11.1697740555,-33.7534713745,-0.7739493847,0.4798730314,-0.5084383488,-0.3856318891,0.4703512788,-0.3586535156,-0.0765538216,-0.0234888494,0.0019582510,0.4280893505,0.7934795022,0.3547281921,-0.2480749935,0.0000000000,0.0000000000,0.0000000000,0.0000000000,0.0000000000,0.0000000000,-0.3733024001,0.3720816672,-0.3086031675,0.9852565527,-0.1663569808,-0.0458732843,0.3024345934,0.6668985486,0.1804250926,-0.6568637490,
7013.021,0.1220740378,-0.0610370189,0.9765923023,0.0666524246,0.0019531846,-1.0112613440,-0.1541795135,-0.0400402844,-0.4245735109,0.0013869777,0.0062192772,-0.0134019852,0.0323260427,0.0891048014,-0.9956068993,0.0050355736,17.2124385834,11.8411817551,-33.3872489929,-0.7787103057,0.4688863754,-0.5064851642,-0.3900265396,0.4718161523,-0.3652455211,-0.0791916251,-0.0286108851,0.0067471266,0.4257924259,0.7932494283,0.3572328687,-0.2491678894,17.2124385834,11.8411817551,-33.3872489929,-0.7787103057,0.4688863754,-0.5064851642,-0.3900265396,0.4718161523,-0.3652455211,-0.0791916251,-0.0286108851,0.0067471266,0.4257924259,0.7932494283,0.3572328687,-0.2491678894,0.0000000000,0.0000000000,0.0000000000,0.0000000000,0.0000000000,0.0000000000,-0.3747673035,0.3735465705,-0.3066499829,0.9852560163,-0.1663573980,-0.0458732843,0.3025293052,0.6668723226,0.1805208325,-0.6568201184,
7013.034,0.1220740378,-0.1220740378,0.9765923023,0.0648213178,0.0021973327,-1.0107730627,-0.1579638124,-0.0395519882,-0.4253059626,-0.0004158095,0.0064636441,-0.0129118562,0.0323120505,0.0890768096,-0.9956098795,0.0050335075,18.0669574738,12.2074041367,-33.2651748657,-0.7734611034,0.4488662481,-0.5113681555,-0.3899044693,0.4696188271,-0.3656117320,-0.0719008446,-0.0426390767,0.0048404336,0.4234022796,0.7930516005,0.3597457409,-0.2502522767,18.0669574738,12.2074041367,-33.2651748657,-0.7734611034,0.4488662481,-0.5113681555,-0.3899044693,0.4696188271,-0.3656117320,-0.0719008446,-0.0426390767,0.0048404336,0.4234022796,0.7930516005,0.3597457409,-0.2502522767,0.0000000000,0.0000000000,0.0000000000,0.0000000000,0.0000000000,0.0000000000,-0.3740348518,0.3735465705,-0.3125095367,0.9852558970,-0.1663578898,-0.0458736420,0.3026094437,0.6668502688,0.1806017905,-0.6567833424,
7013.047,0.1220740378,-0.1831110567,0.9765923023,0.0662862062,0.0036622211,-1.0110172033,-0.1547898799,-0.0368663594,-0.4243293703,0.0010807440,0.0079215132,-0.0131539106,0.0322968401,0.0890225023,-0.9956153631,0.0050268322,18.3111057281,12.4515514374,-33.3262138367,-0.7735831738,0.4472792745,-0.5151524544,-0.3921018243,0.4702292085,-0.3621936738,-0.0700553060,-0.0382023752,0.0040683150,0.4210105836,0.7928227186,0.3623341620,-0.2512761354,18.3111057281,12.4515514374,-33.3262138367,-0.7735831738,0.4472792745,-0.5151524544,-0.3921018243,0.4702292085,-0.3621936738,-0.0700553060,-0.0382023752,0.0040683150,0.4210105836,0.7928227186,0.3623341620,-0.2512761354,0.0000000000,0.0000000000,0.0000000000,0.0000000000,0.0000000000,0.0000000000,-0.3747673035,0.3711050749,-0.3086031675,0.9852559566,-0.1663583964,-0.0458742380,0.3026920557,0.6668275595,0.1806852371,-0.6567454934,
7013.060,0.1220740378,-0.1220740378,0.9765923023,0.0650654659,0.0025635548,-1.0107730627,-0.1562547684,-0.0373546556,-0.4228644669,-0.0001131520,0.0068212766,-0.0129080415,0.0322837867,0.0889714360,-0.9956201911,0.0050231963,18.7994022369,13.4281444550,-33.3872489929,-0.7652821541,0.4452040195,-0.5233314037,-0.3929563165,0.4727927446,-0.3700064123,-0.0599536896,-0.0342056751,-0.0009226203,0.4185313284,0.7926506400,0.3649013937,-0.2522442341,18.7994022369,13.4281444550,-33.3872489929,-0.7652821541,0.4452040195,-0.5233314037,-0.3929563165,0.4727927446,-0.3700064123,-0.0599536896,-0.0342056751,-0.0009226203,0.4185313284,0.7926506400,0.3649013937,-0.2522442341,0.0000000000,0.0000000000,0.0000000000,0.0000000000,0.0000000000,0.0000000000,-0.3742789924,0.3730582595,-0.3125095367,0.9852555394,-0.1663587838,-0.0458742380,0.3027698994,0.6668059826,0.1807639003,-0.6567096114,
7013.073,0.1220740378,-0.1220740378,0.9765923023,0.0659199804,0.0024414808,-1.0108951330,-0.1575975865,-0.0422376171,-0.4257942438,0.0007638559,0.0066982461,-0.0130286217,0.0322725624,0.0889797360,-0.9956199527,0.0050219833,19.1656246185,15.1982173920,-33.5703620911,-0.7583239079,0.4331187010,-0.5285806060,-0.3960081935,0.4729148149,-0.3669545650,-0.0514010191,-0.0401296914,-0.0027220845,0.4159708023,0.7924869657,0.3676103950,-0.2530593574,19.1656246185,15.1982173920,-33.5703620911,-0.7583239079,0.4331187010,-0.5285806060,-0.3960081935,0.4729148149,-0.3669545650,-0.0514010191,-0.0401296914,-0.0027220845,0.4159708023,0.7924869657,0.3676103950,-0.2530593574,0.0000000000,0.0000000000,0.0000000000,0.0000000000,0.0000000000,0.0000000000,-0.3718375266,0.3706167936,-0.3086031675,0.9852559566,-0.1663593352,-0.0458751917,0.3028520942,0.6667835116,0.1808469146,-0.6566720605,
7013.086,0.1220740378,-0.1831110567,0.9765923023,0.0640888736,0.0034180731,-1.0101627111,-0.1539353579,-0.0390636921,-0.4249397218,-0.0010254383,0.0076690437,-0.0122933984,0.0322520807,0.0889571086,-0.9956226945,0.0050164959,19.1045875549,15.8085880280,-33.6924362183,-0.7568590641,0.4239631295,-0.5312662125,-0.3967406154,0.4708395600,-0.3673207760,-0.0484356284,-0.0430870652,-0.0018988848,0.4133896232,0.7923096418,0.3703685701,-0.2538214624,19.1045875549,15.8085880280,-33.6924362183,-0.7568590641,0.4239631295,-0.5312662125,-0.3967406154,0.4708395600,-0.3673207760,-0.0484356284,-0.0430870652,-0.0018988848,0.4133896232,0.7923096418,0.3703685701,-0.2538214624,0.0000000000,0.0000000000,0.0000000000,0.0000000000,0.0000000000,0.0000000000,-0.3720816672,0.3711050749,-0.3066499829,0.9852555394,-0.1663597375,-0.0458752513,0.3029397726,0.6667591929,0.1809355468,-0.6566316485,
7013.099,0.1220740378,-0.1220740378,0.9765923023,0.0638447255,0.0028077029,-1.0099185705,-0.1525925547,-0.0386974700,-0.4251838624,-0.0012374818,0.0070559145,-0.0120471716,0.0322363116,0.0889333189,-0.9956253171,0.0050129178,18.9214763641,15.8085880280,-33.8145103455,-0.7550279498,0.4116336703,-0.5332193971,-0.3949095011,0.4648579359,-0.3711050749,-0.0451359153,-0.0491813123,-0.0003680587,0.4107929170,0.7921275496,0.3730996549,-0.2546046078,18.9214763641,15.8085880280,-33.8145103455,-0.7550279498,0.4116336703,-0.5332193971,-0.3949095011,0.4648579359,-0.3711050749,-0.0451359153,-0.0491813123,-0.0003680587,0.4107929170,0.7921275496,0.3730996549,-0.2546046078,0.0000000000,0.0000000000,0.0000000000,0.0000000000,0.0000000000,0.0000000000,-0.3742789924,0.3676870167,-0.3086031675,0.9852555990,-0.1663602591,-0.0458757877,0.3030119240,0.6667393446,0.1810083836,-0.6565985680,
7013.112,0.1220740378,-0.1220740378,0.9765923023,0.0618915372,0.0026856288,-1.0099185705,-0.1511276662,-0.0391857661,-0.4255501032,-0.0031491034,0.0069316914,-0.0120444894,0.0322157443,0.0889201537,-0.9956271052,0.0050095664,18.8604393005,14.5878477097,-34.2417678833,-0.7704092264,0.3984496593,-0.5335856080,-0.4026001692,0.4696188271,-0.3715933859,-0.0588995218,-0.0560182333,0.0025476813,0.4082479775,0.7918391228,0.3759004176,-0.2554739416,18.8604393005,14.5878477097,-34.2417678833,-0.7704092264,0.3984496593,-0.5335856080,-0.4026001692,0.4696188271,-0.3715933859,-0.0588995218,-0.0560182333,0.0025476813,0.4082479775,0.7918391228,0.3759004176,-0.2554739416,0.0000000000,0.0000000000,0.0000000000,0.0000000000,0.0000000000,0.0000000000,-0.4340952933,0.3730582595,-0.3125095367,0.9852554202,-0.1663606912,-0.0458761454,0.3030545413,0.6667275429,0.1810512692,-0.6565790176,
7013.125,0.1220740378,-0.0610370189,0.9765923023,0.0623798333,0.0026856288,-1.0104068518,-0.1575975865,-0.0415051728,-0.4264046252,-0.0026323684,0.0069295550,-0.0125308633,0.0322016552,0.0889193639,-0.9956277609,0.0050072065,19.3487358093,14.7099218369,-34.3028030396,-0.7842036486,0.3961302638,-0.5349284410,-0.4036988318,0.4669331908,-0.3724478781,-0.0711072683,-0.0519182682,0.0044883490,0.4056752324,0.7915396094,0.3787044287,-0.2563575804,19.3487358093,14.7099218369,-34.3028030396,-0.7842036486,0.3961302638,-0.5349284410,-0.4036988318,0.4669331908,-0.3724478781,-0.0711072683,-0.0519182682,0.0044883490,0.4056752324,0.7915396094,0.3787044287,-0.2563575804,0.0000000000,0.0000000000,0.0000000000,0.0000000000,0.0000000000,0.0000000000,-0.4338511229,0.3691518903,-0.3125095367,0.9852553606,-0.1663611531,-0.0458765030,0.3030864894,0.6667187214,0.1810833216,-0.6565644145,
7013.138,0.1220740378,-0.0610370189,0.9765923023,0.0632343516,0.0031739250,-1.0104068518,-0.1556444019,-0.0422376171,-0.4233527780,-0.0017537326,0.0074133077,-0.0125292540,0.0321897566,0.0889343321,-0.9956267476,0.0050043510,20.2642898560,15.9916992188,-34.1807289124,-0.7920163870,0.3956419528,-0.5379802585,-0.4066286087,0.4679097831,-0.3701284826,-0.0775090456,-0.0459115803,0.0049126744,0.4030255973,0.7912585139,0.3815760911,-0.2571457028,20.2642898560,15.9916992188,-34.1807289124,-0.7920163870,0.3956419528,-0.5379802585,-0.4066286087,0.4679097831,-0.3701284826,-0.0775090456,-0.0459115803,0.0049126744,0.4030255973,0.7912585139,0.3815760911,-0.2571457028,0.0000000000,0.0000000000,0.0000000000,0.0000000000,0.0000000000,0.0000000000,-0.4367808998,0.3720816672,-0.3105563521,0.9852553010,-0.1663615853,-0.0458769202,0.3031293154,0.6667068601,0.1811264157,-0.6565448046,
7013.151,0.1220740378,-0.0610370189,0.9765923023,0.0625019073,0.0017090365,-1.0112613440,-0.1539353579,-0.0417493209,-0.4307992756,-0.0024583414,0.0059511410,-0.0133819580,0.0321756899,0.0889459103,-0.9956262708,0.0050048381,22.6447334290,20.2032527924,-33.5093231201,-0.7588122487,0.3824579716,-0.5576342344,-0.4105349779,0.4665669799,-0.3758659661,-0.0434972644,-0.0524396896,-0.0104511976,0.4000331759,0.7912075520,0.3844814003,-0.2576469183,22.6447334290,20.2032527924,-33.5093231201,-0.7588122487,0.3824579716,-0.5576342344,-0.4105349779,0.4665669799,-0.3758659661,-0.0434972644,-0.0524396896,-0.0104511976,0.4000331759,0.7912075520,0.3844814003,-0.2576469183,0.0000000000,0.0000000000,0.0000000000,0.0000000000,0.0000000000,0.0000000000,-0.4362926185,0.3715933859,-0.3125095367,0.9852551818,-0.1663620174,-0.0458772779,0.3031661212,0.6666966677,0.1811634004,-0.6565279365,
7013.164,0.1220740378,0.0000000000,0.9765923023,0.0627460554,0.0013428144,-1.0100406408,-0.1571092904,-0.0406506546,-0.4253059626,-0.0021986589,0.0055894200,-0.0121603012,0.0321677998,0.0889355168,-0.9956272840,0.0050060530,22.8888816833,20.2642898560,-33.4482879639,-0.7611316442,0.3671987057,-0.5509201288,-0.4094363153,0.4647358656,-0.3703726232,-0.0450364351,-0.0609789193,0.0005235672,0.3970426917,0.7911074162,0.3874461949,-0.2581380606,22.8888816833,20.2642898560,-33.4482879639,-0.7611316442,0.3671987057,-0.5509201288,-0.4094363153,0.4647358656,-0.3703726232,-0.0450364351,-0.0609789193,0.0005235672,0.3970426917,0.7911074162,0.3874461949,-0.2581380606,0.0000000000,0.0000000000,0.0000000000,0.0000000000,0.0000000000,0.0000000000,-0.4338511229,0.3711050749,-0.3066499829,0.9852548838,-0.1663624495,-0.0458774567,0.3032171726,0.6666824818,0.1812148392,-0.6565044522,
7013.177,0.1220740378,0.0000000000,0.9765923023,0.0628681332,0.0029297769,-1.0096743107,-0.1561326981,-0.0390636921,-0.4224982560,-0.0020618886,0.0071730125,-0.0117930174,0.0321607552,0.0889079794,-0.9956302047,0.0050028269,22.4616222382,19.3487358093,-33.8145103455,-0.7634510398,0.3574327826,-0.5527512431,-0.4087038934,0.4615619481,-0.3703726232,-0.0465025306,-0.0639860034,0.0027734637,0.3941030800,0.7909319401,0.3904264569,-0.2586897612,22.4616222382,19.3487358093,-33.8145103455,-0.7634510398,0.3574327826,-0.5527512431,-0.4087038934,0.4615619481,-0.3703726232,-0.0465025306,-0.0639860034,0.0027734637,0.3941030800,0.7909319401,0.3904264569,-0.2586897612,0.0000000000,0.0000000000,0.0000000000,0.0000000000,0.0000000000,0.0000000000,-0.4355601668,0.3725699782,-0.3086031675,0.9852548838,-0.1663629413,-0.0458779335,0.3032661676,0.6666689515,0.1812641770,-0.6564819813,
7013.190,0.1220740378,-0.0610370189,0.9765923023,0.0632343516,0.0025635548,-1.0102847815,-0.1556444019,-0.0385753959,-0.4261604548,-0.0016719848,0.0068052472,-0.0124019384,0.0321491845,0.0888746530,-0.9956333637,0.0049999268,22.2174739838,17.7007350922,-34.4859161377,-0.7583239079,0.3425397575,-0.5637379289,-0.4116336703,0.4622943699,-0.3778191507,-0.0403835773,-0.0720041394,-0.0043365359,0.3911834359,0.7906917334,0.3933840990,-0.2593739033,22.2174739838,17.7007350922,-34.4859161377,-0.7583239079,0.3425397575,-0.5637379289,-0.4116336703,0.4622943699,-0.3778191507,-0.0403835773,-0.0720041394,-0.0043365359,0.3911834359,0.7906917334,0.3933840990,-0.2593739033,0.0000000000,0.0000000000,0.0000000000,0.0000000000,0.0000000000,0.0000000000,-0.4340952933,0.3715933859,-0.3125095367,0.9852548242,-0.1663633883,-0.0458784103,0.3033035696,0.6666585803,0.1813017428,-0.6564648747,
7013.203,0.1220740378,0.0000000000,0.9765923023,0.0644550920,0.0039063692,-1.0115054846,-0.1525925547,-0.0360118411,-0.4246955812,-0.0004439801,0.0081399120,-0.0136221051,0.0321462154,0.0888159201,-0.9956388474,0.0049936455,22.0954017639,17.4565868378,-34.8521385193,-0.7695547342,0.3391216695,-0.5672780275,-0.4195684791,0.4655903876,-0.3776970804,-0.0506104827,-0.0684944391,-0.0040897727,0.3882999718,0.7903700471,0.3964250386,-0.2600557804,22.0954017639,17.4565868378,-34.8521385193,-0.7695547342,0.3391216695,-0.5672780275,-0.4195684791,0.4655903876,-0.3776970804,-0.0506104827,-0.0684944391,-0.0040897727,0.3882999718,0.7903700471,0.3964250386,-0.2600557804,0.0000000000,0.0000000000,0.0000000000,0.0000000000,0.0000000000,0.0000000000,-0.4345835745,0.3711050749,-0.3086031675,0.9852547050,-0.1663638651,-0.0458788872,0.3033487201,0.6666460633,0.1813471764,-0.6564441919,
7013.216,0.1220740378,0.0000000000,0.9765923023,0.0643330216,0.0030518509,-1.0104068518,-0.1533249915,-0.0404065065,-0.4264046252,-0.0005585477,0.0072814869,-0.0125229955,0.0321426578,0.0888134465,-0.9956391454,0.0049912846,22.8888816833,18.4331798553,-35.0352478027,-0.7782219648,0.3371684849,-0.5680105090,-0.4126102626,0.4631488919,-0.3775750101,-0.0583974123,-0.0634126067,-0.0009140372,0.3853271008,0.7900772691,0.3994618952,-0.2607198060,22.8888816833,18.4331798553,-35.0352478027,-0.7782219648,0.3371684849,-0.5680105090,-0.4126102626,0.4631488919,-0.3775750101,-0.0583974123,-0.0634126067,-0.0009140372,0.3853271008,0.7900772691,0.3994618952,-0.2607198060,0.0000000000,0.0000000000,0.0000000000,0.0000000000,0.0000000000,0.0000000000,-0.4365367591,0.3681752980,-0.3086031675,0.9852547050,-0.1663643271,-0.0458791852,0.3033845127,0.6666361690,0.1813831180,-0.6564278007,
7013.229,0.1220740378,0.0000000000,0.9765923023,0.0659199804,0.0031739250,-1.0113834143,-0.1551561058,-0.0429700613,-0.4218878746,0.0010283813,0.0073990859,-0.0134994984,0.0321427397,0.0888404250,-0.9956367612,0.0049899276,24.1706600189,20.0811786652,-34.9742126465,-0.7794427276,0.3302102685,-0.5702078342,-0.4198126197,0.4647358656,-0.3857539594,-0.0589603782,-0.0631964207,0.0010585189,0.3822056651,0.7898500562,0.4025092423,-0.2613152564,24.1706600189,20.0811786652,-34.9742126465,-0.7794427276,0.3302102685,-0.5702078342,-0.4198126197,0.4647358656,-0.3857539594,-0.0589603782,-0.0631964207,0.0010585189,0.3822056651,0.7898500562,0.4025092423,-0.2613152564,0.0000000000,0.0000000000,0.0000000000,0.0000000000,0.0000000000,0.0000000000,-0.4365367591,0.3706167936,-0.3105563521,0.9852545261,-0.1663647443,-0.0458794832,0.3034219742,0.6666257381,0.1814207882,-0.6564105749,
7013.242,0.1220740378,-0.0610370189,0.9765923023,0.0664082766,0.0029297769,-1.0116275549,-0.1540574431,-0.0443128757,-0.4229865372,0.0015249550,0.0071516954,-0.0137431026,0.0321385190,0.0888877735,-0.9956326485,0.0049894713,26.1848812103,22.7057704926,-34.9742126465,-0.7680898309,0.3114108741,-0.5767998099,-0.4181035757,0.4588763118,-0.3830683231,-0.0472899675,-0.0745594800,-0.0008822083,0.3788281977,0.7897278666,0.4056259096,-0.2617830932,26.1848812103,22.7057704926,-34.9742126465,-0.7680898309,0.3114108741,-0.5767998099,-0.4181035757,0.4588763118,-0.3830683231,-0.0472899675,-0.0745594800,-0.0008822083,0.3788281977,0.7897278666,0.4056259096,-0.2617830932,0.0000000000,0.0000000000,0.0000000000,0.0000000000,0.0000000000,0.0000000000,-0.4358043075,0.3676870167,-0.2929776907,0.9852545857,-0.1663653105,-0.0458800197,0.3034959137,0.6666053534,0.1814954281,-0.6563766003,
7013.255,0.1220740378,-0.0610370189,0.9155552983,0.0667745024,0.0017090365,-1.0121158361,-0.1578417271,-0.0400402844,-0.4226203263,0.0018977299,0.0059330617,-0.0142309666,0.0321352258,0.0888739899,-0.9956339598,0.0049897837,26.6121406555,23.3771781921,-34.9131736755,-0.7662587166,0.3009124994,-0.5854671001,-0.4139530659,0.4566789865,-0.3840449154,-0.0452889204,-0.0775479674,-0.0047995448,0.3753783703,0.7896259427,0.4087402225,-0.2622161210,26.6121406555,23.3771781921,-34.9131736755,-0.7662587166,0.3009124994,-0.5854671001,-0.4139530659,0.4566789865,-0.3840449154,-0.0452889204,-0.0775479674,-0.0047995448,0.3753783703,0.7896259427,0.4087402225,-0.2622161210,0.0000000000,0.0000000000,0.0000000000,0.0000000000,0.0000000000,0.0000000000,-0.4370250702,0.3715933859,-0.3125095367,0.9852542877,-0.1663657278,-0.0458801389,0.3035304546,0.6665956974,0.1815301180,-0.6563606858,
7013.268,0.1220740378,-0.0610370189,0.9765923023,0.0646992400,0.0023194067,-1.0102847815,-0.1579638124,-0.0412610248,-0.4239631295,-0.0001613498,0.0065431865,-0.0123988390,0.0321271867,0.0888701156,-0.9956345558,0.0049888152,26.7342147827,23.4992523193,-34.8521385193,-0.7687002420,0.2924894094,-0.5957213044,-0.4183477163,0.4565569162,-0.3869746923,-0.0476511121,-0.0784217417,-0.0103026032,0.3719108105,0.7895023823,0.4118725359,-0.2626270950,26.7342147827,23.4992523193,-34.8521385193,-0.7687002420,0.2924894094,-0.5957213044,-0.4183477163,0.4565569162,-0.3869746923,-0.0476511121,-0.0784217417,-0.0103026032,0.3719108105,0.7895023823,0.4118725359,-0.2626270950,0.0000000000,0.0000000000,0.0000000000,0.0000000000,0.0000000000,0.0000000000,-0.4375133514,0.3711050749,-0.2929776907,0.9852541685,-0.1663661897,-0.0458806157,0.3036121726,0.6665730476,0.1816126853,-0.6563230753,
7013.281,0.1220740378,-0.0610370189,0.9765923023,0.0668965727,0.0026856288,-1.0116275549,-0.1564989239,-0.0418713950,-0.4233527780,0.0020417050,0.0069073713,-0.0137412548,0.0321243815,0.0888784006,-0.9956339002,0.0049878121,26.9783630371,24.1706600189,-34.1196937561,-0.7833490968,0.2887051105,-0.6093935966,-0.4195684791,0.4559465349,-0.3858760297,-0.0623969436,-0.0746963918,-0.0191671848,0.3684256673,0.7893868685,0.4150005877,-0.2629625797,26.9783630371,24.1706600189,-34.1196937561,-0.7833490968,0.2887051105,-0.6093935966,-0.4195684791,0.4559465349,-0.3858760297,-0.0623969436,-0.0746963918,-0.0191671848,0.3684256673,0.7893868685,0.4150005877,-0.2629625797,0.0000000000,0.0000000000,0.0000000000,0.0000000000,0.0000000000,0.0000000000,-0.4370250702,0.3686636090,-0.2949308753,0.9852542281,-0.1663666964,-0.0458812118,0.3036820590,0.6665537357,0.1816832423,-0.6562909484,
7013.294,0.1220740378,-0.1220740378,0.9765923023,0.0666524246,0.0019531846,-1.0121158361,-0.1557664722,-0.0411389507,-0.4251838624,0.0018152297,0.0061765183,-0.0142284036,0.0321154930,0.0888787508,-0.9956342578,0.0049878275,27.5887317657,25.3913993835,-33.5703620911,-0.7800530791,0.2823572457,-0.6109805703,-0.4222540855,0.4498428404,-0.3906369209,-0.0594285131,-0.0735295117,-0.0157981515,0.3648639321,0.7893204093,0.4181008339,-0.2632167935,27.5887317657,25.3913993835,-33.5703620911,-0.7800530791,0.2823572457,-0.6109805703,-0.4222540855,0.4498428404,-0.3906369209,-0.0594285131,-0.0735295117,-0.0157981515,0.3648639321,0.7893204093,0.4181008339,-0.2632167935,0.0000000000,0.0000000000,0.0000000000,0.0000000000,0.0000000000,0.0000000000,-0.4362926185,0.3715933859,-0.2949308753,0.9852541089,-0.1663671434,-0.0458815694,0.3037599921,0.6665320992,0.1817619950,-0.6562550068,
7013.307,0.1220740378,-0.1220740378,0.9765923023,0.0659199804,0.0023194067,-1.0101627111,-0.1533249915,-0.0429700613,-0.4234748483,0.0011033639,0.0065424936,-0.0122739673,0.0321050845,0.0889104977,-0.9956316948,0.0049878107,28.2601394653,26.6731777191,-33.0820655823,-0.7696768045,0.2708822787,-0.6140323877,-0.4205450714,0.4521622360,-0.3861201704,-0.0496257544,-0.0774534643,-0.0137127638,0.3612218201,0.7892801762,0.4212369025,-0.2633609474,28.2601394653,26.6731777191,-33.0820655823,-0.7696768045,0.2708822787,-0.6140323877,-0.4205450714,0.4521622360,-0.3861201704,-0.0496257544,-0.0774534643,-0.0137127638,0.3612218201,0.7892801762,0.4212369025,-0.2633609474,0.0000000000,0.0000000000,0.0000000000,0.0000000000,0.0000000000,0.0000000000,-0.4365367591,0.3696402013,-0.2929776907,0.9852540493,-0.1663676053,-0.0458819866,0.3038371205,0.6665107012,0.1818399131,-0.6562194824,
7013.320,0.1220740378,-0.1220740378,1.0376293659,0.0660420582,0.0040284432,-1.0113834143,-0.1564989239,-0.0372325815,-0.4282357395,0.0012457296,0.0082435459,-0.0134932995,0.0320956111,0.0888520330,-0.9956373572,0.0049810419,28.9925842285,27.8939170837,-32.8989524841,-0.7375713587,0.2491531074,-0.6269722581,-0.4243293703,0.4533829689,-0.3880733550,-0.0183765292,-0.0915147960,-0.0212526321,0.3574412763,0.7892853618,0.4244197905,-0.2633930445,28.9925842285,27.8939170837,-32.8989524841,-0.7375713587,0.2491531074,-0.6269722581,-0.4243293703,0.4533829689,-0.3880733550,-0.0183765292,-0.0915147960,-0.0212526321,0.3574412763,0.7892853618,0.4244197905,-0.2633930445,0.0000000000,0.0000000000,0.0000000000,0.0000000000,0.0000000000,0.0000000000,-0.4360484779,0.3725699782,-0.3125095367,0.9852539301,-0.1663680822,-0.0458823442,0.3038731813,0.6665006876,0.1818761230,-0.6562029123,
7013.333,0.1220740378,-0.1831110567,0.9765923023,0.0617694631,0.0062257759,-1.0108951330,-0.1538132876,-0.0399182104,-0.4257942438,-0.0029752180,0.0104213720,-0.0130015612,0.0320707671,0.0888422877,-0.9956390262,0.0049687070,28.7484359741,27.1614742279,-32.8379173279,-0.7340312004,0.2248603851,-0.6306344867,-0.4264046252,0.4527726173,-0.3990600407,-0.0156730413,-0.1080772132,-0.0196486115,0.3536585569,0.7892623544,0.4275531769,-0.2635007799,28.7484359741,27.1614742279,-32.8379173279,-0.7340312004,0.2248603851,-0.6306344867,-0.4264046252,0.4527726173,-0.3990600407,-0.0156730413,-0.1080772132,-0.0196486115,0.3536585569,0.7892623544,0.4275531769,-0.2635007799,0.0000000000,0.0000000000,0.0000000000,0.0000000000,0.0000000000,0.0000000000,-0.4348277152,0.3711050749,-0.2949308753,0.9852536917,-0.1663685590,-0.0458825231,0.3039496541,0.6664794087,0.1819533855,-0.6561675668,
7013.346,0.1220740378,-0.1220740378,0.9155552983,0.0604266487,0.0015869625,-1.0083315372,-0.1522263288,-0.0404065065,-0.4264046252,-0.0042714663,0.0057853488,-0.0104349852,0.0320473909,0.0888484344,-0.9956392050,0.0049682190,28.1991024017,25.7576217651,-32.8379173279,-0.7407452464,0.2074037939,-0.6406445503,-0.4272591472,0.4497207701,-0.4022339582,-0.0231274962,-0.1177857965,-0.0246382952,0.3499423563,0.7891607285,0.4306650162,-0.2636990845,28.1991024017,25.7576217651,-32.8379173279,-0.7407452464,0.2074037939,-0.6406445503,-0.4272591472,0.4497207701,-0.4022339582,-0.0231274962,-0.1177857965,-0.0246382952,0.3499423563,0.7891607285,0.4306650162,-0.2636990845,0.0000000000,0.0000000000,0.0000000000,0.0000000000,0.0000000000,0.0000000000,-0.4360484779,0.3706167936,-0.3125095367,0.9852536321,-0.1663690060,-0.0458829403,0.3039798439,0.6664710045,0.1819836497,-0.6561537385,
7013.359,0.1220740378,-0.0610370189,0.9765923023,0.0629902035,-0.0002441481,-1.0099185705,-0.1511276662,-0.0415051728,-0.4237189889,-0.0016843155,0.0039667613,-0.0120205283,0.0320349745,0.0888675377,-0.9956378341,0.0049740216,26.5511035919,21.5460681915,-33.1431007385,-0.7474593520,0.1928769797,-0.6633503437,-0.4299447536,0.4478896558,-0.4056520164,-0.0301947594,-0.1246358603,-0.0429455042,0.3464598656,0.7888786197,0.4337243736,-0.2641270757,26.5511035919,21.5460681915,-33.1431007385,-0.7474593520,0.1928769797,-0.6633503437,-0.4299447536,0.4478896558,-0.4056520164,-0.0301947594,-0.1246358603,-0.0429455042,0.3464598656,0.7888786197,0.4337243736,-0.2641270757,0.0000000000,0.0000000000,0.0000000000,0.0000000000,0.0000000000,0.0000000000,-0.4375133514,0.3740348518,-0.3125095367,0.9852535725,-0.1663694382,-0.0458834171,0.3040182889,0.6664603353,0.1820223033,-0.6561360955,
7013.372,0.1220740378,-0.0610370189,0.9765923023,0.0629902035,0.0020752586,-1.0104068518,-0.1522263288,-0.0407727286,-0.4245735109,-0.0016607195,0.0062871627,-0.0125072598,0.0320231244,0.0888735652,-0.9956377745,0.0049736574,25.8796958923,19.8370304108,-33.1431007385,-0.7542954683,0.1903134286,-0.6716513634,-0.4290902317,0.4449598789,-0.4104129076,-0.0372606516,-0.1195928752,-0.0471496582,0.3430856168,0.7885257602,0.4367171228,-0.2646534145,25.8796958923,19.8370304108,-33.1431007385,-0.7542954683,0.1903134286,-0.6716513634,-0.4290902317,0.4449598789,-0.4104129076,-0.0372606516,-0.1195928752,-0.0471496582,0.3430856168,0.7885257602,0.4367171228,-0.2646534145,0.0000000000,0.0000000000,0.0000000000,0.0000000000,0.0000000000,0.0000000000,-0.4375133514,0.3730582595,-0.2929776907,0.9852534533,-0.1663699299,-0.0458837748,0.3041028380,0.6664368510,0.1821077764,-0.6560970545,
7013.385,0.1220740378,-0.0610370189,0.9765923023,0.0637226477,0.0031739250,-1.0111392736,-0.1538132876,-0.0408948027,-0.4264046252,-0.0009081513,0.0073813954,-0.0132383704,0.0320132747,0.0888763070,-0.9956378341,0.0049706395,25.6355476379,18.9214763641,-32.9599914551,-0.7579576969,0.1865291297,-0.6771447062,-0.4327524602,0.4450819492,-0.4010132253,-0.0411233902,-0.1158173084,-0.0487209558,0.3398003280,0.7880809307,0.4397545457,-0.2651864588,25.6355476379,18.9214763641,-32.9599914551,-0.7579576969,0.1865291297,-0.6771447062,-0.4327524602,0.4450819492,-0.4010132253,-0.0411233902,-0.1158173084,-0.0487209558,0.3398003280,0.7880809307,0.4397545457,-0.2651864588,0.0000000000,0.0000000000,0.0000000000,0.0000000000,0.0000000000,0.0000000000,-0.4365367591,0.3720816672,-0.2910245061,0.9852534533,-0.1663704067,-0.0458841920,0.3041899502,0.6664126515,0.1821958572,-0.6560568213,
7013.398,0.0610370189,-0.0610370189,0.9765923023,0.0631122813,0.0037842952,-1.0099185705,-0.1552781761,-0.0391857661,-0.4234748483,-0.0014958754,0.0079736812,-0.0120161176,0.0320028998,0.0888531730,-0.9956402779,0.0049598757,25.8796958923,18.6162910461,-32.4106559753,-0.7608875036,0.1746879518,-0.6749473810,-0.4331187010,0.4443494976,-0.4038209319,-0.0442833304,-0.1201062202,-0.0426861644,0.3365196884,0.7876316905,0.4427310526,-0.2657516003,25.8796958923,18.6162910461,-32.4106559753,-0.7608875036,0.1746879518,-0.6749473810,-0.4331187010,0.4443494976,-0.4038209319,-0.0442833304,-0.1201062202,-0.0426861644,0.3365196884,0.7876316905,0.4427310526,-0.2657516003,0.0000000000,0.0000000000,0.0000000000,0.0000000000,0.0000000000,0.0000000000,-0.4358043075,0.3730582595,-0.2929776907,0.9852532148,-0.1663708389,-0.0458844304,0.3042745888,0.6663890481,0.1822814345,-0.6560176611,
7013.411,0.1220740378,-0.0610370189,0.9765923023,0.0638447255,0.0029297769,-1.0101627111,-0.1534470618,-0.0406506546,-0.4189580977,-0.0007444322,0.0071160272,-0.0122590661,0.0319935530,0.0888557732,-0.9956403375,0.0049575502,26.3069553375,18.9825134277,-32.1665077209,-0.7563707232,0.1622363925,-0.6766563654,-0.4350718856,0.4410535097,-0.4066286087,-0.0401090980,-0.1249540448,-0.0405208468,0.3331894577,0.7871916294,0.4456913173,-0.2663025558,26.3069553375,18.9825134277,-32.1665077209,-0.7563707232,0.1622363925,-0.6766563654,-0.4350718856,0.4410535097,-0.4066286087,-0.0401090980,-0.1249540448,-0.0405208468,0.3331894577,0.7871916294,0.4456913173,-0.2663025558,0.0000000000,0.0000000000,0.0000000000,0.0000000000,0.0000000000,0.0000000000,-0.4370250702,0.3725699782,-0.2910245061,0.9852532148,-0.1663713008,-0.0458849669,0.3043619096,0.6663647890,0.1823697090,-0.6559773684,
7013.424,0.1220740378,0.0000000000,0.9765923023,0.0636005774,0.0032959990,-1.0102847815,-0.1530808508,-0.0405285805,-0.4211554229,-0.0009790733,0.0074773175,-0.0123804808,0.0319890231,0.0888573006,-0.9956403375,0.0049547185,26.4900665283,19.0435504913,-32.0444335938,-0.7488021255,0.1499069184,-0.6805627346,-0.4327524602,0.4399548471,-0.4133426845,-0.0329671502,-0.1296408921,-0.0405558348,0.3298171461,0.7867687941,0.4486002028,-0.2668655217,26.4900665283,19.0435504913,-32.0444335938,-0.7488021255,0.1499069184,-0.6805627346,-0.4327524602,0.4399548471,-0.4133426845,-0.0329671502,-0.1296408921,-0.0405558348,0.3298171461,0.7867687941,0.4486002028,-0.2668655217,0.0000000000,0.0000000000,0.0000000000,0.0000000000,0.0000000000,0.0000000000,-0.4345835745,0.3720816672,-0.2910245061,0.9852529764,-0.1663717479,-0.0458852649,0.3044488132,0.6663405299,0.1824575961,-0.6559371352,
7013.437,0.1220740378,0.0000000000,0.9155552983,0.0645771697,0.0042725913,-1.0106509924,-0.1528366953,-0.0413830988,-0.4238410592,0.0000022352,0.0084434953,-0.0127463341,0.0319870412,0.0888755843,-0.9956387877,0.0049499068,26.2459182739,18.1890316010,-31.9223613739,-0.7448957562,0.1370891482,-0.6825159192,-0.4345835745,0.4361705482,-0.4094363153,-0.0294560194,-0.1348216981,-0.0387890935,0.3264983892,0.7862805724,0.4515197575,-0.2674610019,26.2459182739,18.1890316010,-31.9223613739,-0.7448957562,0.1370891482,-0.6825159192,-0.4345835745,0.4361705482,-0.4094363153,-0.0294560194,-0.1348216981,-0.0387890935,0.3264983892,0.7862805724,0.4515197575,-0.2674610019,0.0000000000,0.0000000000,0.0000000000,0.0000000000,0.0000000000,0.0000000000,-0.4365367591,0.3715933859,-0.2929776907,0.9852529764,-0.1663722247,-0.0458856821,0.3045277894,0.6663185358,0.1825373918,-0.6559006572,
7013.450,0.1220740378,0.0000000000,0.9155552983,0.0654316843,0.0026856288,-1.0119937658,-0.1541795135,-0.0388195440,-0.4245735109,0.0008576736,0.0068540275,-0.0140889883,0.0319867916,0.0888559520,-0.9956405759,0.0049479865,26.1238441467,17.7617721558,-31.7392501831,-0.7469710112,0.1308633685,-0.6848353744,-0.4360484779,0.4410535097,-0.4155400395,-0.0319378376,-0.1334379017,-0.0374990702,0.3232066035,0.7857720256,0.4543942213,-0.2680845857,26.1238441467,17.7617721558,-31.7392501831,-0.7469710112,0.1308633685,-0.6848353744,-0.4360484779,0.4410535097,-0.4155400395,-0.0319378376,-0.1334379017,-0.0374990702,0.3232066035,0.7857720256,0.4543942213,-0.2680845857,0.0000000000,0.0000000000,0.0000000000,0.0000000000,0.0000000000,0.0000000000,-0.4375133514,0.3740348518,-0.2929776907,0.9852529764,-0.1663727611,-0.0458862782,0.3046124578,0.6662949920,0.1826229542,-0.6558615565,
7013.463,0.1831110567,0.0000000000,0.9765923023,0.0660420582,0.0008545183,-1.0101627111,-0.1534470618,-0.0426038392,-0.4244514406,0.0014654100,0.0050407727,-0.0122582316,0.0319871753,0.0888830423,-0.9956381917,0.0049578701,26.1238441467,17.7617721558,-31.4951019287,-0.7483138442,0.1252479702,-0.6856898665,-0.4369029701,0.4358043075,-0.4132206142,-0.0337471962,-0.1314695925,-0.0347975492,0.3199329674,0.7852377892,0.4572651684,-0.2686945498,26.1238441467,17.7617721558,-31.4951019287,-0.7483138442,0.1252479702,-0.6856898665,-0.4369029701,0.4358043075,-0.4132206142,-0.0337471962,-0.1314695925,-0.0347975492,0.3199329674,0.7852377892,0.4572651684,-0.2686945498,0.0000000000,0.0000000000,0.0000000000,0.0000000000,0.0000000000,0.0000000000,-0.4353160262,0.3725699782,-0.2910245061,0.9852527380,-0.1663732082,-0.0458864570,0.3046990037,0.6662707925,0.1827104688,-0.6558214426,
7013.476,0.1220740378,0.0000000000,0.9765923023,0.0648213178,0.0041505173,-1.0118716955,-0.1584521085,-0.0408948027,-0.4245735109,0.0002486259,0.0083276471,-0.0139669180,0.0319856592,0.0888735950,-0.9956390262,0.0049528447,26.4900665283,18.3721427917,-31.1899166107,-0.7430646420,0.1113315225,-0.6908169985,-0.4366588295,0.4315317273,-0.4109012187,-0.0291138887,-0.1377571523,-0.0362960100,0.3166033924,0.7847128510,0.4601414204,-0.2692615986,26.4900665283,18.3721427917,-31.1899166107,-0.7430646420,0.1113315225,-0.6908169985,-0.4366588295,0.4315317273,-0.4109012187,-0.0291138887,-0.1377571523,-0.0362960100,0.3166033924,0.7847128510,0.4601414204,-0.2692615986,0.0000000000,0.0000000000,0.0000000000,0.0000000000,0.0000000000,0.0000000000,-0.4372692108,0.3730582595,-0.2949308753,0.9852527976,-0.1663737297,-0.0458870530,0.3047752678,0.6662495732,0.1827875078,-0.6557862163,
7013.489,0.1220740378,0.0000000000,0.9155552983,0.0643330216,0.0023194067,-1.0104068518,-0.1567430645,-0.0428479873,-0.4183477163,-0.0002338588,0.0064957896,-0.0125017166,0.0319826566,0.0889008269,-0.9956367016,0.0049530878,26.7342147827,18.7383651733,-31.0678424835,-0.7376934290,0.1035187840,-0.6935026050,-0.4391003251,0.4320200086,-0.4228644669,-0.0244721770,-0.1379156411,-0.0353297591,0.3132245541,0.7842151523,0.4629651308,-0.2698220909,26.7342147827,18.7383651733,-31.0678424835,-0.7376934290,0.1035187840,-0.6935026050,-0.4391003251,0.4320200086,-0.4228644669,-0.0244721770,-0.1379156411,-0.0353297591,0.3132245541,0.7842151523,0.4629651308,-0.2698220909,0.0000000000,0.0000000000,0.0000000000,0.0000000000,0.0000000000,0.0000000000,-0.4345835745,0.3706167936,-0.2968840599,0.9852527380,-0.1663741767,-0.0458874702,0.3048410118,0.6662312150,0.1828539073,-0.6557558179,
7013.502,0.1220740378,0.0000000000,0.9765923023,0.0644550920,0.0029297769,-1.0115054846,-0.1578417271,-0.0396740623,-0.4261604548,-0.0001062080,0.0071030995,-0.0135999322,0.0319801308,0.0888767987,-0.9956389070,0.0049505429,26.7342147827,18.7994022369,-31.1288795471,-0.7275612950,0.0922879726,-0.6966765523,-0.4426404536,0.4312875867,-0.4217658043,-0.0151501894,-0.1414581984,-0.0348623395,0.3098356426,0.7836836576,0.4658227265,-0.2703604400,26.7342147827,18.7994022369,-31.1288795471,-0.7275612950,0.0922879726,-0.6966765523,-0.4426404536,0.4312875867,-0.4217658043,-0.0151501894,-0.1414581984,-0.0348623395,0.3098356426,0.7836836576,0.4658227265,-0.2703604400,0.0000000000,0.0000000000,0.0000000000,0.0000000000,0.0000000000,0.0000000000,-0.4345835745,0.3711050749,-0.2949308753,0.9852524996,-0.1663746089,-0.0458877087,0.3049127460,0.6662111282,0.1829263866,-0.6557225585,
7013.515,0.1220740378,0.0000000000,0.9765923023,0.0638447255,0.0020752586,-1.0106509924,-0.1546678096,-0.0423596911,-0.4246955812,-0.0007082969,0.0062497477,-0.0127449632,0.0319758505,0.0888968632,-0.9956372380,0.0049513988,26.0628070831,17.5176239014,-31.5561389923,-0.7223120928,0.0725119784,-0.7072969675,-0.4415417910,0.4266487658,-0.4203009009,-0.0106213093,-0.1534998715,-0.0420317054,0.3065019846,0.7830643654,0.4687072039,-0.2709684372,26.0628070831,17.5176239014,-31.5561389923,-0.7223120928,0.0725119784,-0.7072969675,-0.4415417910,0.4266487658,-0.4203009009,-0.0106213093,-0.1534998715,-0.0420317054,0.3065019846,0.7830643654,0.4687072039,-0.2709684372,0.0000000000,0.0000000000,0.0000000000,0.0000000000,0.0000000000,0.0000000000,-0.4362926185,0.3706167936,-0.2949308753,0.9852524400,-0.1663750708,-0.0458881855,0.3049818277,0.6661918163,0.1829961538,-0.6556906104,
7013.528,0.1220740378,0.0000000000,0.9765923023,0.0654316843,0.0014648885,-1.0112613440,-0.1579638124,-0.0412610248,-0.4297006130,0.0008792654,0.0056435554,-0.0133552551,0.0319753811,0.0888920948,-0.9956377745,0.0049532996,25.6965847015,16.6020698547,-31.6782131195,-0.7303689718,0.0664082766,-0.7119358182,-0.4393444657,0.4264046252,-0.4254280329,-0.0193274021,-0.1518898606,-0.0434095263,0.3032242656,0.7824009657,0.4715459645,-0.2716466486,25.6965847015,16.6020698547,-31.6782131195,-0.7303689718,0.0664082766,-0.7119358182,-0.4393444657,0.4264046252,-0.4254280329,-0.0193274021,-0.1518898606,-0.0434095263,0.3032242656,0.7824009657,0.4715459645,-0.2716466486,0.0000000000,0.0000000000,0.0000000000,0.0000000000,0.0000000000,0.0000000000,-0.4343394339,0.3696402013,-0.2968840599,0.9852523208,-0.1663755476,-0.0458885431,0.3050440252,0.6661744118,0.1830589324,-0.6556618214,
7013.541,0.1220740378,0.0000000000,0.9765923023,0.0657979101,0.0025635548,-1.0100406408,-0.1578417271,-0.0407727286,-0.4332407713,0.0012439489,0.0067409398,-0.0121346712,0.0319762714,0.0888806283,-0.9956386089,0.0049523627,25.6355476379,15.9916992188,-31.3730278015,-0.7386699915,0.0623798333,-0.7148655653,-0.4447157085,0.4254280329,-0.4251838624,-0.0282554030,-0.1482541561,-0.0432224870,0.3000054061,0.7816910148,0.4743672907,-0.2723512650,25.6355476379,15.9916992188,-31.3730278015,-0.7386699915,0.0623798333,-0.7148655653,-0.4447157085,0.4254280329,-0.4251838624,-0.0282554030,-0.1482541561,-0.0432224870,0.3000054061,0.7816910148,0.4743672907,-0.2723512650,0.0000000000,0.0000000000,0.0000000000,0.0000000000,0.0000000000,0.0000000000,-0.4340952933,0.3696402013,-0.2949308753,0.9852522016,-0.1663760245,-0.0458889008,0.3051110506,0.6661556363,0.1831266135,-0.6556307673,
7013.554,0.1220740378,0.0000000000,0.9765923023,0.0654316843,0.0050050355,-1.0122379065,-0.1571092904,-0.0452894680,-0.4310434163,0.0008786470,0.0091691334,-0.0143318176,0.0319761522,0.0889299437,-0.9956343770,0.0049472842,26.4290294647,16.4799957275,-30.4574718475,-0.7361064553,0.0507827997,-0.7126682401,-0.4459364712,0.4240851998,-0.4303109944,-0.0264535546,-0.1521801054,-0.0378665328,0.2967235446,0.7810372710,0.4771009982,-0.2730463445,26.4290294647,16.4799957275,-30.4574718475,-0.7361064553,0.0507827997,-0.7126682401,-0.4459364712,0.4240851998,-0.4303109944,-0.0264535546,-0.1521801054,-0.0378665328,0.2967235446,0.7810372710,0.4771009982,-0.2730463445,0.0000000000,0.0000000000,0.0000000000,0.0000000000,0.0000000000,0.0000000000,-0.4340952933,0.3730582595,-0.2949308753,0.9852520227,-0.1663764864,-0.0458893180,0.3051870465,0.6661343575,0.1832033992,-0.6555955410,
7013.567,0.1220740378,0.0000000000,0.9155552983,0.0672627985,0.0024414808,-1.0105289221,-0.1532029212,-0.0451673940,-0.4327524602,0.0027011111,0.0066042943,-0.0126233697,0.0319802053,0.0889941007,-0.9956284761,0.0049490915,26.9173259735,17.0293273926,-30.2743606567,-0.7256081104,0.0423596911,-0.7137668729,-0.4436170459,0.4216437340,-0.4317758679,-0.0168606043,-0.1528853029,-0.0357452035,0.2933755815,0.7804095745,0.4798077047,-0.2737150788,26.9173259735,17.0293273926,-30.2743606567,-0.7256081104,0.0423596911,-0.7137668729,-0.4436170459,0.4216437340,-0.4317758679,-0.0168606043,-0.1528853029,-0.0357452035,0.2933755815,0.7804095745,0.4798077047,-0.2737150788,0.0000000000,0.0000000000,0.0000000000,0.0000000000,0.0000000000,0.0000000000,-0.4355601668,0.3701284826,-0.2949308753,0.9852519035,-0.1663769335,-0.0458897352,0.3052538335,0.6661156416,0.1832708418,-0.6555646062,
7013.580,0.1220740378,-0.0610370189,0.9765923023,0.0667745024,0.0024414808,-1.0105289221,-0.1544236541,-0.0449232459,-0.4305551350,0.0022172928,0.0066037052,-0.0126230717,0.0319777429,0.0890462771,-0.9956238270,0.0049502742,27.1614742279,17.3345127106,-30.4574718475,-0.7130344510,0.0302743614,-0.7152317762,-0.4434949756,0.4237189889,-0.4354380965,-0.0052990317,-0.1571718752,-0.0339609981,0.2899708748,0.7797800303,0.4825166166,-0.2743747532,27.1614742279,17.3345127106,-30.4574718475,-0.7130344510,0.0302743614,-0.7152317762,-0.4434949756,0.4237189889,-0.4354380965,-0.0052990317,-0.1571718752,-0.0339609981,0.2899708748,0.7797800303,0.4825166166,-0.2743747532,0.0000000000,0.0000000000,0.0000000000,0.0000000000,0.0000000000,0.0000000000,-0.4350718856,0.3701284826,-0.3086031675,0.9852519631,-0.1663774252,-0.0458902121,0.3052862585,0.6661065817,0.1833033711,-0.6555497050,
7013.593,0.1220740378,-0.0610370189,0.9765923023,0.0661641285,0.0014648885,-1.0116275549,-0.1552781761,-0.0440687276,-0.4355601668,0.0016147122,0.0056313574,-0.0137212276,0.0319734812,0.0890832618,-0.9956206679,0.0049532284,26.9783630371,16.8462181091,-31.5561389923,-0.6987518072,0.0078127384,-0.7243873477,-0.4453260899,0.4173711240,-0.4329966009,0.0079704523,-0.1716412008,-0.0399212241,0.2865340710,0.7790601850,0.4853268266,-0.2750730217,26.9783630371,16.8462181091,-31.5561389923,-0.6987518072,0.0078127384,-0.7243873477,-0.4453260899,0.4173711240,-0.4329966009,0.0079704523,-0.1716412008,-0.0399212241,0.2865340710,0.7790601850,0.4853268266,-0.2750730217,0.0000000000,0.0000000000,0.0000000000,0.0000000000,0.0000000000,0.0000000000,-0.4353160262,0.3686636090,-0.3066499829,0.9852518439,-0.1663778871,-0.0458905697,0.3053191602,0.6660973430,0.1833364069,-0.6555345058,
7013.606,0.0610370189,-0.0610370189,0.9765923023,0.0656758323,0.0032959990,-1.0111392736,-0.1532029212,-0.0418713950,-0.4367808998,0.0011364073,0.0074470108,-0.0132322311,0.0319691151,0.0890972316,-0.9956195951,0.0049455292,26.7342147827,16.1137733459,-31.8002872467,-0.7138890028,0.0004882962,-0.7269508839,-0.4450819492,0.4135868549,-0.4391003251,-0.0081024170,-0.1709652692,-0.0394762754,0.2831453085,0.7782894373,0.4881051183,-0.2758467495,26.7342147827,16.1137733459,-31.8002872467,-0.7138890028,0.0004882962,-0.7269508839,-0.4450819492,0.4135868549,-0.4391003251,-0.0081024170,-0.1709652692,-0.0394762754,0.2831453085,0.7782894373,0.4881051183,-0.2758467495,0.0000000000,0.0000000000,0.0000000000,0.0000000000,0.0000000000,0.0000000000,-0.4362926185,0.3691518903,-0.2968840599,0.9852517247,-0.1663783491,-0.0458909273,0.3053771853,0.6660810709,0.1833949536,-0.6555076241,
7013.619,0.1220740378,-0.0610370189,0.9155552983,0.0634784997,0.0035401471,-1.0117496252,-0.1561326981,-0.0427259132,-0.4262825549,-0.0010400265,0.0076845265,-0.0138412118,0.0319588669,0.0891219229,-0.9956177473,0.0049420828,26.8562889099,15.9916992188,-31.7392501831,-0.7249976993,-0.0056154057,-0.7289040685,-0.4471572042,0.4117557406,-0.4400769174,-0.0201614499,-0.1690619886,-0.0385114551,0.2797714770,0.7774879932,0.4908688664,-0.2766435146,26.8562889099,15.9916992188,-31.7392501831,-0.7249976993,-0.0056154057,-0.7289040685,-0.4471572042,0.4117557406,-0.4400769174,-0.0201614499,-0.1690619886,-0.0385114551,0.2797714770,0.7774879932,0.4908688664,-0.2766435146,0.0000000000,0.0000000000,0.0000000000,0.0000000000,0.0000000000,0.0000000000,-0.4362926185,0.3681752980,-0.2968840599,0.9852515459,-0.1663788110,-0.0458912849,0.3054322302,0.6660656333,0.1834504753,-0.6554821134,
7013.632,0.1220740378,-0.1220740378,0.9765923023,0.0642109439,0.0031739250,-1.0112613440,-0.1557664722,-0.0415051728,-0.4292123318,-0.0002798587,0.0073141879,-0.0133510828,0.0319452062,0.0891257599,-0.9956178069,0.0049389158,28.2601394653,16.7851810455,-30.9457683563,-0.7208471894,-0.0183111057,-0.7276833653,-0.4530167580,0.4118778110,-0.4393444657,-0.0171326399,-0.1736487150,-0.0342819691,0.2762890160,0.7767317891,0.4935910702,-0.2774232924,28.2601394653,16.7851810455,-30.9457683563,-0.7208471894,-0.0183111057,-0.7276833653,-0.4530167580,0.4118778110,-0.4393444657,-0.0171326399,-0.1736487150,-0.0342819691,0.2762890160,0.7767317891,0.4935910702,-0.2774232924,0.0000000000,0.0000000000,0.0000000000,0.0000000000,0.0000000000,0.0000000000,-0.4348277152,0.3696402013,-0.2968840599,0.9852516651,-0.1663793027,-0.0458918214,0.3054918945,0.6660489440,0.1835106760,-0.6554545164,
7013.645,0.1220740378,-0.0610370189,0.9765923023,0.0644550920,0.0024414808,-1.0100406408,-0.1558885425,-0.0404065065,-0.4272591472,-0.0000203475,0.0065812478,-0.0121294260,0.0319376178,0.0891153812,-0.9956189990,0.0049376483,28.9315471649,16.7241439819,-30.7016201019,-0.7129123807,-0.0244148076,-0.7280495763,-0.4483779371,0.4089480340,-0.4387340844,-0.0103879571,-0.1715927422,-0.0316687822,0.2727622986,0.7759915590,0.4962573647,-0.2782271504,28.9315471649,16.7241439819,-30.7016201019,-0.7129123807,-0.0244148076,-0.7280495763,-0.4483779371,0.4089480340,-0.4387340844,-0.0103879571,-0.1715927422,-0.0316687822,0.2727622986,0.7759915590,0.4962573647,-0.2782271504,0.0000000000,0.0000000000,0.0000000000,0.0000000000,0.0000000000,0.0000000000,-0.4338511229,0.3691518903,-0.3066499829,0.9852514863,-0.1663797647,-0.0458922386,0.3055259585,0.6660393476,0.1835448742,-0.6554387808,
7013.658,0.0610370189,-0.0610370189,0.9765923023,0.0639667958,0.0037842952,-1.0100406408,-0.1540574431,-0.0441908017,-0.4260383844,-0.0004909560,0.0079062954,-0.0121281743,0.0319293700,0.0891598761,-0.9956153035,0.0049294326,29.3588066101,16.5410327911,-30.7016201019,-0.7013153434,-0.0332041383,-0.7256081104,-0.4510635734,0.4138309956,-0.4422742426,-0.0000292659,-0.1721576452,-0.0262967348,0.2692058086,0.7752389908,0.4989027679,-0.2790565491,29.3588066101,16.5410327911,-30.7016201019,-0.7013153434,-0.0332041383,-0.7256081104,-0.4510635734,0.4138309956,-0.4422742426,-0.0000292659,-0.1721576452,-0.0262967348,0.2692058086,0.7752389908,0.4989027679,-0.2790565491,0.0000000000,0.0000000000,0.0000000000,0.0000000000,0.0000000000,0.0000000000,-0.4362926185,0.3652455211,-0.3086031675,0.9852511883,-0.1663801670,-0.0458923578,0.3055428565,0.6660345197,0.1835616678,-0.6554309726,
7013.671,0.1220740378,-0.0610370189,0.9765923023,0.0645771697,0.0039063692,-1.0106509924,-0.1574755162,-0.0443128757,-0.4281136394,0.0001341924,0.0080207307,-0.0127375722,0.0319221653,0.0891952887,-0.9956123829,0.0049261008,29.5419178009,15.6254768372,-31.3119907379,-0.6767784953,-0.0535905026,-0.7282937169,-0.4477675855,0.4065065384,-0.4459364712,0.0232842565,-0.1841520369,-0.0261462331,0.2656050324,0.7744458318,0.5015487671,-0.2799647152,29.5419178009,15.6254768372,-31.3119907379,-0.6767784953,-0.0535905026,-0.7282937169,-0.4477675855,0.4065065384,-0.4459364712,0.0232842565,-0.1841520369,-0.0261462331,0.2656050324,0.7744458318,0.5015487671,-0.2799647152,0.0000000000,0.0000000000,0.0000000000,0.0000000000,0.0000000000,0.0000000000,-0.4975737929,0.3676870167,-0.2968840599,0.9852511287,-0.1663806289,-0.0458928347,0.3055595756,0.6660298109,0.1835782528,-0.6554233432,
7013.684,0.1831110567,-0.0610370189,0.9765923023,0.0639667958,0.0017090365,-1.0104068518,-0.1556444019,-0.0415051728,-0.4270149767,-0.0004585460,0.0058372775,-0.0124923587,0.0319127291,0.0891999081,-0.9956122637,0.0049323752,29.2367324829,14.3436994553,-31.8002872467,-0.6712851524,-0.0645771697,-0.7290261388,-0.4464247525,0.4065065384,-0.4520401657,0.0276582241,-0.1867021918,-0.0242513418,0.2620498538,0.7735887766,0.5041741133,-0.2809670568,29.2367324829,14.3436994553,-31.8002872467,-0.6712851524,-0.0645771697,-0.7290261388,-0.4464247525,0.4065065384,-0.4520401657,0.0276582241,-0.1867021918,-0.0242513418,0.2620498538,0.7735887766,0.5041741133,-0.2809670568,0.0000000000,0.0000000000,0.0000000000,0.0000000000,0.0000000000,0.0000000000,-0.4963530302,0.3652455211,-0.3086031675,0.9852510691,-0.1663810313,-0.0458931923,0.3055410981,0.6660349369,0.1835591048,-0.6554321051,
7013.697,0.1831110567,0.0000000000,0.9155552983,0.0642109439,0.0024414808,-1.0100406408,-0.1552781761,-0.0418713950,-0.4300668240,-0.0002088696,0.0065792212,-0.0121258497,0.0319094658,0.0892148688,-0.9956111312,0.0049373386,28.9315471649,12.6956996918,-32.2275466919,-0.6759239435,-0.0716574639,-0.7309793234,-0.4499649107,0.4067507088,-0.4449598789,0.0220686197,-0.1853316575,-0.0238531232,0.2586007416,0.7726120353,0.5068308115,-0.2820684016,28.9315471649,12.6956996918,-32.2275466919,-0.6759239435,-0.0716574639,-0.7309793234,-0.4499649107,0.4067507088,-0.4449598789,0.0220686197,-0.1853316575,-0.0238531232,0.2586007416,0.7726120353,0.5068308115,-0.2820684016,0.0000000000,0.0000000000,0.0000000000,0.0000000000,0.0000000000,0.0000000000,-0.4997711182,0.3637806475,-0.3066499829,0.9852510095,-0.1663814336,-0.0458935499,0.3055212200,0.6660404801,0.1835385412,-0.6554415226,
7013.710,0.1220740378,0.0000000000,0.9765923023,0.0637226477,0.0028077029,-1.0099185705,-0.1547898799,-0.0427259132,-0.4267708361,-0.0006892085,0.0069431351,-0.0120032430,0.0319054946,0.0892375708,-0.9956091642,0.0049365605,28.8705101013,9.8269596100,-31.9833984375,-0.7087618709,-0.0776390880,-0.7276833653,-0.4527726173,0.4010132253,-0.4458144009,-0.0113295913,-0.1829111427,-0.0187068582,0.2553355992,0.7715250850,0.5093926787,-0.2833998203,28.8705101013,9.8269596100,-31.9833984375,-0.7087618709,-0.0776390880,-0.7276833653,-0.4527726173,0.4010132253,-0.4458144009,-0.0113295913,-0.1829111427,-0.0187068582,0.2553355992,0.7715250850,0.5093926787,-0.2833998203,0.0000000000,0.0000000000,0.0000000000,0.0000000000,0.0000000000,0.0000000000,-0.4980620742,0.3628040552,-0.3086031675,0.9852509499,-0.1663818657,-0.0458940268,0.3054949641,0.6660478115,0.1835114807,-0.6554539204,
7013.723,0.1220740378,-0.0610370189,0.9765923023,0.0628681332,0.0046388134,-1.0105289221,-0.1523483992,-0.0379650258,-0.4311655164,-0.0015207902,0.0087629044,-0.0126120448,0.0318947323,0.0892034620,-0.9956125617,0.0049287910,29.6639919281,10.0100708008,-31.1899166107,-0.7175511718,-0.0828882754,-0.7249976993,-0.4502090514,0.4008911550,-0.4448378086,-0.0207378268,-0.1797674894,-0.0142187476,0.2520443201,0.7704744339,0.5118617415,-0.2847528756,29.6639919281,10.0100708008,-31.1899166107,-0.7175511718,-0.0828882754,-0.7249976993,-0.4502090514,0.4008911550,-0.4448378086,-0.0207378268,-0.1797674894,-0.0142187476,0.2520443201,0.7704744339,0.5118617415,-0.2847528756,0.0000000000,0.0000000000,0.0000000000,0.0000000000,0.0000000000,0.0000000000,-0.4975737929,0.3647572398,-0.2968840599,0.9852508307,-0.1663822979,-0.0458943248,0.3055035472,0.6660453677,0.1835198104,-0.6554500461,
7013.736,0.1220740378,0.0000000000,0.9765923023,0.0640888736,0.0017090365,-1.0104068518,-0.1510055810,-0.0389416181,-0.4286019504,-0.0002939031,0.0058363159,-0.0124895573,0.0318916105,0.0891866535,-0.9956141114,0.0049295663,30.7016201019,11.3528852463,-30.5185089111,-0.7138890028,-0.0899685696,-0.7280495763,-0.4511856437,0.3979613781,-0.4538712800,-0.0179381371,-0.1784087420,-0.0153288841,0.2486260533,0.7695139647,0.5142492652,-0.2860502601,30.7016201019,11.3528852463,-30.5185089111,-0.7138890028,-0.0899685696,-0.7280495763,-0.4511856437,0.3979613781,-0.4538712800,-0.0179381371,-0.1784087420,-0.0153288841,0.2486260533,0.7695139647,0.5142492652,-0.2860502601,0.0000000000,0.0000000000,0.0000000000,0.0000000000,0.0000000000,0.0000000000,-0.4965972006,0.3628040552,-0.2968840599,0.9852507114,-0.1663827449,-0.0458947420,0.3055070639,0.6660443544,0.1835229993,-0.6554485559,
7013.749,0.1831110567,0.0610370189,0.9765923023,0.0655537620,0.0018311106,-1.0106509924,-0.1524704695,-0.0395519882,-0.4340952933,0.0011593103,0.0059715966,-0.0127345920,0.0318969078,0.0891728550,-0.9956152439,0.0049362252,32.4716949463,13.9164400101,-30.2743606567,-0.6716513634,-0.1179235205,-0.7341532707,-0.4498428404,0.3944212198,-0.4541154206,0.0229483843,-0.1976234913,-0.0190882087,0.2448931485,0.7686677575,0.5166490674,-0.2872191072,32.4716949463,13.9164400101,-30.2743606567,-0.6716513634,-0.1179235205,-0.7341532707,-0.4498428404,0.3944212198,-0.4541154206,0.0229483843,-0.1976234913,-0.0190882087,0.2448931485,0.7686677575,0.5166490674,-0.2872191072,0.0000000000,0.0000000000,0.0000000000,0.0000000000,0.0000000000,0.0000000000,-0.4990386665,0.3657338321,-0.2968840599,0.9852507114,-0.1663831472,-0.0458951592,0.3055174947,0.6660413742,0.1835332215,-0.6554438472,
7013.762,0.1831110567,0.0000000000,1.0376293659,0.0646992400,0.0021973327,-1.0116275549,-0.1563768387,-0.0433362834,-0.4318979383,0.0003083944,0.0063498477,-0.0137109756,0.0318944789,0.0891926363,-0.9956134558,0.0049426914,32.4716949463,13.6112556458,-30.7626571655,-0.6468703151,-0.1303750724,-0.7367168069,-0.4476454854,0.3917355835,-0.4574114084,0.0463021994,-0.2012425810,-0.0193414092,0.2411193848,0.7677940726,0.5190603137,-0.2883986235,32.4716949463,13.6112556458,-30.7626571655,-0.6468703151,-0.1303750724,-0.7367168069,-0.4476454854,0.3917355835,-0.4574114084,0.0463021994,-0.2012425810,-0.0193414092,0.2411193848,0.7677940726,0.5190603137,-0.2883986235,0.0000000000,0.0000000000,0.0000000000,0.0000000000,0.0000000000,0.0000000000,-0.4992828071,0.3628040552,-0.2968840599,0.9852507114,-0.1663836241,-0.0458956957,0.3055193424,0.6660408974,0.1835346967,-0.6554431915,
7013.775,0.1220740378,0.0000000000,0.9765923023,0.0657979101,0.0028077029,-1.0107730627,-0.1541795135,-0.0448011719,-0.4298226833,0.0014049113,0.0069578444,-0.0128565431,0.0318954028,0.0892434567,-0.9956088662,0.0049432330,31.9223613739,11.4749593735,-31.4340648651,-0.6302682757,-0.1414838135,-0.7407452464,-0.4504531920,0.3883175254,-0.4547258019,0.0616480112,-0.2034842670,-0.0213395357,0.2374458611,0.7667959929,0.5215079188,-0.2896836400,31.9223613739,11.4749593735,-31.4340648651,-0.6302682757,-0.1414838135,-0.7407452464,-0.4504531920,0.3883175254,-0.4547258019,0.0616480112,-0.2034842670,-0.0213395357,0.2374458611,0.7667959929,0.5215079188,-0.2896836400,0.0000000000,0.0000000000,0.0000000000,0.0000000000,0.0000000000,0.0000000000,-0.5000152588,0.3598742783,-0.3066499829,0.9852504730,-0.1663840413,-0.0458958745,0.3054881692,0.6660495400,0.1835026443,-0.6554577947,
7013.788,0.1220740378,0.0000000000,0.9765923023,0.0651875362,0.0028077029,-1.0111392736,-0.1507614404,-0.0410168767,-0.4323862493,0.0007955208,0.0069554863,-0.0132227540,0.0318949670,0.0892538875,-0.9956079721,0.0049423482,30.3353977203,4.9439983368,-32.3496208191,-0.6438184977,-0.1568651348,-0.7459944487,-0.4520401657,0.3891720474,-0.4581438601,0.0476477146,-0.2100594193,-0.0254522562,0.2341534942,0.7655308247,0.5239059329,-0.2913778424,30.3353977203,4.9439983368,-32.3496208191,-0.6438184977,-0.1568651348,-0.7459944487,-0.4520401657,0.3891720474,-0.4581438601,0.0476477146,-0.2100594193,-0.0254522562,0.2341534942,0.7655308247,0.5239059329,-0.2913778424,0.0000000000,0.0000000000,0.0000000000,0.0000000000,0.0000000000,0.0000000000,-0.4978179336,0.3608508706,-0.3066499829,0.9852504134,-0.1663844734,-0.0458961725,0.3054613173,0.6660570502,0.1834749728,-0.6554704309,
7013.801,0.1220740378,0.0000000000,0.9765923023,0.0646992400,0.0041505173,-1.0107730627,-0.1513718069,-0.0396740623,-0.4283578098,0.0003105029,0.0082893148,-0.0128562450,0.0318937786,0.0892456993,-0.9956086874,0.0049374634,29.9081401825,2.3194067478,-32.4106559753,-0.6587114930,-0.1662648469,-0.7500228882,-0.4530167580,0.3857539594,-0.4576555789,0.0326130986,-0.2107027322,-0.0287520885,0.2310246825,0.7641581893,0.5262522697,-0.2932442725,29.9081401825,2.3194067478,-32.4106559753,-0.6587114930,-0.1662648469,-0.7500228882,-0.4530167580,0.3857539594,-0.4576555789,0.0326130986,-0.2107027322,-0.0287520885,0.2310246825,0.7641581893,0.5262522697,-0.2932442725,0.0000000000,0.0000000000,0.0000000000,0.0000000000,0.0000000000,0.0000000000,-0.4992828071,0.3613391519,-0.3086031675,0.9852504134,-0.1663849205,-0.0458965898,0.3054304123,0.6660656929,0.1834431887,-0.6554849744,
7013.814,0.1220740378,0.0000000000,0.9765923023,0.0644550920,0.0029297769,-1.0106509924,-0.1538132876,-0.0413830988,-0.4311655164,0.0000707433,0.0070656626,-0.0127339363,0.0318916813,0.0892525241,-0.9956082702,0.0049360339,29.7860660553,1.0376293659,-32.2885818481,-0.6761680841,-0.1757866144,-0.7502670288,-0.4581438601,0.3809930682,-0.4598529041,0.0151666999,-0.2115017176,-0.0285217762,0.2279892713,0.7627213001,0.5285571218,-0.2952088118,29.7860660553,1.0376293659,-32.2885818481,-0.6761680841,-0.1757866144,-0.7502670288,-0.4581438601,0.3809930682,-0.4598529041,0.0151666999,-0.2115017176,-0.0285217762,0.2279892713,0.7627213001,0.5285571218,-0.2952088118,0.0000000000,0.0000000000,0.0000000000,0.0000000000,0.0000000000,0.0000000000,-0.4975737929,0.3632923365,-0.3105563521,0.9852502942,-0.1663853526,-0.0458970070,0.3054015934,0.6660737395,0.1834135354,-0.6554985642,
7013.827,0.1220740378,-0.0610370189,0.9765923023,0.0629902035,0.0032959990,-1.0118716955,-0.1569872200,-0.0435804315,-0.4298226833,-0.0013715401,0.0074271965,-0.0139531493,0.0318804868,0.0892790705,-0.9956062436,0.0049335356,30.6405830383,1.5259255171,-32.2885818481,-0.6732383370,-0.1964171231,-0.7499008179,-0.4588763118,0.3814813793,-0.4578997195,0.0179847479,-0.2232433856,-0.0276637077,0.2248529643,0.7612872720,0.5308521390,-0.2971911728,30.6405830383,1.5259255171,-32.2885818481,-0.6732383370,-0.1964171231,-0.7499008179,-0.4588763118,0.3814813793,-0.4578997195,0.0179847479,-0.2232433856,-0.0276637077,0.2248529643,0.7612872720,0.5308521390,-0.2971911728,0.0000000000,0.0000000000,0.0000000000,0.0000000000,0.0000000000,0.0000000000,-0.4973296225,0.3623157442,-0.3105563521,0.9852502346,-0.1663857400,-0.0458973050,0.3053702712,0.6660824418,0.1833813339,-0.6555132866,
7013.840,0.1220740378,-0.0610370189,0.9765923023,0.0654316843,0.0024414808,-1.0108951330,-0.1574755162,-0.0433362834,-0.4333628416,0.0010801181,0.0065722149,-0.0129759312,0.0318753272,0.0893000737,-0.9956045151,0.0049335216,31.0068054199,1.7700735331,-32.5937690735,-0.6653035283,-0.2030091286,-0.7488021255,-0.4536271393,0.3761101067,-0.4625385404,0.0257041454,-0.2208686471,-0.0260818601,0.2216545492,0.7598637938,0.5331141949,-0.2991807759,31.0068054199,1.7700735331,-32.5937690735,-0.6653035283,-0.2030091286,-0.7488021255,-0.4536271393,0.3761101067,-0.4625385404,0.0257041454,-0.2208686471,-0.0260818601,0.2216545492,0.7598637938,0.5331141949,-0.2991807759,0.0000000000,0.0000000000,0.0000000000,0.0000000000,0.0000000000,0.0000000000,-0.4995269775,0.3623157442,-0.3105563521,0.9852501154,-0.1663861871,-0.0458976626,0.3053377867,0.6660915017,0.1833479553,-0.6555285454,
7013.853,0.1220740378,-0.0610370189,0.9765923023,0.0662862062,0.0034180731,-1.0101627111,-0.1563768387,-0.0412610248,-0.4323862493,0.0019403249,0.0075435117,-0.0122430921,0.0318727382,0.0892976746,-0.9956048131,0.0049305512,31.1899166107,1.5259255171,-32.8379173279,-0.6573687196,-0.2070375681,-0.7486800551,-0.4591204524,0.3750114441,-0.4648579359,0.0333775878,-0.2158962190,-0.0255438685,0.2184523046,0.7584069371,0.5353789926,-0.3011818230,31.1899166107,1.5259255171,-32.8379173279,-0.6573687196,-0.2070375681,-0.7486800551,-0.4591204524,0.3750114441,-0.4648579359,0.0333775878,-0.2158962190,-0.0255438685,0.2184523046,0.7584069371,0.5353789926,-0.3011818230,0.0000000000,0.0000000000,0.0000000000,0.0000000000,0.0000000000,0.0000000000,-0.4968413413,0.3613391519,-0.3086031675,0.9852501154,-0.1663866043,-0.0458980799,0.3053089678,0.6660995483,0.1833182871,-0.6555421352,
7013.866,0.1220740378,-0.1220740378,0.9765923023,0.0654316843,0.0026856288,-1.0113834143,-0.1574755162,-0.0411389507,-0.4309213459,0.0011067018,0.0068094311,-0.0134624243,0.0318624228,0.0892910138,-0.9956057072,0.0049285865,31.2509536743,0.3662221134,-32.9599914551,-0.6532181501,-0.2172917873,-0.7372050881,-0.4629047513,0.3745231628,-0.4680318534,0.0373728275,-0.2171106786,-0.0138663650,0.2152971178,0.7568907142,0.5376148224,-0.3032783568,31.2509536743,0.3662221134,-32.9599914551,-0.6532181501,-0.2172917873,-0.7372050881,-0.4629047513,0.3745231628,-0.4680318534,0.0373728275,-0.2171106786,-0.0138663650,0.2152971178,0.7568907142,0.5376148224,-0.3032783568,0.0000000000,0.0000000000,0.0000000000,0.0000000000,0.0000000000,0.0000000000,-0.4997711182,0.3647572398,-0.3105563521,0.9852497578,-0.1663870066,-0.0458982587,0.3052836061,0.6661065221,0.1832921505,-0.6555539966,
7013.879,0.1220740378,-0.1220740378,0.9765923023,0.0638447255,0.0031739250,-1.0111392736,-0.1530808508,-0.0417493209,-0.4232306778,-0.0004517362,0.0072936802,-0.0132164359,0.0318483077,0.0893066749,-0.9956047535,0.0049257940,31.3119907379,-0.2441480756,-32.8989524841,-0.6562700272,-0.2275460064,-0.7339091301,-0.4610736370,0.3767204881,-0.4699850380,0.0342008471,-0.2183200717,-0.0105144978,0.2121657431,0.7553508282,0.5398020148,-0.3054315150,31.3119907379,-0.2441480756,-32.8989524841,-0.6562700272,-0.2275460064,-0.7339091301,-0.4610736370,0.3767204881,-0.4699850380,0.0342008471,-0.2183200717,-0.0105144978,0.2121657431,0.7553508282,0.5398020148,-0.3054315150,0.0000000000,0.0000000000,0.0000000000,0.0000000000,0.0000000000,0.0000000000,-0.4985503852,0.3618274629,-0.3105563521,0.9852498770,-0.1663874686,-0.0458987951,0.3052507639,0.6661157608,0.1832583994,-0.6555694938,
7013.892,0.0610370189,-0.1220740378,0.9765923023,0.0639667958,0.0008545183,-1.0102847815,-0.1543015838,-0.0432142094,-0.4272591472,-0.0003021806,0.0049710600,-0.0123601556,0.0318345912,0.0893365890,-0.9956026673,0.0049239169,31.4340648651,-0.6103702188,-32.6548042297,-0.6670125723,-0.2349925190,-0.7280495763,-0.4597308338,0.3723258078,-0.4741355777,0.0233695507,-0.2167486399,-0.0047414899,0.2090618163,0.7538037300,0.5419203639,-0.3076347113,31.4340648651,-0.6103702188,-32.6548042297,-0.6670125723,-0.2349925190,-0.7280495763,-0.4597308338,0.3723258078,-0.4741355777,0.0233695507,-0.2167486399,-0.0047414899,0.2090618163,0.7538037300,0.5419203639,-0.3076347113,0.0000000000,0.0000000000,0.0000000000,0.0000000000,0.0000000000,0.0000000000,-0.5000152588,0.3603625596,-0.3105563521,0.9852496386,-0.1663878411,-0.0458990335,0.3052129447,0.6661262512,0.1832196116,-0.6555871964,
7013.905,0.1220740378,0.0000000000,0.9765923023,0.0622577593,0.0018311106,-1.0104068518,-0.1527146250,-0.0417493209,-0.4257942438,-0.0019966736,0.0059502558,-0.0124813318,0.0318271406,0.0893524140,-0.9956014156,0.0049250680,32.1665077209,0.4882961512,-32.2885818481,-0.6577349305,-0.2524491251,-0.7242652774,-0.4603411853,0.3692739606,-0.4719382226,0.0323467851,-0.2250927091,-0.0009577274,0.2058458179,0.7522920370,0.5440168381,-0.3097962737,32.1665077209,0.4882961512,-32.2885818481,-0.6577349305,-0.2524491251,-0.7242652774,-0.4603411853,0.3692739606,-0.4719382226,0.0323467851,-0.2250927091,-0.0009577274,0.2058458179,0.7522920370,0.5440168381,-0.3097962737,0.0000000000,0.0000000000,0.0000000000,0.0000000000,0.0000000000,0.0000000000,-0.4987945259,0.3603625596,-0.3125095367,0.9852495790,-0.1663882583,-0.0458994508,0.3051714301,0.6661378145,0.1831770539,-0.6556066871,
7013.918,0.1220740378,0.0000000000,0.9765923023,0.0628681332,0.0026856288,-1.0101627111,-0.1540574431,-0.0413830988,-0.4245735109,-0.0013749003,0.0068031368,-0.0122364163,0.0318214968,0.0893598199,-0.9956009388,0.0049239779,32.1665077209,0.3051851094,-32.2275466919,-0.6566362381,-0.2590411007,-0.7231665850,-0.4580217898,0.3685415089,-0.4703512788,0.0331108570,-0.2225934565,0.0000591874,0.2026421577,0.7507647872,0.5460851192,-0.3119667768,32.1665077209,0.3051851094,-32.2275466919,-0.6566362381,-0.2590411007,-0.7231665850,-0.4580217898,0.3685415089,-0.4703512788,0.0331108570,-0.2225934565,0.0000591874,0.2026421577,0.7507647872,0.5460851192,-0.3119667768,0.0000000000,0.0000000000,0.0000000000,0.0000000000,0.0000000000,0.0000000000,-0.4968413413,0.3593859673,-0.3086031675,0.9852495193,-0.1663886458,-0.0458998084,0.3051377833,0.6661471725,0.1831424981,-0.6556224823,
7013.931,0.1220740378,0.0000000000,0.9765923023,0.0626239851,0.0045167394,-1.0107730627,-0.1540574431,-0.0429700613,-0.4268929064,-0.0016063154,0.0086235777,-0.0128459334,0.0318154879,0.0893875733,-0.9955986142,0.0049189790,32.0444335938,-0.1831110567,-32.1665077209,-0.6551713347,-0.2663655579,-0.7221900225,-0.4593645930,0.3691518903,-0.4687643051,0.0342444181,-0.2208604813,0.0008385181,0.1994765103,0.7492029667,0.5481358767,-0.3141573966,32.0444335938,-0.1831110567,-32.1665077209,-0.6551713347,-0.2663655579,-0.7221900225,-0.4593645930,0.3691518903,-0.4687643051,0.0342444181,-0.2208604813,0.0008385181,0.1994765103,0.7492029667,0.5481358767,-0.3141573966,0.0000000000,0.0000000000,0.0000000000,0.0000000000,0.0000000000,0.0000000000,-0.4987945259,0.3593859673,-0.3125095367,0.9852494001,-0.1663890332,-0.0459002852,0.3050938249,0.6661593914,0.1830974668,-0.6556431055,
7013.944,0.1220740378,0.0610370189,0.9765923023,0.0631122813,0.0052491836,-1.0106509924,-0.1523483992,-0.0391857661,-0.4204230011,-0.0011184439,0.0093417829,-0.0127238035,0.0318164118,0.0893718228,-0.9956000447,0.0049114004,31.6782131195,-1.5869624615,-31.6782131195,-0.6598101854,-0.2804040611,-0.7251197696,-0.4655903876,0.3624378145,-0.4732810557,0.0294034481,-0.2259359658,-0.0025181770,0.1964135468,0.7475960255,0.5501315594,-0.3164189160,31.6782131195,-1.5869624615,-31.6782131195,-0.6598101854,-0.2804040611,-0.7251197696,-0.4655903876,0.3624378145,-0.4732810557,0.0294034481,-0.2259359658,-0.0025181770,0.1964135468,0.7475960255,0.5501315594,-0.3164189160,0.0000000000,0.0000000000,0.0000000000,0.0000000000,0.0000000000,0.0000000000,-0.4970854819,0.3564561903,-0.3066499829,0.9852494001,-0.1663894802,-0.0459006429,0.3050566018,0.6661697626,0.1830592752,-0.6556605697,
7013.957,0.1220740378,0.0610370189,0.9765923023,0.0648213178,0.0040284432,-1.0105289221,-0.1552781761,-0.0388195440,-0.4232306778,0.0005817264,0.0081129055,-0.0126022696,0.0318213403,0.0893426538,-0.9956025481,0.0049068113,31.6171760559,-1.8311105967,-31.3119907379,-0.6681112051,-0.2906582952,-0.7251197696,-0.4701071084,0.3595080376,-0.4726706743,0.0208996534,-0.2272873819,-0.0030506849,0.1933913082,0.7459680438,0.5520960689,-0.3186930716,31.6171760559,-1.8311105967,-31.3119907379,-0.6681112051,-0.2906582952,-0.7251197696,-0.4701071084,0.3595080376,-0.4726706743,0.0208996534,-0.2272873819,-0.0030506849,0.1933913082,0.7459680438,0.5520960689,-0.3186930716,0.0000000000,0.0000000000,0.0000000000,0.0000000000,0.0000000000,0.0000000000,-0.4968413413,0.3603625596,-0.3066499829,0.9852492809,-0.1663898826,-0.0459010601,0.3050310612,0.6661768556,0.1830329448,-0.6556726098,
7013.970,0.1220740378,0.0610370189,0.9765923023,0.0655537620,0.0037842952,-1.0107730627,-0.1551561058,-0.0427259132,-0.4260383844,0.0013018325,0.0078618731,-0.0128471851,0.0318276957,0.0893643796,-0.9956003428,0.0049046297,31.8002872467,-1.3428144455,-30.7016201019,-0.6765342951,-0.3012787402,-0.7249976993,-0.4691305161,0.3574327826,-0.4720602930,0.0121850967,-0.2290634215,-0.0034810901,0.1903575808,0.7443686724,0.5540011525,-0.3209449649,31.8002872467,-1.3428144455,-30.7016201019,-0.6765342951,-0.3012787402,-0.7249976993,-0.4691305161,0.3574327826,-0.4720602930,0.0121850967,-0.2290634215,-0.0034810901,0.1903575808,0.7443686724,0.5540011525,-0.3209449649,0.0000000000,0.0000000000,0.0000000000,0.0000000000,0.0000000000,0.0000000000,-0.4965972006,0.3584093750,-0.3086031675,0.9852492213,-0.1663902998,-0.0459013581,0.3049954474,0.6661867499,0.1829963773,-0.6556892991,
7013.983,0.1220740378,0.0610370189,0.9765923023,0.0636005774,0.0040284432,-1.0121158361,-0.1558885425,-0.0413830988,-0.4259163141,-0.0006536320,0.0080979913,-0.0141900778,0.0318291783,0.0893665254,-0.9956002235,0.0049007996,32.2885818481,-0.0610370189,-29.4198436737,-0.6653035283,-0.3255714476,-0.7223120928,-0.4675435722,0.3546250761,-0.4774315655,0.0228992701,-0.2445310354,-0.0012397766,0.1872172505,0.7428714037,0.5558075905,-0.3231308162,32.2885818481,-0.0610370189,-29.4198436737,-0.6653035283,-0.3255714476,-0.7223120928,-0.4675435722,0.3546250761,-0.4774315655,0.0228992701,-0.2445310354,-0.0012397766,0.1872172505,0.7428714037,0.5558075905,-0.3231308162,0.0000000000,0.0000000000,0.0000000000,0.0000000000,0.0000000000,0.0000000000,-0.4978179336,0.3588976860,-0.3535264134,0.9852491617,-0.1663907021,-0.0459017754,0.3048610389,0.6662242413,0.1828594804,-0.6557519436,
7013.996,0.1220740378,0.0610370189,0.9765923023,0.0649433881,0.0035401471,-1.0102847815,-0.1524704695,-0.0390636921,-0.4306772053,0.0006797537,0.0076040849,-0.0123596191,0.0318342261,0.0893465653,-0.9956018329,0.0048977891,33.2041397095,2.0752587318,-28.8705101013,-0.6581011415,-0.3342387080,-0.7192602158,-0.4662007391,0.3514511585,-0.4729148149,0.0292598605,-0.2443241775,0.0015630126,0.1839261204,0.7414548397,0.5575839877,-0.3252069354,33.2041397095,2.0752587318,-28.8705101013,-0.6581011415,-0.3342387080,-0.7192602158,-0.4662007391,0.3514511585,-0.4729148149,0.0292598605,-0.2443241775,0.0015630126,0.1839261204,0.7414548397,0.5575839877,-0.3252069354,0.0000000000,0.0000000000,0.0000000000,0.0000000000,0.0000000000,0.0000000000,-0.4963530302,0.3588976860,-0.3125095367,0.9852490425,-0.1663911045,-0.0459021330,0.3048185110,0.6662360430,0.1828158945,-0.6557718515,
7014.009,0.1220740378,0.0610370189,0.9765923023,0.0662862062,0.0034180731,-1.0113834143,-0.1551561058,-0.0422376171,-0.4243293703,0.0020069405,0.0074770539,-0.0134592056,0.0318421684,0.0893623829,-0.9956001639,0.0048965262,33.3872489929,1.9531846046,-28.4432506561,-0.6456496119,-0.3397320509,-0.7134006619,-0.4681539237,0.3490096629,-0.4766991138,0.0408235192,-0.2409775257,0.0071119666,0.1806318462,0.7400496006,0.5593091846,-0.3272854984,33.3872489929,1.9531846046,-28.4432506561,-0.6456496119,-0.3397320509,-0.7134006619,-0.4681539237,0.3490096629,-0.4766991138,0.0408235192,-0.2409775257,0.0071119666,0.1806318462,0.7400496006,0.5593091846,-0.3272854984,0.0000000000,0.0000000000,0.0000000000,0.0000000000,0.0000000000,0.0000000000,-0.4970854819,0.3559679091,-0.3554795980,0.9852489829,-0.1663915068,-0.0459024310,0.3046731949,0.6662765145,0.1826679260,-0.6558395028,
7014.022,0.1220740378,0.0610370189,0.9765923023,0.0660420582,0.0046388134,-1.0115054846,-0.1586962491,-0.0415051728,-0.4264046252,0.0017484725,0.0086868405,-0.0135821700,0.0318498202,0.0893583149,-0.9956002831,0.0048915814,33.5093231201,1.5259255171,-28.1380653381,-0.6367381811,-0.3435163498,-0.7026581764,-0.4694967568,0.3446150124,-0.4834131896,0.0488592386,-0.2359543145,0.0174273252,0.1773548573,0.7386441827,0.5609736443,-0.3293972015,33.5093231201,1.5259255171,-28.1380653381,-0.6367381811,-0.3435163498,-0.7026581764,-0.4694967568,0.3446150124,-0.4834131896,0.0488592386,-0.2359543145,0.0174273252,0.1773548573,0.7386441827,0.5609736443,-0.3293972015,0.0000000000,0.0000000000,0.0000000000,0.0000000000,0.0000000000,0.0000000000,-0.4997711182,0.3569445014,-0.3535264134,0.9852489233,-0.1663918644,-0.0459027886,0.3045337498,0.6663153172,0.1825259477,-0.6559044123,
7014.035,0.1220740378,0.0610370189,0.9155552983,0.0659199804,0.0028077029,-1.0117496252,-0.1574755162,-0.0408948027,-0.4267708361,0.0016127899,0.0068531889,-0.0138272047,0.0318567380,0.0893548653,-0.9956003428,0.0048908154,33.3872489929,-0.2441480756,-27.8328800201,-0.6294137239,-0.3537705541,-0.6971648335,-0.4693746865,0.3438825607,-0.4802392721,0.0554797649,-0.2374427617,0.0222277045,0.1741759479,0.7371769547,0.5625925660,-0.3316119015,33.3872489929,-0.2441480756,-27.8328800201,-0.6294137239,-0.3537705541,-0.6971648335,-0.4693746865,0.3438825607,-0.4802392721,0.0554797649,-0.2374427617,0.0222277045,0.1741759479,0.7371769547,0.5625925660,-0.3316119015,0.0000000000,0.0000000000,0.0000000000,0.0000000000,0.0000000000,0.0000000000,-0.4975737929,0.3559679091,-0.3574327826,0.9852486849,-0.1663921922,-0.0459030271,0.3043855727,0.6663564444,0.1823751032,-0.6559732556,
7014.048,0.1220740378,0.0000000000,0.9155552983,0.0651875362,0.0039063692,-1.0112613440,-0.1567430645,-0.0389416181,-0.4265266955,0.0008808523,0.0079438984,-0.0133388042,0.0318569653,0.0893282592,-0.9956028461,0.0048859757,33.5093231201,-0.6714072227,-27.8328800201,-0.6294137239,-0.3608508706,-0.6909390688,-0.4704733491,0.3421735168,-0.4858546853,0.0547949672,-0.2357538939,0.0276334286,0.1710105985,0.7356913686,0.5641703606,-0.3338699341,33.5093231201,-0.6714072227,-27.8328800201,-0.6294137239,-0.3608508706,-0.6909390688,-0.4704733491,0.3421735168,-0.4858546853,0.0547949672,-0.2357538939,0.0276334286,0.1710105985,0.7356913686,0.5641703606,-0.3338699341,0.0000000000,0.0000000000,0.0000000000,0.0000000000,0.0000000000,0.0000000000,-0.4992828071,0.3525498211,-0.3593859673,0.9852487445,-0.1663925648,-0.0459034443,0.3042236567,0.6664014459,0.1822102964,-0.6560485363,
7014.061,0.1831110567,0.0000000000,0.9155552983,0.0656758323,0.0035401471,-1.0108951330,-0.1552781761,-0.0413830988,-0.4226203263,0.0013671666,0.0075821942,-0.0129727721,0.0318577029,0.0893386751,-0.9956018329,0.0048886496,33.7534713745,-0.6103702188,-27.8328800201,-0.6291695833,-0.3673207760,-0.6859340072,-0.4729148149,0.3347270191,-0.4873195589,0.0543086529,-0.2334405631,0.0317506194,0.1678345054,0.7341924310,0.5657274723,-0.3361387551,33.7534713745,-0.6103702188,-27.8328800201,-0.6291695833,-0.3673207760,-0.6859340072,-0.4729148149,0.3347270191,-0.4873195589,0.0543086529,-0.2334405631,0.0317506194,0.1678345054,0.7341924310,0.5657274723,-0.3361387551,0.0000000000,0.0000000000,0.0000000000,0.0000000000,0.0000000000,0.0000000000,-0.4968413413,0.3559679091,-0.3574327826,0.9852485657,-0.1663929224,-0.0459036827,0.3040774167,0.6664419770,0.1820614189,-0.6561164260,
7014.074,0.1220740378,0.0000000000,0.9765923023,0.0653096139,0.0013428144,-1.0116275549,-0.1567430645,-0.0416272469,-0.4295785427,0.0010010600,0.0053902655,-0.0137051940,0.0318573974,0.0893407837,-0.9956015944,0.0048914049,34.7910995483,0.4882961512,-28.0770282745,-0.6213568449,-0.3867305517,-0.6760460138,-0.4743797183,0.3358256817,-0.4896389544,0.0611938238,-0.2438523322,0.0407862663,0.1645044684,0.7327060103,0.5672759414,-0.3384111822,34.7910995483,0.4882961512,-28.0770282745,-0.6213568449,-0.3867305517,-0.6760460138,-0.4743797183,0.3358256817,-0.4896389544,0.0611938238,-0.2438523322,0.0407862663,0.1645044684,0.7327060103,0.5672759414,-0.3384111822,0.0000000000,0.0000000000,0.0000000000,0.0000000000,0.0000000000,0.0000000000,-0.4983062148,0.3569445014,-0.3574327826,0.9852485657,-0.1663933247,-0.0459040999,0.3039338291,0.6664817929,0.1819152385,-0.6561831236,
7014.087,0.1220740378,0.0000000000,0.9765923023,0.0648213178,0.0026856288,-1.0108951330,-0.1557664722,-0.0396740623,-0.4272591472,0.0005150288,0.0067318203,-0.0129725933,0.0318564214,0.0893208161,-0.9956034422,0.0048900363,35.1573219299,0.7324442267,-28.4432506561,-0.6085391045,-0.3941770792,-0.6760460138,-0.4736472666,0.3311868608,-0.4873195589,0.0729568005,-0.2422173023,0.0399218798,0.1611152142,0.7311992645,0.5688368082,-0.3406727910,35.1573219299,0.7324442267,-28.4432506561,-0.6085391045,-0.3941770792,-0.6760460138,-0.4736472666,0.3311868608,-0.4873195589,0.0729568005,-0.2422173023,0.0399218798,0.1611152142,0.7311992645,0.5688368082,-0.3406727910,0.0000000000,0.0000000000,0.0000000000,0.0000000000,0.0000000000,0.0000000000,-0.4963530302,0.3505966365,-0.3535264134,0.9852485657,-0.1663936824,-0.0459045172,0.3037819564,0.6665238738,0.1817606688,-0.6562535763,
7014.100,0.1831110567,0.0000000000,0.9765923023,0.0649433881,0.0028077029,-1.0117496252,-0.1562547684,-0.0377208777,-0.4282357395,0.0006390363,0.0068626804,-0.0138270259,0.0318552963,0.0892741084,-0.9956076145,0.0048928331,35.1573219299,0.2441480756,-28.8705101013,-0.6036561131,-0.4013794363,-0.6748253107,-0.4748679996,0.3295999169,-0.4828028083,0.0767721534,-0.2403038442,0.0401649475,0.1577428430,0.7296299338,0.5704200268,-0.3429607749,35.1573219299,0.2441480756,-28.8705101013,-0.6036561131,-0.4013794363,-0.6748253107,-0.4748679996,0.3295999169,-0.4828028083,0.0767721534,-0.2403038442,0.0401649475,0.1577428430,0.7296299338,0.5704200268,-0.3429607749,0.0000000000,0.0000000000,0.0000000000,0.0000000000,0.0000000000,0.0000000000,-0.4978179336,0.3491317630,-0.3535264134,0.9852483869,-0.1663939804,-0.0459046364,0.3036257625,0.6665670276,0.1816017330,-0.6563259363,
7014.113,0.1220740378,-0.0610370189,0.9765923023,0.0650654659,0.0010986663,-1.0113834143,-0.1560106277,-0.0405285805,-0.4266487658,0.0007729456,0.0051601855,-0.0134600997,0.0318491459,0.0892649516,-0.9956086278,0.0048952689,34.7300643921,-1.9531846046,-29.4808807373,-0.6130558252,-0.4160283208,-0.6745811105,-0.4690084457,0.3228858411,-0.4876857698,0.0665332079,-0.2458235174,0.0390915871,0.1544810086,0.7279598713,0.5719743371,-0.3453972638,34.7300643921,-1.9531846046,-29.4808807373,-0.6130558252,-0.4160283208,-0.6745811105,-0.4690084457,0.3228858411,-0.4876857698,0.0665332079,-0.2458235174,0.0390915871,0.1544810086,0.7279598713,0.5719743371,-0.3453972638,0.0000000000,0.0000000000,0.0000000000,0.0000000000,0.0000000000,0.0000000000,-0.4968413413,0.3515732288,-0.3554795980,0.9852483273,-0.1663943380,-0.0459049940,0.3034739494,0.6666089892,0.1814472377,-0.6563962698,
7014.126,0.1220740378,-0.0610370189,0.9765923023,0.0655537620,0.0031739250,-1.0111392736,-0.1564989239,-0.0388195440,-0.4292123318,0.0012705252,0.0072317030,-0.0132153034,0.0318448432,0.0892318487,-0.9956118464,0.0048919297,34.9131736755,-2.1362955570,-29.4808807373,-0.6200140119,-0.4251838624,-0.6738486886,-0.4712058008,0.3226416707,-0.4850001633,0.0587236285,-0.2458545417,0.0383988023,0.1512345076,0.7262586355,0.5735118389,-0.3478568494,34.9131736755,-2.1362955570,-29.4808807373,-0.6200140119,-0.4251838624,-0.6738486886,-0.4712058008,0.3226416707,-0.4850001633,0.0587236285,-0.2458545417,0.0383988023,0.1512345076,0.7262586355,0.5735118389,-0.3478568494,0.0000000000,0.0000000000,0.0000000000,0.0000000000,0.0000000000,0.0000000000,-0.4973296225,0.3505966365,-0.3574327826,0.9852483273,-0.1663946807,-0.0459054112,0.3033159077,0.6666526198,0.1812864244,-0.6564694643,
7014.139,0.1220740378,-0.0610370189,0.9765923023,0.0664082766,0.0023194067,-1.0121158361,-0.1568651348,-0.0428479873,-0.4233527780,0.0021304190,0.0063776919,-0.0141915083,0.0318420455,0.0892514214,-0.9956101179,0.0048925681,35.5235443115,-1.0376293659,-29.3588066101,-0.6200140119,-0.4365367591,-0.6740928292,-0.4707174897,0.3184911609,-0.4869533479,0.0576819181,-0.2480333000,0.0367767811,0.1478922069,0.7245943546,0.5750144124,-0.3502757251,35.5235443115,-1.0376293659,-29.3588066101,-0.6200140119,-0.4365367591,-0.6740928292,-0.4707174897,0.3184911609,-0.4869533479,0.0576819181,-0.2480333000,0.0367767811,0.1478922069,0.7245943546,0.5750144124,-0.3502757251,0.0000000000,0.0000000000,0.0000000000,0.0000000000,0.0000000000,0.0000000000,-0.5000152588,0.3520615399,-0.3593859673,0.9852480888,-0.1663950384,-0.0459056497,0.3031573594,0.6666963100,0.1811251044,-0.6565427780,
7014.152,0.1220740378,-0.1220740378,0.9765923023,0.0656758323,0.0034180731,-1.0107730627,-0.1554002464,-0.0395519882,-0.4286019504,0.0014171004,0.0074714203,-0.0128475428,0.0318328217,0.0892310739,-0.9956122637,0.0048886002,36.7442855835,1.4038513899,-29.6639919281,-0.5905941725,-0.4608294964,-0.6715292931,-0.4709616303,0.3177587092,-0.4876857698,0.0856051445,-0.2628785968,0.0381970406,0.1442741156,0.7229865193,0.5765392780,-0.3525929749,36.7442855835,1.4038513899,-29.6639919281,-0.5905941725,-0.4608294964,-0.6715292931,-0.4709616303,0.3177587092,-0.4876857698,0.0856051445,-0.2628785968,0.0381970406,0.1442741156,0.7229865193,0.5765392780,-0.3525929749,0.0000000000,0.0000000000,0.0000000000,0.0000000000,0.0000000000,0.0000000000,-0.4973296225,0.3501083553,-0.3593859673,0.9852480888,-0.1663953960,-0.0459059477,0.3029955924,0.6667408943,0.1809605211,-0.6566175818,
7014.165,0.1220740378,-0.1220740378,0.9765923023,0.0662862062,0.0026856288,-1.0107730627,-0.1552781761,-0.0424817652,-0.4246955812,0.0020435080,0.0067376788,-0.0128465295,0.0318247899,0.0892502964,-0.9956108928,0.0048878505,36.7442855835,0.8545182943,-30.0912494659,-0.5732597113,-0.4703512788,-0.6693319678,-0.4724265337,0.3160496950,-0.4846339226,0.1013944149,-0.2628978491,0.0391501784,0.1406533569,0.7213150859,0.5780912042,-0.3549303412,36.7442855835,0.8545182943,-30.0912494659,-0.5732597113,-0.4703512788,-0.6693319678,-0.4724265337,0.3160496950,-0.4846339226,0.1013944149,-0.2628978491,0.0391501784,0.1406533569,0.7213150859,0.5780912042,-0.3549303412,0.0000000000,0.0000000000,0.0000000000,0.0000000000,0.0000000000,0.0000000000,-0.4983062148,0.3520615399,-0.3574327826,0.9852480888,-0.1663957238,-0.0459063649,0.3028434813,0.6667827964,0.1808057576,-0.6566879153,
7014.178,0.1220740378,-0.1831110567,0.9765923023,0.0654316843,0.0034180731,-1.0108951330,-0.1578417271,-0.0397961363,-0.4277474284,0.0012198463,0.0074652103,-0.0129665136,0.0318097398,0.0892268717,-0.9956133366,0.0048832735,36.2559890747,-0.9155552983,-30.6405830383,-0.5637379289,-0.4788964391,-0.6661580205,-0.4737693369,0.3100680709,-0.4881740808,0.1094921231,-0.2619460225,0.0408332944,0.1371234208,0.7195421457,0.5796537399,-0.3573535085,36.2559890747,-0.9155552983,-30.6405830383,-0.5637379289,-0.4788964391,-0.6661580205,-0.4737693369,0.3100680709,-0.4881740808,0.1094921231,-0.2619460225,0.0408332944,0.1371234208,0.7195421457,0.5796537399,-0.3573535085,0.0000000000,0.0000000000,0.0000000000,0.0000000000,0.0000000000,0.0000000000,-0.4978179336,0.3481551707,-0.3574327826,0.9852479100,-0.1663960814,-0.0459065437,0.3026812375,0.6668273807,0.1806407124,-0.6567627788,
7014.191,0.1220740378,-0.1220740378,0.9155552983,0.0660420582,0.0017090365,-1.0104068518,-0.1578417271,-0.0426038392,-0.4318979383,0.0018470511,0.0057590366,-0.0124772191,0.0318011306,0.0892439708,-0.9956122041,0.0048844912,34.7910995483,-6.2257757187,-31.4340648651,-0.5782647133,-0.4974516928,-0.6623737216,-0.4749900699,0.3077486455,-0.4897610545,0.0941524506,-0.2710967362,0.0424401760,0.1339409053,0.7175180912,0.5812216997,-0.3600734472,34.7910995483,-6.2257757187,-31.4340648651,-0.5782647133,-0.4974516928,-0.6623737216,-0.4749900699,0.3077486455,-0.4897610545,0.0941524506,-0.2710967362,0.0424401760,0.1339409053,0.7175180912,0.5812216997,-0.3600734472,0.0000000000,0.0000000000,0.0000000000,0.0000000000,0.0000000000,0.0000000000,-0.4980620742,0.3442488015,-0.3593859673,0.9852479100,-0.1663964391,-0.0459069610,0.3025045693,0.6668759584,0.1804610342,-0.6568443179,
7014.204,0.1220740378,-0.1220740378,0.9765923023,0.0650654659,0.0037842952,-1.0111392736,-0.1567430645,-0.0413830988,-0.4292123318,0.0008923113,0.0078275809,-0.0132081509,0.0317905359,0.0892438218,-0.9956125021,0.0048801634,34.3638420105,-8.2399978638,-31.3730278015,-0.5913266540,-0.5053865314,-0.6620075107,-0.4762108326,0.3067720532,-0.4913479984,0.0805022120,-0.2697400749,0.0403184891,0.1309124231,0.7154134512,0.5827437639,-0.3629034758,34.3638420105,-8.2399978638,-31.3730278015,-0.5913266540,-0.5053865314,-0.6620075107,-0.4762108326,0.3067720532,-0.4913479984,0.0805022120,-0.2697400749,0.0403184891,0.1309124231,0.7154134512,0.5827437639,-0.3629034758,0.0000000000,0.0000000000,0.0000000000,0.0000000000,0.0000000000,0.0000000000,-0.4968413413,0.3442488015,-0.3554795980,0.9852477312,-0.1663967669,-0.0459071398,0.3023371696,0.6669218540,0.1802907884,-0.6569214463,
7014.217,0.1220740378,-0.1220740378,0.9765923023,0.0640888736,0.0019531846,-1.0111392736,-0.1563768387,-0.0428479873,-0.4298226833,-0.0000577569,0.0059988289,-0.0132064819,0.0317771025,0.0892634168,-0.9956111908,0.0048807757,34.2417678833,-9.3997011185,-31.1288795471,-0.5984069109,-0.5105136037,-0.6623737216,-0.4769432545,0.3023774028,-0.4904934764,0.0729423165,-0.2656761110,0.0372629166,0.1279782653,0.7132686973,0.5842174292,-0.3657912612,34.2417678833,-9.3997011185,-31.1288795471,-0.5984069109,-0.5105136037,-0.6623737216,-0.4769432545,0.3023774028,-0.4904934764,0.0729423165,-0.2656761110,0.0372629166,0.1279782653,0.7132686973,0.5842174292,-0.3657912612,0.0000000000,0.0000000000,0.0000000000,0.0000000000,0.0000000000,0.0000000000,-0.5000152588,0.3452253938,-0.3730582595,0.9852477312,-0.1663970798,-0.0459074378,0.3021376729,0.6669765711,0.1800879687,-0.6570133567,
7014.230,0.1220740378,-0.1220740378,0.9765923023,0.0653096139,0.0032959990,-1.0100406408,-0.1605273634,-0.0427259132,-0.4316537976,0.0011830404,0.0073373388,-0.0121065378,0.0317672640,0.0892693475,-0.9956109524,0.0048779221,34.3028030396,-10.0711078644,-30.0302124023,-0.5964537263,-0.5199133158,-0.6546830535,-0.4748679996,0.2993255556,-0.4878078699,0.0744893551,-0.2660196424,0.0421105027,0.1251088083,0.7111414671,0.5855923295,-0.3687153757,34.3028030396,-10.0711078644,-30.0302124023,-0.5964537263,-0.5199133158,-0.6546830535,-0.4748679996,0.2993255556,-0.4878078699,0.0744893551,-0.2660196424,0.0421105027,0.1251088083,0.7111414671,0.5855923295,-0.3687153757,0.0000000000,0.0000000000,0.0000000000,0.0000000000,0.0000000000,0.0000000000,-0.4995269775,0.3486434519,-0.3593859673,0.9852476120,-0.1663974375,-0.0459076762,0.3019753993,0.6670209765,0.1799229383,-0.6570880413,
7014.243,0.1220740378,-0.1220740378,0.9765923023,0.0646992400,0.0024414808,-1.0108951330,-0.1606494337,-0.0452894680,-0.4293344021,0.0005958974,0.0064827688,-0.0129595399,0.0317554958,0.0893077627,-0.9956078529,0.0048780814,34.3638420105,-10.2542190552,-29.4808807373,-0.5851008892,-0.5261390805,-0.6471144557,-0.4748679996,0.2972502708,-0.4896389544,0.0854033232,-0.2632571757,0.0467633605,0.1222486123,0.7090283632,0.5869083405,-0.3716401160,34.3638420105,-10.2542190552,-29.4808807373,-0.5851008892,-0.5261390805,-0.6471144557,-0.4748679996,0.2972502708,-0.4896389544,0.0854033232,-0.2632571757,0.0467633605,0.1222486123,0.7090283632,0.5869083405,-0.3716401160,0.0000000000,0.0000000000,0.0000000000,0.0000000000,0.0000000000,0.0000000000,-0.4963530302,0.3447370827,-0.3554795980,0.9852476716,-0.1663977802,-0.0459080935,0.3018122911,0.6670656204,0.1797570586,-0.6571631432,
7014.256,0.1220740378,-0.1220740378,0.9765923023,0.0639667958,0.0032959990,-1.0097965002,-0.1557664722,-0.0416272469,-0.4259163141,-0.0001102015,0.0073329918,-0.0118591785,0.0317425132,0.0893140957,-0.9956078529,0.0048749619,33.9976196289,-11.2308111191,-29.0536212921,-0.5789971352,-0.5306558609,-0.6391796470,-0.4781640172,0.2913907170,-0.4920804501,0.0911443233,-0.2589051723,0.0516262650,0.1194752827,0.7068870068,0.5881814957,-0.3745967448,33.9976196289,-11.2308111191,-29.0536212921,-0.5789971352,-0.5306558609,-0.6391796470,-0.4781640172,0.2913907170,-0.4920804501,0.0911443233,-0.2589051723,0.0516262650,0.1194752827,0.7068870068,0.5881814957,-0.3745967448,0.0000000000,0.0000000000,0.0000000000,0.0000000000,0.0000000000,0.0000000000,-0.5000152588,0.3437604904,-0.3593859673,0.9852476120,-0.1663981527,-0.0459084511,0.3016373217,0.6671134233,0.1795791239,-0.6572436094,
7014.269,0.1220740378,-0.1220740378,0.9765923023,0.0633564293,0.0018311106,-1.0099185705,-0.1589404047,-0.0438245796,-0.4295785427,-0.0006912798,0.0058710687,-0.0119794011,0.0317276567,0.0893386751,-0.9956060648,0.0048759105,33.2041397095,-13.9774770737,-28.0159912109,-0.5926694274,-0.5465254784,-0.6262398362,-0.4782860875,0.2923673093,-0.4893948138,0.0774872303,-0.2661275268,0.0610879064,0.1169424355,0.7046697736,0.5893625021,-0.3777043521,33.2041397095,-13.9774770737,-28.0159912109,-0.5926694274,-0.5465254784,-0.6262398362,-0.4782860875,0.2923673093,-0.4893948138,0.0774872303,-0.2661275268,0.0610879064,0.1169424355,0.7046697736,0.5893625021,-0.3777043521,0.0000000000,0.0000000000,0.0000000000,0.0000000000,0.0000000000,0.0000000000,-0.4985503852,0.3447370827,-0.3730582595,0.9852474332,-0.1663984656,-0.0459086299,0.3014406264,0.6671670675,0.1793791950,-0.6573339105,
7014.282,0.1220740378,-0.1220740378,0.9765923023,0.0631122813,0.0032959990,-1.0101627111,-0.1534470618,-0.0412610248,-0.4311655164,-0.0009050220,0.0073316642,-0.0122215748,0.0317126513,0.0893455073,-0.9956059456,0.0048726262,33.2651748657,-14.5878477097,-27.1614742279,-0.6096377373,-0.5553147793,-0.6219671965,-0.4795068204,0.2888271809,-0.4909817874,0.0606412888,-0.2664149404,0.0617119074,0.1144909561,0.7024646401,0.5904462934,-0.3808572590,33.2651748657,-14.5878477097,-27.1614742279,-0.6096377373,-0.5553147793,-0.6219671965,-0.4795068204,0.2888271809,-0.4909817874,0.0606412888,-0.2664149404,0.0617119074,0.1144909561,0.7024646401,0.5904462934,-0.3808572590,0.0000000000,0.0000000000,0.0000000000,0.0000000000,0.0000000000,0.0000000000,-0.4975737929,0.3457136750,-0.3730582595,0.9852473736,-0.1663987935,-0.0459089875,0.3012482226,0.6672195196,0.1791836172,-0.6574222445,
7014.295,0.1220740378,-0.1220740378,0.9765923023,0.0632343516,0.0024414808,-1.0102847815,-0.1573534310,-0.0433362834,-0.4376354218,-0.0007532611,0.0064770952,-0.0123417377,0.0316977426,0.0893664882,-0.9956045151,0.0048719374,33.7534713745,-13.7943658829,-26.2459182739,-0.6147648692,-0.5674001575,-0.6198919415,-0.4799951315,0.2876064479,-0.4869533479,0.0555398464,-0.2700726390,0.0601404309,0.1120070592,0.7003168464,0.5914527774,-0.3839768767,33.7534713745,-13.7943658829,-26.2459182739,-0.6147648692,-0.5674001575,-0.6198919415,-0.4799951315,0.2876064479,-0.4869533479,0.0555398464,-0.2700726390,0.0601404309,0.1120070592,0.7003168464,0.5914527774,-0.3839768767,0.0000000000,0.0000000000,0.0000000000,0.0000000000,0.0000000000,0.0000000000,-0.4980620742,0.3413190246,-0.3730582595,0.9852473736,-0.1663990915,-0.0459093451,0.3010439575,0.6672751307,0.1789760292,-0.6575159431,
7014.308,0.1220740378,-0.0610370189,0.9765923023,0.0646992400,0.0034180731,-1.0112613440,-0.1557664722,-0.0433362834,-0.4348277152,0.0007236376,0.0074488209,-0.0133175254,0.0316918455,0.0893927142,-0.9956023693,0.0048698098,35.0352478027,-10.9256267548,-24.8420658112,-0.5864436626,-0.5781426430,-0.6172063351,-0.4840235710,0.2796716094,-0.4906155467,0.0834817886,-0.2723731399,0.0594490170,0.1092968956,0.6983406544,0.5923610926,-0.3869450986,35.0352478027,-10.9256267548,-24.8420658112,-0.5864436626,-0.5781426430,-0.6172063351,-0.4840235710,0.2796716094,-0.4906155467,0.0834817886,-0.2723731399,0.0594490170,0.1092968956,0.6983406544,0.5923610926,-0.3869450986,0.0000000000,0.0000000000,0.0000000000,0.0000000000,0.0000000000,0.0000000000,-0.5000152588,0.3418073058,-0.3750114441,0.9852470756,-0.1663993895,-0.0459094048,0.3008373082,0.6673312187,0.1787660420,-0.6576105356,
7014.321,0.1220740378,-0.0610370189,0.9765923023,0.0644550920,0.0045167394,-1.0108951330,-0.1555223316,-0.0423596911,-0.4318979383,0.0004925355,0.0085372115,-0.0129504204,0.0316857286,0.0894076899,-0.9956011772,0.0048645823,35.2183609009,-10.4983673096,-24.4758453369,-0.5727713704,-0.5825372934,-0.6108585000,-0.4817041457,0.2810144424,-0.4903714061,0.0966646075,-0.2683623433,0.0624236465,0.1065490916,0.6963943839,0.5932282209,-0.3898797631,35.2183609009,-10.4983673096,-24.4758453369,-0.5727713704,-0.5825372934,-0.6108585000,-0.4817041457,0.2810144424,-0.4903714061,0.0966646075,-0.2683623433,0.0624236465,0.1065490916,0.6963943839,0.5932282209,-0.3898797631,0.0000000000,0.0000000000,0.0000000000,0.0000000000,0.0000000000,0.0000000000,-0.4978179336,0.3452253938,-0.3750114441,0.9852473140,-0.1663997471,-0.0459100008,0.3006426990,0.6673841476,0.1785682440,-0.6576997638,
7014.334,0.1220740378,0.0000000000,0.9765923023,0.0642109439,0.0034180731,-1.0110172033,-0.1528366953,-0.0429700613,-0.4322641790,0.0002519414,0.0074337483,-0.0130723119,0.0316840149,0.0894383267,-0.9955986142,0.0048630070,35.0962867737,-10.7425155640,-24.3537712097,-0.5652027726,-0.5870540738,-0.6051210165,-0.4815820754,0.2772301435,-0.4878078699,0.1037165523,-0.2645289302,0.0647188425,0.1038243771,0.6944295764,0.5940801501,-0.3928111196,35.0962867737,-10.7425155640,-24.3537712097,-0.5652027726,-0.5870540738,-0.6051210165,-0.4815820754,0.2772301435,-0.4878078699,0.1037165523,-0.2645289302,0.0647188425,0.1038243771,0.6944295764,0.5940801501,-0.3928111196,0.0000000000,0.0000000000,0.0000000000,0.0000000000,0.0000000000,0.0000000000,-0.4995269775,0.3447370827,-0.3711050749,0.9852471352,-0.1664000750,-0.0459103584,0.3004539311,0.6674352884,0.1783763915,-0.6577861309,
7014.347,0.1220740378,-0.0610370189,0.9765923023,0.0651875362,0.0035401471,-1.0118716955,-0.1551561058,-0.0451673940,-0.4283578098,0.0012382120,0.0075504603,-0.0139260888,0.0316791758,0.0894913897,-0.9955938458,0.0048615909,34.7910995483,-11.5359964371,-23.9875488281,-0.5717948079,-0.5943784714,-0.5958433747,-0.4839015007,0.2744224370,-0.4870754182,0.0967051983,-0.2636170089,0.0703902841,0.1011905149,0.6924322248,0.5948933959,-0.3957823515,34.7910995483,-11.5359964371,-23.9875488281,-0.5717948079,-0.5943784714,-0.5958433747,-0.4839015007,0.2744224370,-0.4870754182,0.0967051983,-0.2636170089,0.0703902841,0.1011905149,0.6924322248,0.5948933959,-0.3957823515,0.0000000000,0.0000000000,0.0000000000,0.0000000000,0.0000000000,0.0000000000,-0.4968413413,0.3403424323,-0.3691518903,0.9852471352,-0.1664004475,-0.0459107161,0.3002587259,0.6674882174,0.1781780124,-0.6578754187,
7014.360,0.1220740378,0.0000000000,0.9765923023,0.0638447255,0.0030518509,-1.0115054846,-0.1523483992,-0.0413830988,-0.4353160262,-0.0000991747,0.0070592300,-0.0135595798,0.0316765457,0.0895014852,-0.9955932498,0.0048602051,34.9131736755,-11.1697740555,-23.7434005737,-0.5791192651,-0.5996276736,-0.5901058912,-0.4801172018,0.2713705897,-0.4878078699,0.0889138579,-0.2606954277,0.0724809170,0.0985501930,0.6904602647,0.5956524014,-0.3987411261,34.9131736755,-11.1697740555,-23.7434005737,-0.5791192651,-0.5996276736,-0.5901058912,-0.4801172018,0.2713705897,-0.4878078699,0.0889138579,-0.2606954277,0.0724809170,0.0985501930,0.6904602647,0.5956524014,-0.3987411261,0.0000000000,0.0000000000,0.0000000000,0.0000000000,0.0000000000,0.0000000000,-0.4970854819,0.3388775289,-0.3691518903,0.9852468371,-0.1664007306,-0.0459107757,0.3000600338,0.6675418615,0.1779761463,-0.6579660773,
7014.373,0.1220740378,0.0000000000,0.9765923023,0.0639667958,0.0030518509,-1.0110172033,-0.1549119502,-0.0449232459,-0.4326303899,0.0000275970,0.0070563010,-0.0130709410,0.0316740982,0.0895507708,-0.9955887198,0.0048601045,35.4625091553,-9.7048864365,-23.4382152557,-0.5802178979,-0.6086611748,-0.5887630582,-0.4829249084,0.2664876282,-0.4907376468,0.0871486068,-0.2615654171,0.0702610016,0.0958128870,0.6885505319,0.5963672996,-0.4016315043,35.4625091553,-9.7048864365,-23.4382152557,-0.5802178979,-0.6086611748,-0.5887630582,-0.4829249084,0.2664876282,-0.4907376468,0.0871486068,-0.2615654171,0.0702610016,0.0958128870,0.6885505319,0.5963672996,-0.4016315043,0.0000000000,0.0000000000,0.0000000000,0.0000000000,0.0000000000,0.0000000000,-0.4968413413,0.3442488015,-0.3711050749,0.9852470160,-0.1664011478,-0.0459112525,0.2998742759,0.6675921679,0.1777873635,-0.6580509543,
7014.386,0.1220740378,0.0000000000,0.9765923023,0.0655537620,0.0034180731,-1.0101627111,-0.1543015838,-0.0428479873,-0.4340952933,0.0016111210,0.0074177887,-0.0122166276,0.0316759087,0.0895744190,-0.9955866337,0.0048586521,36.8053207397,-5.8595538139,-22.8278446198,-0.5754570365,-0.6256294250,-0.5848566890,-0.4814600050,0.2669759095,-0.4841456413,0.0907729268,-0.2702802122,0.0709118843,0.0928055570,0.6867906451,0.5970315337,-0.4043548405,36.8053207397,-5.8595538139,-22.8278446198,-0.5754570365,-0.6256294250,-0.5848566890,-0.4814600050,0.2669759095,-0.4841456413,0.0907729268,-0.2702802122,0.0709118843,0.0928055570,0.6867906451,0.5970315337,-0.4043548405,0.0000000000,0.0000000000,0.0000000000,0.0000000000,0.0000000000,0.0000000000,-0.4965972006,0.3437604904,-0.3750114441,0.9852466583,-0.1664014161,-0.0459112525,0.2996807694,0.6676442623,0.1775907725,-0.6581391096,
7014.399,0.1220740378,0.0000000000,0.9765923023,0.0642109439,0.0032959990,-1.0106509924,-0.1544236541,-0.0395519882,-0.4310434163,0.0002716556,0.0072916117,-0.0127046704,0.0316745117,0.0895551890,-0.9955883622,0.0048558456,37.2936172485,-3.9063692093,-22.5836963654,-0.5721610188,-0.6339305043,-0.5824152231,-0.4841456413,0.2611163557,-0.4934232533,0.0926732421,-0.2703308463,0.0702409744,0.0896648988,0.6851183772,0.5976493955,-0.4069792330,37.2936172485,-3.9063692093,-22.5836963654,-0.5721610188,-0.6339305043,-0.5824152231,-0.4841456413,0.2611163557,-0.4934232533,0.0926732421,-0.2703308463,0.0702409744,0.0896648988,0.6851183772,0.5976493955,-0.4069792330,0.0000000000,0.0000000000,0.0000000000,0.0000000000,0.0000000000,0.0000000000,-0.4973296225,0.3398541212,-0.3750114441,0.9852468967,-0.1664017886,-0.0459119081,0.2994767129,0.6676993370,0.1773834527,-0.6582322121,
7014.412,0.1220740378,-0.0610370189,0.9765923023,0.0668965727,0.0034180731,-1.0101627111,-0.1547898799,-0.0390636921,-0.4303109944,0.0029578879,0.0074089942,-0.0122163296,0.0316745527,0.0895288810,-0.9955907464,0.0048526446,37.8429527283,-2.0142216682,-22.4005851746,-0.5659352541,-0.6401562691,-0.5814386606,-0.4810937941,0.2608722150,-0.4953764379,0.0972414613,-0.2683004439,0.0682463646,0.0863896161,0.6835268736,0.5982284546,-0.4095049798,37.8429527283,-2.0142216682,-22.4005851746,-0.5659352541,-0.6401562691,-0.5814386606,-0.4810937941,0.2608722150,-0.4953764379,0.0972414613,-0.2683004439,0.0682463646,0.0863896161,0.6835268736,0.5982284546,-0.4095049798,0.0000000000,0.0000000000,0.0000000000,0.0000000000,0.0000000000,0.0000000000,-0.4980620742,0.3379009366,-0.3730582595,0.9852467179,-0.1664021015,-0.0459121466,0.2992711365,0.6677546501,0.1771746576,-0.6583257914,
7014.425,0.1220740378,-0.0610370189,0.9765923023,0.0657979101,0.0041505173,-1.0106509924,-0.1540574431,-0.0407727286,-0.4336069822,0.0018653646,0.0081331618,-0.0127042532,0.0316718668,0.0895264894,-0.9955911636,0.0048481682,38.7585067749,-0.0610370189,-21.7902164459,-0.5641041398,-0.6467482448,-0.5737479925,-0.4782860875,0.2579424381,-0.4942777753,0.0972031951,-0.2666335106,0.0730577111,0.0829820558,0.6820312142,0.5987320542,-0.4119600952,38.7585067749,-0.0610370189,-21.7902164459,-0.5641041398,-0.6467482448,-0.5737479925,-0.4782860875,0.2579424381,-0.4942777753,0.0972031951,-0.2666335106,0.0730577111,0.0829820558,0.6820312142,0.5987320542,-0.4119600952,0.0000000000,0.0000000000,0.0000000000,0.0000000000,0.0000000000,0.0000000000,-0.4992828071,0.3398541212,-0.3691518903,0.9852465987,-0.1664024144,-0.0459123850,0.2990787923,0.6678063273,0.1769792736,-0.6584132910,
7014.438,0.1220740378,-0.0610370189,0.9765923023,0.0662862062,0.0029297769,-1.0110172033,-0.1538132876,-0.0421155430,-0.4351939559,0.0023575351,0.0069102184,-0.0130701661,0.0316699669,0.0895419568,-0.9955896735,0.0048473901,39.0026550293,0.4272591472,-20.9967346191,-0.5695974827,-0.6522415876,-0.5670338869,-0.4781640172,0.2565996349,-0.4923245907,0.0898311734,-0.2639824748,0.0768467188,0.0795845985,0.6805770993,0.5991650820,-0.4143983424,39.0026550293,0.4272591472,-20.9967346191,-0.5695974827,-0.6522415876,-0.5670338869,-0.4781640172,0.2565996349,-0.4923245907,0.0898311734,-0.2639824748,0.0768467188,0.0795845985,0.6805770993,0.5991650820,-0.4143983424,0.0000000000,0.0000000000,0.0000000000,0.0000000000,0.0000000000,0.0000000000,-0.4968413413,0.3398541212,-0.3691518903,0.9852466583,-0.1664027125,-0.0459128022,0.2988888025,0.6678573489,0.1767862886,-0.6584997177,
7014.451,0.1220740378,-0.0610370189,0.9765923023,0.0638447255,0.0050050355,-1.0111392736,-0.1517380327,-0.0413830988,-0.4314096570,-0.0000680983,0.0089730388,-0.0131911635,0.0316625535,0.0895548686,-0.9955888987,0.0048408913,39.3688774109,1.3428144455,-20.0811786652,-0.5758232474,-0.6533402801,-0.5587328672,-0.4774315655,0.2529374063,-0.4943998456,0.0816910863,-0.2570643723,0.0822159052,0.0761728287,0.6791992784,0.5995050669,-0.4168013036,39.3688774109,1.3428144455,-20.0811786652,-0.5758232474,-0.6533402801,-0.5587328672,-0.4774315655,0.2529374063,-0.4943998456,0.0816910863,-0.2570643723,0.0822159052,0.0761728287,0.6791992784,0.5995050669,-0.4168013036,0.0000000000,0.0000000000,0.0000000000,0.0000000000,0.0000000000,0.0000000000,-0.4987945259,0.3408307135,-0.3691518903,0.9852463007,-0.1664029658,-0.0459128618,0.2987013757,0.6679074764,0.1765959412,-0.6585847735,
7014.464,0.1220740378,-0.0610370189,0.9765923023,0.0638447255,0.0032959990,-1.0096743107,-0.1538132876,-0.0415051728,-0.4333628416,-0.0000527650,0.0072600390,-0.0117252469,0.0316550471,0.0895627886,-0.9955884218,0.0048384797,40.1623573303,5.0050354004,-18.1890316010,-0.5656911135,-0.6617633700,-0.5459151268,-0.4786522985,0.2473220080,-0.4893948138,0.0895910859,-0.2575969100,0.0923881531,0.0725896209,0.6780241132,0.5997322202,-0.4190216064,40.1623573303,5.0050354004,-18.1890316010,-0.5656911135,-0.6617633700,-0.5459151268,-0.4786522985,0.2473220080,-0.4893948138,0.0895910859,-0.2575969100,0.0923881531,0.0725896209,0.6780241132,0.5997322202,-0.4190216064,0.0000000000,0.0000000000,0.0000000000,0.0000000000,0.0000000000,0.0000000000,-0.5000152588,0.3344828784,-0.3554795980,0.9852465391,-0.1664033830,-0.0459133983,0.2985219955,0.6679556370,0.1764137000,-0.6586663127,
7014.477,0.1220740378,-0.0610370189,0.9765923023,0.0634784997,0.0035401471,-1.0104068518,-0.1557664722,-0.0423596911,-0.4305551350,-0.0004017130,0.0074990452,-0.0124566555,0.0316465907,0.0895769224,-0.9955874085,0.0048355907,40.2844314575,6.7140722275,-17.3955497742,-0.5571458936,-0.6664021611,-0.5382244587,-0.4780419469,0.2448805273,-0.4939115644,0.0957344174,-0.2544436455,0.0975546837,0.0689296722,0.6769464612,0.5998973846,-0.4211402833,40.2844314575,6.7140722275,-17.3955497742,-0.5571458936,-0.6664021611,-0.5382244587,-0.4780419469,0.2448805273,-0.4939115644,0.0957344174,-0.2544436455,0.0975546837,0.0689296722,0.6769464612,0.5998973846,-0.4211402833,0.0000000000,0.0000000000,0.0000000000,0.0000000000,0.0000000000,0.0000000000,-0.8103274703,0.3339945674,-0.3730582595,0.9852462411,-0.1664035618,-0.0459135175,0.2981258035,0.6680614948,0.1760117412,-0.6588457823,
7014.490,0.1220740378,-0.0610370189,0.9765923023,0.0622577593,0.0037842952,-1.0104068518,-0.1535691470,-0.0443128757,-0.4322641790,-0.0015992373,0.0077368687,-0.0124551654,0.0316350795,0.0896225572,-0.9955836535,0.0048328470,40.2844314575,8.1179237366,-16.7241439819,-0.5501877069,-0.6755577326,-0.5338297486,-0.4808496237,0.2448805273,-0.4904934764,0.1001439095,-0.2558989227,0.0995215774,0.0652248338,0.6759236455,0.6000387669,-0.4231666923,40.2844314575,8.1179237366,-16.7241439819,-0.5501877069,-0.6755577326,-0.5338297486,-0.4808496237,0.2448805273,-0.4904934764,0.1001439095,-0.2558989227,0.0995215774,0.0652248338,0.6759236455,0.6000387669,-0.4231666923,0.0000000000,0.0000000000,0.0000000000,0.0000000000,0.0000000000,0.0000000000,-0.4968413413,0.3344828784,-0.3750114441,0.9852463007,-0.1664039195,-0.0459139347,0.2979139984,0.6681180596,0.1757966727,-0.6589417458,
7014.503,0.1220740378,0.0000000000,0.9765923023,0.0636005774,0.0032959990,-1.0106509924,-0.1560106277,-0.0444349498,-0.4332407713,-0.0002505034,0.0072446926,-0.0126988292,0.0316321105,0.0896619111,-0.9955801964,0.0048318985,39.3688774109,9.2165899277,-15.3813285828,-0.5492110848,-0.6985076666,-0.5246742368,-0.4807275534,0.2408520728,-0.4942777753,0.0985248685,-0.2713757157,0.1063378453,0.0615470558,0.6749834418,0.6001225710,-0.4250951707,39.3688774109,9.2165899277,-15.3813285828,-0.5492110848,-0.6985076666,-0.5246742368,-0.4807275534,0.2408520728,-0.4942777753,0.0985248685,-0.2713757157,0.1063378453,0.0615470558,0.6749834418,0.6001225710,-0.4250951707,0.0000000000,0.0000000000,0.0000000000,0.0000000000,0.0000000000,0.0000000000,-0.4997711182,0.3354594707,-0.3750114441,0.9852461815,-0.1664042324,-0.0459141731,0.2977043390,0.6681739092,0.1755838096,-0.6590365767,
7014.516,0.1220740378,0.0000000000,0.9765923023,0.0634784997,0.0025635548,-1.0094301701,-0.1575975865,-0.0426038392,-0.4356822371,-0.0003664643,0.0065119900,-0.0114776492,0.0316290222,0.0896723121,-0.9955793619,0.0048318249,38.6364326477,9.1555528641,-14.5878477097,-0.5553147793,-0.7079073191,-0.5205237269,-0.4758445919,0.2407300025,-0.4926908314,0.0898960829,-0.2735118866,0.1081132293,0.0579571314,0.6740676165,0.6001623273,-0.4269923866,38.6364326477,9.1555528641,-14.5878477097,-0.5553147793,-0.7079073191,-0.5205237269,-0.4758445919,0.2407300025,-0.4926908314,0.0898960829,-0.2735118866,0.1081132293,0.0579571314,0.6740676165,0.6001623273,-0.4269923866,0.0000000000,0.0000000000,0.0000000000,0.0000000000,0.0000000000,0.0000000000,-0.4990386665,0.3364360631,-0.3554795980,0.9852462411,-0.1664045900,-0.0459145308,0.2975361347,0.6682186723,0.1754129678,-0.6591126919,
7014.529,0.1220740378,0.0000000000,0.9765923023,0.0644550920,0.0020752586,-1.0108951330,-0.1550340354,-0.0418713950,-0.4344615042,0.0006118566,0.0060258661,-0.0129425526,0.0316280201,0.0896807387,-0.9955786467,0.0048330966,38.0871009827,9.1555528641,-13.6112556458,-0.5599536300,-0.7131565213,-0.5174718499,-0.4716940820,0.2373119295,-0.4956206083,0.0828107595,-0.2717171907,0.1087607741,0.0544449948,0.6732012630,0.6001331806,-0.4288583100,38.0871009827,9.1555528641,-13.6112556458,-0.5599536300,-0.7131565213,-0.5174718499,-0.4716940820,0.2373119295,-0.4956206083,0.0828107595,-0.2717171907,0.1087607741,0.0544449948,0.6732012630,0.6001331806,-0.4288583100,0.0000000000,0.0000000000,0.0000000000,0.0000000000,0.0000000000,0.0000000000,-0.8095950484,0.3369243443,-0.3574327826,0.9852460623,-0.1664047539,-0.0459147692,0.2971786261,0.6683136225,0.1750503331,-0.6592740417,
7014.542,0.1220740378,0.0000000000,0.9765923023,0.0629902035,0.0026856288,-1.0104068518,-0.1566209942,-0.0450453199,-0.4301889241,-0.0008442476,0.0066353758,-0.0124536753,0.0316234566,0.0897265300,-0.9955746531,0.0048337276,37.1105079651,9.7659235001,-11.4139223099,-0.5426191092,-0.7143772840,-0.5099032521,-0.4746238589,0.2312082350,-0.4941557050,0.0977539420,-0.2662527859,0.1140277982,0.0510342196,0.6724433899,0.6000241041,-0.4306158125,37.1105079651,9.7659235001,-11.4139223099,-0.5426191092,-0.7143772840,-0.5099032521,-0.4746238589,0.2312082350,-0.4941557050,0.0977539420,-0.2662527859,0.1140277982,0.0510342196,0.6724433899,0.6000241041,-0.4306158125,0.0000000000,0.0000000000,0.0000000000,0.0000000000,0.0000000000,0.0000000000,-0.4987945259,0.3354594707,-0.3535264134,0.9852460623,-0.1664051265,-0.0459151268,0.2970140874,0.6683572531,0.1748832315,-0.6593483090,
7014.555,0.1220740378,0.0000000000,0.9765923023,0.0656758323,0.0035401471,-1.0111392736,-0.1556444019,-0.0440687276,-0.4305551350,0.0018371344,0.0074848291,-0.0131863356,0.0316256285,0.0897624418,-0.9955713749,0.0048325360,36.6222114563,9.7659235001,-10.5594043732,-0.5302896500,-0.7149876356,-0.5053865314,-0.4697408974,0.2280343026,-0.4945219159,0.1077237129,-0.2603464127,0.1162441969,0.0476727039,0.6717256308,0.5998697877,-0.4323331416,36.6222114563,9.7659235001,-10.5594043732,-0.5302896500,-0.7149876356,-0.5053865314,-0.4697408974,0.2280343026,-0.4945219159,0.1077237129,-0.2603464127,0.1162441969,0.0476727039,0.6717256308,0.5998697877,-0.4323331416,0.0000000000,0.0000000000,0.0000000000,0.0000000000,0.0000000000,0.0000000000,-0.8093508482,0.3344828784,-0.3554795980,0.9852459431,-0.1664053202,-0.0459153652,0.2966545224,0.6684524417,0.1745185554,-0.6595102549,
7014.568,0.1220740378,0.0000000000,0.9765923023,0.0645771697,0.0028077029,-1.0110172033,-0.1551561058,-0.0417493209,-0.4272591472,0.0007396117,0.0067509580,-0.0130641460,0.0316250846,0.0897702426,-0.9955706596,0.0048320219,36.1339149475,9.7048864365,-10.0711078644,-0.5141758323,-0.7158421874,-0.5020905137,-0.4709616303,0.2268135697,-0.4940336347,0.1214735508,-0.2548036873,0.1172469854,0.0443530492,0.6710124016,0.5997122526,-0.4340092838,36.1339149475,9.7048864365,-10.0711078644,-0.5141758323,-0.7158421874,-0.5020905137,-0.4709616303,0.2268135697,-0.4940336347,0.1214735508,-0.2548036873,0.1172469854,0.0443530492,0.6710124016,0.5997122526,-0.4340092838,0.0000000000,0.0000000000,0.0000000000,0.0000000000,0.0000000000,0.0000000000,-0.5000152588,0.3339945674,-0.3574327826,0.9852458835,-0.1664056927,-0.0459157825,0.2964797616,0.6684986353,0.1743411124,-0.6595889926,
7014.581,0.1220740378,0.0000000000,0.9765923023,0.0659199804,0.0008545183,-1.0108951330,-0.1540574431,-0.0432142094,-0.4293344021,0.0020769164,0.0048059998,-0.0129424930,0.0316273198,0.0897996947,-0.9955679178,0.0048373039,36.6832466125,11.7191076279,-9.8269596100,-0.4863429666,-0.7032685280,-0.5266274214,-0.4734031260,0.2249824554,-0.4900051951,0.1466243267,-0.2358846068,0.0906983614,0.0409037806,0.6703932881,0.5995660424,-0.4355042875,36.6832466125,11.7191076279,-9.8269596100,-0.4863429666,-0.7032685280,-0.5266274214,-0.4734031260,0.2249824554,-0.4900051951,0.1466243267,-0.2358846068,0.0906983614,0.0409037806,0.6703932881,0.5995660424,-0.4355042875,0.0000000000,0.0000000000,0.0000000000,0.0000000000,0.0000000000,0.0000000000,-0.4997711182,0.3374126554,-0.3730582595,0.9852458835,-0.1664059907,-0.0459161997,0.2962862849,0.6685497165,0.1741447449,-0.6596760750,
7014.594,0.1831110567,0.0000000000,0.9765923023,0.0660420582,0.0024414808,-1.0118716955,-0.1547898799,-0.0408948027,-0.4333628416,0.0021932200,0.0064039547,-0.0139194727,0.0316297226,0.0897958726,-0.9955681562,0.0048429188,36.6222114563,11.6580705643,-8.8503675461,-0.5030671358,-0.7296365499,-0.4901272655,-0.4714499414,0.2172917873,-0.4952543676,0.1273909807,-0.2559557557,0.1249634624,0.0374959446,0.6697853208,0.5993135571,-0.4370911419,36.6222114563,11.6580705643,-8.8503675461,-0.5030671358,-0.7296365499,-0.4901272655,-0.4714499414,0.2172917873,-0.4952543676,0.1273909807,-0.2559557557,0.1249634624,0.0374959446,0.6697853208,0.5993135571,-0.4370911419,0.0000000000,0.0000000000,0.0000000000,0.0000000000,0.0000000000,0.0000000000,-0.8088625669,0.3315531015,-0.3535264134,0.9852457643,-0.1664061844,-0.0459163189,0.2959240973,0.6686451435,0.1737775058,-0.6598386765,
7014.607,0.1220740378,-0.0610370189,0.9765923023,0.0648213178,0.0031739250,-1.0110172033,-0.1558885425,-0.0404065065,-0.4306772053,0.0009831041,0.0071330760,-0.0130642653,0.0316246375,0.0897831172,-0.9955694675,0.0048403796,35.8287315369,10.9866638184,-8.3010349274,-0.5298013091,-0.7403790355,-0.4696188271,-0.4713278711,0.2168034911,-0.4929349720,0.0983730555,-0.2605843842,0.1430661380,0.0342411697,0.6691476703,0.5990221500,-0.4387312233,35.8287315369,10.9866638184,-8.3010349274,-0.5298013091,-0.7403790355,-0.4696188271,-0.4713278711,0.2168034911,-0.4929349720,0.0983730555,-0.2605843842,0.1430661380,0.0342411697,0.6691476703,0.5990221500,-0.4387312233,0.0000000000,0.0000000000,0.0000000000,0.0000000000,0.0000000000,0.0000000000,-0.5000152588,0.3320413828,-0.3750114441,0.9852458239,-0.1664065123,-0.0459166765,0.2957139313,0.6687004566,0.1735642552,-0.6599330306,
7014.620,0.1220740378,-0.0610370189,0.9765923023,0.0639667958,0.0019531846,-1.0108951330,-0.1588183194,-0.0428479873,-0.4306772053,0.0001433194,0.0059150560,-0.0129412413,0.0316171162,0.0897936821,-0.9955687523,0.0048414064,35.8287315369,14.1605882645,-7.5075531006,-0.5227210522,-0.7461165190,-0.4625385404,-0.4708395600,0.2163151950,-0.4954985082,0.1028802395,-0.2603012323,0.1480318904,0.0308435634,0.6686612964,0.5986826420,-0.4401856959,35.8287315369,14.1605882645,-7.5075531006,-0.5227210522,-0.7461165190,-0.4625385404,-0.4708395600,0.2163151950,-0.4954985082,0.1028802395,-0.2603012323,0.1480318904,0.0308435634,0.6686612964,0.5986826420,-0.4401856959,0.0000000000,0.0000000000,0.0000000000,0.0000000000,0.0000000000,0.0000000000,-0.4992828071,0.3305765092,-0.3711050749,0.9852457643,-0.1664068401,-0.0459169745,0.2955080569,0.6687545776,0.1733553708,-0.6600253582,
7014.633,0.1220740378,-0.0610370189,1.0376293659,0.0655537620,0.0039063692,-1.0111392736,-0.1540574431,-0.0427259132,-0.4384899437,0.0017372444,0.0078619849,-0.0131849647,0.0316138454,0.0898093283,-0.9955675602,0.0048384722,36.0728797913,15.9916992188,-7.4465165138,-0.4931791127,-0.7608875036,-0.4669331908,-0.4686422348,0.2163151950,-0.4933011830,0.1295426786,-0.2689872086,0.1417065859,0.0272880178,0.6682284474,0.5983597040,-0.4415149689,36.0728797913,15.9916992188,-7.4465165138,-0.4931791127,-0.7608875036,-0.4669331908,-0.4686422348,0.2163151950,-0.4933011830,0.1295426786,-0.2689872086,0.1417065859,0.0272880178,0.6682284474,0.5983597040,-0.4415149689,0.0000000000,0.0000000000,0.0000000000,0.0000000000,0.0000000000,0.0000000000,-0.5000152588,0.3330179751,-0.3535264134,0.9852455854,-0.1664071679,-0.0459171534,0.2953436077,0.6687976718,0.1731884480,-0.6600990295,
7014.646,0.1220740378,-0.0610370189,0.9765923023,0.0643330216,0.0036622211,-1.0111392736,-0.1572313607,-0.0424817652,-0.4320200086,0.0005294159,0.0076121334,-0.0131841302,0.0316076167,0.0898194164,-0.9955667853,0.0048353700,35.4014701843,15.8085880280,-7.5075531006,-0.4826807380,-0.7624744177,-0.4631488919,-0.4660786688,0.2109439373,-0.4950102270,0.1371499300,-0.2645691037,0.1435568929,0.0237704217,0.6677768230,0.5980557203,-0.4428115785,35.4014701843,15.8085880280,-7.5075531006,-0.4826807380,-0.7624744177,-0.4631488919,-0.4660786688,0.2109439373,-0.4950102270,0.1371499300,-0.2645691037,0.1435568929,0.0237704217,0.6677768230,0.5980557203,-0.4428115785,0.0000000000,0.0000000000,0.0000000000,0.0000000000,0.0000000000,0.0000000000,-0.8103274703,0.3320413828,-0.3535264134,0.9852454662,-0.1664073616,-0.0459172726,0.2949864566,0.6688911915,0.1728264242,-0.6602587700,
7014.659,0.1220740378,-0.0610370189,0.9765923023,0.0634784997,0.0030518509,-1.0104068518,-0.1549119502,-0.0410168767,-0.4337290525,-0.0003082901,0.0069990889,-0.0124506354,0.0315993652,0.0898166299,-0.9955673218,0.0048331916,33.0210266113,12.8177738190,-7.4465165138,-0.4918363094,-0.7562486529,-0.4550920129,-0.4643696547,0.2130191922,-0.4924466610,0.1254801750,-0.2526659966,0.1494885087,0.0205922090,0.6671969295,0.5978144407,-0.4441685677,33.0210266113,12.8177738190,-7.4465165138,-0.4918363094,-0.7562486529,-0.4550920129,-0.4643696547,0.2130191922,-0.4924466610,0.1254801750,-0.2526659966,0.1494885087,0.0205922090,0.6671969295,0.5978144407,-0.4441685677,0.0000000000,0.0000000000,0.0000000000,0.0000000000,0.0000000000,0.0000000000,-0.8105716109,0.3354594707,-0.3750114441,0.9852453470,-0.1664075255,-0.0459175110,0.2946079969,0.6689900756,0.1724428535,-0.6604278088,
7014.672,0.1220740378,-0.0610370189,0.9155552983,0.0638447255,0.0018311106,-1.0112613440,-0.1547898799,-0.0423596911,-0.4314096570,0.0000730902,0.0057810456,-0.0133041143,0.0315915868,0.0898375064,-0.9955656528,0.0048345150,32.2275466919,11.9022188187,-7.0192570686,-0.5022125840,-0.7557603717,-0.4498428404,-0.4671773314,0.2102115005,-0.4986724555,0.1127706170,-0.2466903925,0.1525168121,0.0175542533,0.6666011214,0.5975502729,-0.4455468655,32.2275466919,11.9022188187,-7.0192570686,-0.5022125840,-0.7557603717,-0.4498428404,-0.4671773314,0.2102115005,-0.4986724555,0.1127706170,-0.2466903925,0.1525168121,0.0175542533,0.6666011214,0.5975502729,-0.4455468655,0.0000000000,0.0000000000,0.0000000000,0.0000000000,0.0000000000,0.0000000000,-0.8105716109,0.3335062861,-0.3750114441,0.9852455258,-0.1664077789,-0.0459179282,0.2942252159,0.6690899134,0.1720549315,-0.6605985761,
7014.685,0.1220740378,-0.0610370189,0.9765923023,0.0634784997,0.0026856288,-1.0115054846,-0.1551561058,-0.0448011719,-0.4294564724,-0.0002761632,0.0066347113,-0.0135471821,0.0315829292,0.0898841247,-0.9955618382,0.0048348028,31.7392501831,12.0242929459,-6.3478498459,-0.5153965950,-0.7533189058,-0.4464247525,-0.4637592733,0.2070375681,-0.4958647490,0.0973558426,-0.2389591932,0.1537114084,0.0146045620,0.6660426855,0.5972427726,-0.4468988776,31.7392501831,12.0242929459,-6.3478498459,-0.5153965950,-0.7533189058,-0.4464247525,-0.4637592733,0.2070375681,-0.4958647490,0.0973558426,-0.2389591932,0.1537114084,0.0146045620,0.6660426855,0.5972427726,-0.4468988776,0.0000000000,0.0000000000,0.0000000000,0.0000000000,0.0000000000,0.0000000000,-0.8088625669,0.3300881982,-0.3750114441,0.9852454066,-0.1664079428,-0.0459181666,0.2938344777,0.6691914797,0.1716590077,-0.6607725620,
7014.698,0.1220740378,-0.0610370189,0.9765923023,0.0636005774,0.0028077029,-1.0116275549,-0.1544236541,-0.0452894680,-0.4299447536,-0.0001377240,0.0067553315,-0.0136681795,0.0315745734,0.0899389833,-0.9955570698,0.0048350813,32.1054725647,15.6865139008,-4.8219246864,-0.5194250345,-0.7564927936,-0.4342173636,-0.4670552611,0.2034974247,-0.4922025204,0.0908839107,-0.2369872928,0.1639737785,0.0115285814,0.6656778455,0.5968350172,-0.4480753243,32.1054725647,15.6865139008,-4.8219246864,-0.5194250345,-0.7564927936,-0.4342173636,-0.4670552611,0.2034974247,-0.4922025204,0.0908839107,-0.2369872928,0.1639737785,0.0115285814,0.6656778455,0.5968350172,-0.4480753243,0.0000000000,0.0000000000,0.0000000000,0.0000000000,0.0000000000,0.0000000000,-0.8110598922,0.3320413828,-0.3750114441,0.9852453470,-0.1664081216,-0.0459183455,0.2934503555,0.6692910790,0.1712698340,-0.6609433293,
7014.711,0.1220740378,-0.0610370189,0.9765923023,0.0650654659,0.0034180731,-1.0106509924,-0.1562547684,-0.0434583575,-0.4307992756,0.0013359115,0.0073612239,-0.0126910806,0.0315702893,0.0899642408,-0.9955549240,0.0048332568,32.5937690735,18.7994022369,-4.2115545273,-0.5057527423,-0.7622302771,-0.4317758679,-0.4629047513,0.2070375681,-0.4990386665,0.1018027067,-0.2375843525,0.1647301316,0.0082557844,0.6654713750,0.5963591933,-0.4490866661,32.5937690735,18.7994022369,-4.2115545273,-0.5057527423,-0.7622302771,-0.4317758679,-0.4629047513,0.2070375681,-0.4990386665,0.1018027067,-0.2375843525,0.1647301316,0.0082557844,0.6654713750,0.5963591933,-0.4490866661,0.0000000000,0.0000000000,0.0000000000,0.0000000000,0.0000000000,0.0000000000,-0.8105716109,0.3320413828,-0.3691518903,0.9852452874,-0.1664083302,-0.0459185839,0.2930771410,0.6693876386,0.1708917320,-0.6611089706,
7014.724,0.1220740378,-0.0610370189,0.9765923023,0.0651875362,0.0025635548,-1.0116275549,-0.1599169970,-0.0422376171,-0.4272591472,0.0014664009,0.0065064817,-0.0136671066,0.0315661021,0.0899640992,-0.9955550432,0.0048327609,32.8379173279,21.0577716827,-3.8453321457,-0.4945219159,-0.7671132684,-0.4293344021,-0.4592425227,0.2016663104,-0.4963530302,0.1100485325,-0.2373379469,0.1656697989,0.0048548621,0.6653586626,0.5958552361,-0.4499714971,32.8379173279,21.0577716827,-3.8453321457,-0.4945219159,-0.7671132684,-0.4293344021,-0.4592425227,0.2016663104,-0.4963530302,0.1100485325,-0.2373379469,0.1656697989,0.0048548621,0.6653586626,0.5958552361,-0.4499714971,0.0000000000,0.0000000000,0.0000000000,0.0000000000,0.0000000000,0.0000000000,-0.8115482330,0.3295999169,-0.3711050749,0.9852452278,-0.1664084941,-0.0459187627,0.2926943600,0.6694864035,0.1705039889,-0.6612786055,
7014.737,0.1220740378,-0.0610370189,1.0376293659,0.0665303543,0.0026856288,-1.0106509924,-0.1577196568,-0.0407727286,-0.4262825549,0.0028107241,0.0066283965,-0.0126904249,0.0315654464,0.0899461433,-0.9955567122,0.0048320442,32.7768783569,23.1330299377,-3.3570361137,-0.4777977765,-0.7718741298,-0.4250617921,-0.4574114084,0.2015442401,-0.4895168841,0.1235724986,-0.2370084524,0.1686303914,0.0013578145,0.6653224826,0.5953449607,-0.4507239461,32.7768783569,23.1330299377,-3.3570361137,-0.4777977765,-0.7718741298,-0.4250617921,-0.4574114084,0.2015442401,-0.4895168841,0.1235724986,-0.2370084524,0.1686303914,0.0013578145,0.6653224826,0.5953449607,-0.4507239461,0.0000000000,0.0000000000,0.0000000000,0.0000000000,0.0000000000,0.0000000000,-0.8093508482,0.3310647905,-0.3730582595,0.9852451086,-0.1664087027,-0.0459189415,0.2923163772,0.6695836782,0.1701211333,-0.6614458561,
7014.750,0.1220740378,-0.0610370189,1.0376293659,0.0657979101,0.0026856288,-1.0112613440,-0.1535691470,-0.0435804315,-0.4298226833,0.0020835698,0.0066282460,-0.0133004785,0.0315626711,0.0899758637,-0.9955540895,0.0048326729,32.5327301025,22.7668075562,-3.1128878593,-0.4746238589,-0.7577135563,-0.4311655164,-0.4548478723,0.1998351961,-0.4913479984,0.1236165166,-0.2178892493,0.1611999273,-0.0020710812,0.6652957201,0.5948175788,-0.4514565170,32.5327301025,22.7668075562,-3.1128878593,-0.4746238589,-0.7577135563,-0.4311655164,-0.4548478723,0.1998351961,-0.4913479984,0.1236165166,-0.2178892493,0.1611999273,-0.0020710812,0.6652957201,0.5948175788,-0.4514565170,0.0000000000,0.0000000000,0.0000000000,0.0000000000,0.0000000000,0.0000000000,-0.8110598922,0.3335062861,-0.3750114441,0.9852450490,-0.1664089113,-0.0459191203,0.2919438481,0.6696793437,0.1697438657,-0.6616104245,
7014.763,0.1220740378,-0.0610370189,0.9765923023,0.0645771697,0.0029297769,-1.0110172033,-0.1562547684,-0.0429700613,-0.4211554229,0.0008739755,0.0068703541,-0.0130555630,0.0315571018,0.0899969339,-0.9955523610,0.0048318212,32.7158432007,21.9733276367,-2.5025177002,-0.4719382226,-0.7634510398,-0.4293344021,-0.4571672678,0.1922666132,-0.4907376468,0.1233109534,-0.2187258005,0.1615566015,-0.0054357434,0.6652482748,0.5942506790,-0.4522443414,32.7158432007,21.9733276367,-2.5025177002,-0.4719382226,-0.7634510398,-0.4293344021,-0.4571672678,0.1922666132,-0.4907376468,0.1233109534,-0.2187258005,0.1615566015,-0.0054357434,0.6652482748,0.5942506790,-0.4522443414,0.0000000000,0.0000000000,0.0000000000,0.0000000000,0.0000000000,0.0000000000,-0.8100833297,0.3330179751,-0.3711050749,0.9852452874,-0.1664091796,-0.0459195971,0.2915780544,0.6697731614,0.1693734229,-0.6617718935,
7014.776,0.1831110567,-0.0610370189,1.0376293659,0.0649433881,0.0035401471,-1.0118716955,-0.1601611376,-0.0438245796,-0.4279915690,0.0012497827,0.0074870065,-0.0139094591,0.0315519683,0.0900109187,-0.9955513477,0.0048349602,32.7768783569,21.1188087463,-0.8545182943,-0.4803613424,-0.7809076309,-0.4122440219,-0.4511856437,0.1917783171,-0.4920804501,0.1121888757,-0.2314217091,0.1769501567,-0.0086983666,0.6652344465,0.5935519934,-0.4531305134,32.7768783569,21.1188087463,-0.8545182943,-0.4803613424,-0.7809076309,-0.4122440219,-0.4511856437,0.1917783171,-0.4920804501,0.1121888757,-0.2314217091,0.1769501567,-0.0086983666,0.6652344465,0.5935519934,-0.4531305134,0.0000000000,0.0000000000,0.0000000000,0.0000000000,0.0000000000,0.0000000000,-0.8095950484,0.3359477520,-0.3535264134,0.9852451086,-0.1664093882,-0.0459196568,0.2912515998,0.6698565483,0.1690428257,-0.6619156599,
7014.789,0.1220740378,-0.0610370189,0.9765923023,0.0640888736,0.0031739250,-1.0112613440,-0.1564989239,-0.0393078402,-0.4288460910,0.0004088134,0.0071175145,-0.0132982731,0.0315455049,0.0899817869,-0.9955540299,0.0048317974,32.9599914551,21.7291793823,-0.3662221134,-0.4760887623,-0.7906735539,-0.4049195945,-0.4491103888,0.1909237951,-0.5003814697,0.1137441993,-0.2364469171,0.1825588048,-0.0120025370,0.6652663946,0.5927928090,-0.4540008307,32.9599914551,21.7291793823,-0.3662221134,-0.4760887623,-0.7906735539,-0.4049195945,-0.4491103888,0.1909237951,-0.5003814697,0.1137441993,-0.2364469171,0.1825588048,-0.0120025370,0.6652663946,0.5927928090,-0.4540008307,0.0000000000,0.0000000000,0.0000000000,0.0000000000,0.0000000000,0.0000000000,-0.8117923737,0.3310647905,-0.3711050749,0.9852449298,-0.1664096266,-0.0459197760,0.2908817530,0.6699508429,0.1686683595,-0.6620783210,
7014.802,0.1831110567,-0.0610370189,0.9765923023,0.0634784997,0.0024414808,-1.0101627111,-0.1558885425,-0.0423596911,-0.4321421087,-0.0001854748,0.0063960557,-0.0121986270,0.0315369256,0.0899935737,-0.9955534339,0.0048369155,32.8989524841,22.4616222382,-0.0610370189,-0.4712058008,-0.7987304330,-0.3973509967,-0.4503311217,0.1857966930,-0.4959868193,0.1158631742,-0.2397913933,0.1884297431,-0.0153241660,0.6653112769,0.5920261741,-0.4548349082,32.8989524841,22.4616222382,-0.0610370189,-0.4712058008,-0.7987304330,-0.3973509967,-0.4503311217,0.1857966930,-0.4959868193,0.1158631742,-0.2397913933,0.1884297431,-0.0153241660,0.6653112769,0.5920261741,-0.4548349082,0.0000000000,0.0000000000,0.0000000000,0.0000000000,0.0000000000,0.0000000000,-0.8098391891,0.3344828784,-0.3730582595,0.9852450490,-0.1664098501,-0.0459201336,0.2905226648,0.6700422168,0.1683048159,-0.6622360945,
7014.815,0.1220740378,-0.0610370189,0.9765923023,0.0632343516,0.0037842952,-1.0108951330,-0.1551561058,-0.0405285805,-0.4277474284,-0.0004121289,0.0077325362,-0.0129299760,0.0315285400,0.0899844095,-0.9955543876,0.0048326817,32.8379173279,23.4382152557,-0.0610370189,-0.4560686052,-0.8075197339,-0.3986938000,-0.4476454854,0.1860408336,-0.4918363094,0.1280852258,-0.2438600063,0.1854762435,-0.0187096503,0.6653735042,0.5912755132,-0.4555929303,32.8379173279,23.4382152557,-0.0610370189,-0.4560686052,-0.8075197339,-0.3986938000,-0.4476454854,0.1860408336,-0.4918363094,0.1280852258,-0.2438600063,0.1854762435,-0.0187096503,0.6653735042,0.5912755132,-0.4555929303,0.0000000000,0.0000000000,0.0000000000,0.0000000000,0.0000000000,0.0000000000,-0.8105716109,0.3305765092,-0.3730582595,0.9852449298,-0.1664100438,-0.0459203124,0.2901524305,0.6701361537,0.1679300517,-0.6623984575,
7014.828,0.1220740378,-0.0610370189,0.9765923023,0.0616473891,0.0030518509,-1.0115054846,-0.1585741788,-0.0401623584,-0.4278694987,-0.0019737296,0.0069974125,-0.0135386586,0.0315161236,0.0899612159,-0.9955568910,0.0048294673,31.8613243103,23.9265117645,-0.4882961512,-0.4527726173,-0.8077639341,-0.3971068561,-0.4478896558,0.1831110567,-0.4952543676,0.1283797026,-0.2394645810,0.1855604947,-0.0220738631,0.6654281020,0.5905783772,-0.4562664330,31.8613243103,23.9265117645,-0.4882961512,-0.4527726173,-0.8077639341,-0.3971068561,-0.4478896558,0.1831110567,-0.4952543676,0.1283797026,-0.2394645810,0.1855604947,-0.0220738631,0.6654281020,0.5905783772,-0.4562664330,0.0000000000,0.0000000000,0.0000000000,0.0000000000,0.0000000000,0.0000000000,-0.8098391891,0.3339945674,-0.3730582595,0.9852448702,-0.1664102525,-0.0459205508,0.2897951603,0.6702265739,0.1675684303,-0.6625549197,
7014.841,0.1220740378,-0.0610370189,0.9155552983,0.0632343516,0.0036622211,-1.0102847815,-0.1585741788,-0.0394299142,-0.4265266955,-0.0003697574,0.0076014013,-0.0123168230,0.0315080583,0.0899343938,-0.9955596924,0.0048246714,31.3119907379,23.4382152557,-0.5493331552,-0.4580217898,-0.8053224087,-0.3952757418,-0.4475234151,0.1828669161,-0.4926908314,0.1202118099,-0.2324821353,0.1858473718,-0.0253510084,0.6654489040,0.5899008512,-0.4569417238,31.3119907379,23.4382152557,-0.5493331552,-0.4580217898,-0.8053224087,-0.3952757418,-0.4475234151,0.1828669161,-0.4926908314,0.1202118099,-0.2324821353,0.1858473718,-0.0253510084,0.6654489040,0.5899008512,-0.4569417238,0.0000000000,0.0000000000,0.0000000000,0.0000000000,0.0000000000,0.0000000000,-0.8117923737,0.3315531015,-0.3535264134,0.9852447510,-0.1664104462,-0.0459206700,0.2894613445,0.6703108549,0.1672305763,-0.6627008915,
7014.854,0.1220740378,0.0000000000,0.9155552983,0.0628681332,0.0030518509,-1.0096743107,-0.1545457393,-0.0426038392,-0.4275032878,-0.0007280558,0.0069876886,-0.0117058754,0.0315041356,0.0899598375,-0.9955574870,0.0048234542,30.9457683563,22.8278446198,-0.3662221134,-0.4602191150,-0.8058107495,-0.3908810616,-0.4481337965,0.1798150539,-0.4896389544,0.1152043641,-0.2285147905,0.1886202097,-0.0285438746,0.6654366255,0.5892266631,-0.4576402307,30.9457683563,22.8278446198,-0.3662221134,-0.4602191150,-0.8058107495,-0.3908810616,-0.4481337965,0.1798150539,-0.4896389544,0.1152043641,-0.2285147905,0.1886202097,-0.0285438746,0.6654366255,0.5892266631,-0.4576402307,0.0000000000,0.0000000000,0.0000000000,0.0000000000,0.0000000000,0.0000000000,-0.8122806549,0.3300881982,-0.3691518903,0.9852446914,-0.1664106548,-0.0459208488,0.2890993357,0.6704020500,0.1668642461,-0.6628589630,
7014.867,0.1220740378,-0.0610370189,0.9155552983,0.0629902035,0.0020752586,-1.0105289221,-0.1571092904,-0.0428479873,-0.4292123318,-0.0005878136,0.0060126078,-0.0125593543,0.0314949043,0.0899804458,-0.9955558777,0.0048240386,30.5185089111,22.5226593018,0.3662221134,-0.4582659304,-0.8082522154,-0.3845332265,-0.4453260899,0.1782280952,-0.4969634116,0.1144671738,-0.2266280055,0.1933038831,-0.0316728167,0.6654537320,0.5885010362,-0.4583429396,30.5185089111,22.5226593018,0.3662221134,-0.4582659304,-0.8082522154,-0.3845332265,-0.4453260899,0.1782280952,-0.4969634116,0.1144671738,-0.2266280055,0.1933038831,-0.0316728167,0.6654537320,0.5885010362,-0.4583429396,0.0000000000,0.0000000000,0.0000000000,0.0000000000,0.0000000000,0.0000000000,-0.8115482330,0.3291116059,-0.3554795980,0.9852448702,-0.1664109230,-0.0459212661,0.2887578011,0.6704879999,0.1665186286,-0.6630079746,
7014.880,0.1220740378,0.0000000000,0.9765923023,0.0622577593,0.0026856288,-1.0100406408,-0.1533249915,-0.0408948027,-0.4284798801,-0.0013093054,0.0066221333,-0.0120703578,0.0314894803,0.0899812579,-0.9955559969,0.0048231492,30.3353977203,22.6447334290,0.6714072227,-0.4585101008,-0.8092287779,-0.3828241825,-0.4439832866,0.1776177287,-0.4939115644,0.1115683913,-0.2233539224,0.1933421493,-0.0347675644,0.6654786468,0.5877626538,-0.4590294659,30.3353977203,22.6447334290,0.6714072227,-0.4585101008,-0.8092287779,-0.3828241825,-0.4439832866,0.1776177287,-0.4939115644,0.1115683913,-0.2233539224,0.1933421493,-0.0347675644,0.6654786468,0.5877626538,-0.4590294659,0.0000000000,0.0000000000,0.0000000000,0.0000000000,0.0000000000,0.0000000000,-0.8088625669,0.3286233246,-0.3691518903,0.9852448106,-0.1664111316,-0.0459213853,0.2883964777,0.6705785990,0.1661530584,-0.6631652713,
7014.893,0.1220740378,0.0000000000,0.9765923023,0.0627460554,0.0034180731,-1.0097965002,-0.1530808508,-0.0421155430,-0.4265266955,-0.0008125976,0.0073501091,-0.0118256807,0.0314853974,0.0899994001,-0.9955544472,0.0048211175,30.3353977203,23.1940670013,0.8545182943,-0.4558244646,-0.8143559098,-0.3792840242,-0.4428846240,0.1771294326,-0.4914700687,0.1115671098,-0.2242565155,0.1952217817,-0.0378767848,0.6655173898,0.5870120525,-0.4596873522,30.3353977203,23.1940670013,0.8545182943,-0.4558244646,-0.8143559098,-0.3792840242,-0.4428846240,0.1771294326,-0.4914700687,0.1115671098,-0.2242565155,0.1952217817,-0.0378767848,0.6655173898,0.5870120525,-0.4596873522,0.0000000000,0.0000000000,0.0000000000,0.0000000000,0.0000000000,0.0000000000,-0.8091067076,0.3256935477,-0.3554795980,0.9852446914,-0.1664113402,-0.0459215641,0.2880484760,0.6706656218,0.1658009887,-0.6633165479,
7014.906,0.1220740378,0.0610370189,0.9765923023,0.0646992400,0.0042725913,-1.0112613440,-0.1523483992,-0.0375988036,-0.4306772053,0.0011291653,0.0081959870,-0.0132911801,0.0314916819,0.0899587274,-0.9955579638,0.0048160423,30.1522865295,24.5368824005,0.8545182943,-0.4503311217,-0.8187505603,-0.3722037375,-0.4432508349,0.1776177287,-0.4939115644,0.1142393649,-0.2244409919,0.2007397115,-0.0410475135,0.6655949354,0.5862581134,-0.4602644444,30.1522865295,24.5368824005,0.8545182943,-0.4503311217,-0.8187505603,-0.3722037375,-0.4432508349,0.1776177287,-0.4939115644,0.1142393649,-0.2244409919,0.2007397115,-0.0410475135,0.6655949354,0.5862581134,-0.4602644444,0.0000000000,0.0000000000,0.0000000000,0.0000000000,0.0000000000,0.0000000000,-0.8105716109,0.3291116059,-0.3730582595,0.9852445126,-0.1664115340,-0.0459217429,0.2876850665,0.6707562804,0.1654333770,-0.6634743214,
7014.919,0.1220740378,0.0610370189,0.9765923023,0.0645771697,0.0039063692,-1.0108951330,-0.1536912173,-0.0386974700,-0.4277474284,0.0009962097,0.0078229699,-0.0129256248,0.0314975530,0.0899299160,-0.9955604076,0.0048122373,30.2133235931,25.2082881927,0.8545182943,-0.4474013448,-0.8205816746,-0.3685415089,-0.4410535097,0.1706595123,-0.4924466610,0.1142897010,-0.2220696211,0.2028561532,-0.0442497358,0.6656874418,0.5854935050,-0.4608070254,30.2133235931,25.2082881927,0.8545182943,-0.4474013448,-0.8205816746,-0.3685415089,-0.4410535097,0.1706595123,-0.4924466610,0.1142897010,-0.2220696211,0.2028561532,-0.0442497358,0.6656874418,0.5854935050,-0.4608070254,0.0000000000,0.0000000000,0.0000000000,0.0000000000,0.0000000000,0.0000000000,-0.8115482330,0.3286233246,-0.3574327826,0.9852445722,-0.1664117575,-0.0459219813,0.2873453796,0.6708408594,0.1650897712,-0.6636216044,
7014.932,0.1220740378,0.0000000000,0.9765923023,0.0648213178,0.0041505173,-1.0096743107,-0.1551561058,-0.0395519882,-0.4276253581,0.0012385771,0.0080591310,-0.0117049217,0.0314989053,0.0899086222,-0.9955623150,0.0048076650,30.2743606567,25.8186588287,0.9155552983,-0.4448378086,-0.8213141561,-0.3656117320,-0.4387340844,0.1701712161,-0.4936674237,0.1139299273,-0.2186184525,0.2042531371,-0.0474788137,0.6658007503,0.5847095251,-0.4613169432,30.2743606567,25.8186588287,0.9155552983,-0.4448378086,-0.8213141561,-0.3656117320,-0.4387340844,0.1701712161,-0.4936674237,0.1139299273,-0.2186184525,0.2042531371,-0.0474788137,0.6658007503,0.5847095251,-0.4613169432,0.0000000000,0.0000000000,0.0000000000,0.0000000000,0.0000000000,0.0000000000,-0.8115482330,0.3295999169,-0.3574327826,0.9852445126,-0.1664119810,-0.0459222198,0.2870104611,0.6709240675,0.1647510231,-0.6637666225,
7014.945,0.1220740378,0.0000000000,0.9155552983,0.0639667958,0.0040284432,-1.0105289221,-0.1557664722,-0.0393078402,-0.4244514406,0.0003867075,0.0079290513,-0.0125592947,0.0314980373,0.0898886323,-0.9955641627,0.0048029241,30.1522865295,25.9407329559,1.2207404375,-0.4474013448,-0.8191167712,-0.3602404892,-0.4349497855,0.1689504683,-0.4980620742,0.1085004807,-0.2123101354,0.2080633342,-0.0506843664,0.6659383774,0.5838848352,-0.4618216157,30.1522865295,25.9407329559,1.2207404375,-0.4474013448,-0.8191167712,-0.3602404892,-0.4349497855,0.1689504683,-0.4980620742,0.1085004807,-0.2123101354,0.2080633342,-0.0506843664,0.6659383774,0.5838848352,-0.4618216157,0.0000000000,0.0000000000,0.0000000000,0.0000000000,0.0000000000,0.0000000000,-0.8095950484,0.3276467323,-0.3730582595,0.9852443933,-0.1664121747,-0.0459224582,0.2866477966,0.6710138917,0.1643842757,-0.6639233828,
7014.958,0.1831110567,0.0610370189,0.9765923023,0.0655537620,0.0040284432,-1.0111392736,-0.1558885425,-0.0397961363,-0.4272591472,0.0019581094,0.0079324096,-0.0131707191,0.0315057412,0.0898690522,-0.9955656528,0.0048046797,30.1522865295,25.8796958923,1.5869624615,-0.4452040195,-0.8210699558,-0.3576769233,-0.4307992756,0.1651661694,-0.4904934764,0.1078872085,-0.2102051377,0.2090199590,-0.0538583770,0.6660739183,0.5830415487,-0.4623319805,30.1522865295,25.8796958923,1.5869624615,-0.4452040195,-0.8210699558,-0.3576769233,-0.4307992756,0.1651661694,-0.4904934764,0.1078872085,-0.2102051377,0.2090199590,-0.0538583770,0.6660739183,0.5830415487,-0.4623319805,0.0000000000,0.0000000000,0.0000000000,0.0000000000,0.0000000000,0.0000000000,-0.8108157516,0.3300881982,-0.3730582595,0.9852444530,-0.1664124131,-0.0459228158,0.2862938941,0.6711013913,0.1640263945,-0.6640762091,
7014.971,0.1831110567,0.0000000000,0.9765923023,0.0667745024,0.0034180731,-1.0117496252,-0.1540574431,-0.0393078402,-0.4251838624,0.0031681955,0.0073284078,-0.0137817264,0.0315108672,0.0898485631,-0.9955673218,0.0048076846,30.0302124023,25.7576217651,1.8311105967,-0.4430066943,-0.8248542547,-0.3557237387,-0.4320200086,0.1628467739,-0.4959868193,0.1073195934,-0.2099809647,0.2093282938,-0.0570071600,0.6662111282,0.5821791291,-0.4628435373,30.0302124023,25.7576217651,1.8311105967,-0.4430066943,-0.8248542547,-0.3557237387,-0.4320200086,0.1628467739,-0.4959868193,0.1073195934,-0.2099809647,0.2093282938,-0.0570071600,0.6662111282,0.5821791291,-0.4628435373,0.0000000000,0.0000000000,0.0000000000,0.0000000000,0.0000000000,0.0000000000,-0.8115482330,0.3261818290,-0.3711050749,0.9852443933,-0.1664126217,-0.0459230542,0.2859315872,0.6711907387,0.1636600792,-0.6642323732,
7014.984,0.1220740378,0.0000000000,0.9765923023,0.0660420582,0.0031739250,-1.0110172033,-0.1534470618,-0.0388195440,-0.4250617921,0.0024285093,0.0070811575,-0.0130497813,0.0315147378,0.0898231789,-0.9955695271,0.0048056617,29.4808807373,25.5745105743,2.1973326206,-0.4430066943,-0.8337656856,-0.3493759036,-0.4345835745,0.1657765508,-0.4918363094,0.1046264172,-0.2149721980,0.2140114903,-0.0600858591,0.6663302183,0.5813272595,-0.4633529782,29.4808807373,25.5745105743,2.1973326206,-0.4430066943,-0.8337656856,-0.3493759036,-0.4345835745,0.1657765508,-0.4918363094,0.1046264172,-0.2149721980,0.2140114903,-0.0600858591,0.6663302183,0.5813272595,-0.4633529782,0.0000000000,0.0000000000,0.0000000000,0.0000000000,0.0000000000,0.0000000000,-0.8088625669,0.3276467323,-0.3730582595,0.9852443337,-0.1664128155,-0.0459231734,0.2855743766,0.6712785959,0.1632989645,-0.6643860936,
7014.997,0.1220740378,0.0000000000,0.9765923023,0.0660420582,0.0024414808,-1.0102847815,-0.1546678096,-0.0369884335,-0.4279915690,0.0024210811,0.0063492362,-0.0123178363,0.0315186791,0.0897697508,-0.9955742359,0.0048045656,29.0536212921,25.6965847015,2.2583696842,-0.4420301020,-0.8379161954,-0.3479110003,-0.4297006130,0.1595507711,-0.4898831248,0.1029148400,-0.2152671218,0.2138330936,-0.0631392598,0.6664536595,0.5804781914,-0.4638333619,29.0536212921,25.6965847015,2.2583696842,-0.4420301020,-0.8379161954,-0.3479110003,-0.4297006130,0.1595507711,-0.4898831248,0.1029148400,-0.2152671218,0.2138330936,-0.0631392598,0.6664536595,0.5804781914,-0.4638333619,0.0000000000,0.0000000000,0.0000000000,0.0000000000,0.0000000000,0.0000000000,-0.8095950484,0.3295999169,-0.3535264134,0.9852441549,-0.1664130241,-0.0459232926,0.2852553129,0.6713568568,0.1629764140,-0.6645231843,
7015.010,0.1831110567,-0.0610370189,0.9765923023,0.0659199804,0.0024414808,-1.0116275549,-0.1535691470,-0.0388195440,-0.4232306778,0.0023032576,0.0063604079,-0.0136603713,0.0315161720,0.0897449851,-0.9955766201,0.0048091547,28.6263618469,25.7576217651,2.2583696842,-0.4408093393,-0.8385265470,-0.3452253938,-0.4303109944,0.1577196568,-0.4958647490,0.1014578640,-0.2120838761,0.2148906589,-0.0661659539,0.6665797830,0.5796316862,-0.4642887414,28.6263618469,25.7576217651,2.2583696842,-0.4408093393,-0.8385265470,-0.3452253938,-0.4303109944,0.1577196568,-0.4958647490,0.1014578640,-0.2120838761,0.2148906589,-0.0661659539,0.6665797830,0.5796316862,-0.4642887414,0.0000000000,0.0000000000,0.0000000000,0.0000000000,0.0000000000,0.0000000000,-0.8125247955,0.3261818290,-0.3750114441,0.9852442145,-0.1664132029,-0.0459237099,0.2848914564,0.6714459658,0.1626086384,-0.6646794081,
7015.023,0.1220740378,-0.0610370189,0.9765923023,0.0668965727,0.0032959990,-1.0113834143,-0.1543015838,-0.0413830988,-0.4303109944,0.0032792389,0.0072111860,-0.0134162903,0.0315166228,0.0897502750,-0.9955759645,0.0048074876,28.3822135925,26.9783630371,2.2583696842,-0.4353160262,-0.8435316086,-0.3374126554,-0.4276253581,0.1605273634,-0.4954985082,0.1041554809,-0.2133096457,0.2211621404,-0.0692458525,0.6667405963,0.5787813663,-0.4646693766,28.3822135925,26.9783630371,2.2583696842,-0.4353160262,-0.8435316086,-0.3374126554,-0.4276253581,0.1605273634,-0.4954985082,0.1041554809,-0.2133096457,0.2211621404,-0.0692458525,0.6667405963,0.5787813663,-0.4646693766,0.0000000000,0.0000000000,0.0000000000,0.0000000000,0.0000000000,0.0000000000,-0.8100833297,0.3276467323,-0.3535264134,0.9852442145,-0.1664134562,-0.0459240079,0.2845688760,0.6715247631,0.1622825712,-0.6648176908,
7015.036,0.1220740378,-0.1220740378,1.0376293659,0.0651875362,0.0032959990,-1.0116275549,-0.1571092904,-0.0408948027,-0.4228644669,0.0015887171,0.0072081452,-0.0136591792,0.0315075852,0.0897377655,-0.9955775142,0.0048047425,28.2601394653,26.9783630371,2.2583696842,-0.4295785427,-0.8434095383,-0.3341166377,-0.4251838624,0.1560106277,-0.4928129017,0.1070986986,-0.2094298601,0.2228958607,-0.0723142475,0.6668888330,0.5779350996,-0.4650423527,28.2601394653,26.9783630371,2.2583696842,-0.4295785427,-0.8434095383,-0.3341166377,-0.4251838624,0.1560106277,-0.4928129017,0.1070986986,-0.2094298601,0.2228958607,-0.0723142475,0.6668888330,0.5779350996,-0.4650423527,0.0000000000,0.0000000000,0.0000000000,0.0000000000,0.0000000000,0.0000000000,-0.8120365143,0.3266701400,-0.3750114441,0.9852441549,-0.1664136648,-0.0459241867,0.2842100561,0.6716122031,0.1619199514,-0.6649712324,
7015.049,0.1220740378,-0.1220740378,0.9765923023,0.0655537620,0.0037842952,-1.0112613440,-0.1558885425,-0.0390636921,-0.4305551350,0.0019714236,0.0076903184,-0.0132918954,0.0314997844,0.0897084326,-0.9955803752,0.0048000221,28.0159912109,26.4900665283,2.2583696842,-0.4265266955,-0.8435316086,-0.3350932300,-0.4200567603,0.1554002464,-0.4928129017,0.1074092686,-0.2058419585,0.2203172743,-0.0753404126,0.6670194864,0.5770907402,-0.4654230177,28.0159912109,26.4900665283,2.2583696842,-0.4265266955,-0.8435316086,-0.3350932300,-0.4200567603,0.1554002464,-0.4928129017,0.1074092686,-0.2058419585,0.2203172743,-0.0753404126,0.6670194864,0.5770907402,-0.4654230177,0.0000000000,0.0000000000,0.0000000000,0.0000000000,0.0000000000,0.0000000000,-0.8113040328,0.3281350136,-0.3535264134,0.9852440953,-0.1664138883,-0.0459244251,0.2838914990,0.6716896892,0.1615980268,-0.6651073694,
7015.062,0.1220740378,-0.1220740378,1.0376293659,0.0645771697,0.0035401471,-1.0110172033,-0.1568651348,-0.0402844325,-0.4239631295,0.0010159910,0.0074419533,-0.0130463839,0.0314895175,0.0896887332,-0.9955825210,0.0047963457,27.5887317657,24.5979194641,2.6856288910,-0.4260383844,-0.8449965119,-0.3278908730,-0.4209112823,0.1535691470,-0.4937894940,0.1054114699,-0.2036876678,0.2257348299,-0.0782189220,0.6670824885,0.5762441754,-0.4659065902,27.5887317657,24.5979194641,2.6856288910,-0.4260383844,-0.8449965119,-0.3278908730,-0.4209112823,0.1535691470,-0.4937894940,0.1054114699,-0.2036876678,0.2257348299,-0.0782189220,0.6670824885,0.5762441754,-0.4659065902,0.0000000000,0.0000000000,0.0000000000,0.0000000000,0.0000000000,0.0000000000,-0.8108157516,0.3256935477,-0.3535264134,0.9852438569,-0.1664141119,-0.0459244251,0.2835666239,0.6717684269,0.1612697542,-0.6652459502,
7015.075,0.1220740378,-0.1220740378,0.9765923023,0.0646992400,0.0029297769,-1.0113834143,-0.1541795135,-0.0435804315,-0.4289681613,0.0011585727,0.0068297265,-0.0134112835,0.0314791985,0.0897238851,-0.9955796599,0.0047956090,27.2835483551,24.0485858917,2.8687398434,-0.4279915690,-0.8421887755,-0.3236182630,-0.4206671417,0.1529587656,-0.4907376468,0.1010801792,-0.1973369718,0.2281674445,-0.0810209438,0.6671214700,0.5754000545,-0.4664148092,27.2835483551,24.0485858917,2.8687398434,-0.4279915690,-0.8421887755,-0.3236182630,-0.4206671417,0.1529587656,-0.4907376468,0.1010801792,-0.1973369718,0.2281674445,-0.0810209438,0.6671214700,0.5754000545,-0.4664148092,0.0000000000,0.0000000000,0.0000000000,0.0000000000,0.0000000000,0.0000000000,-0.8108157516,0.3247169554,-0.3554795980,0.9852440357,-0.1664143801,-0.0459249020,0.2832369506,0.6718482971,0.1609366387,-0.6653865576,
7015.088,0.1831110567,-0.1220740378,0.9765923023,0.0623798333,0.0035401471,-1.0101627111,-0.1571092904,-0.0385753959,-0.4288460910,-0.0011293702,0.0074458406,-0.0121886134,0.0314634405,0.0896857083,-0.9955835938,0.0047958484,27.2225112915,23.9875488281,2.9297769070,-0.4287240207,-0.8417004943,-0.3233741224,-0.4228644669,0.1530808508,-0.4920804501,0.0980034173,-0.1933479905,0.2265497744,-0.0837954953,0.6671533585,0.5745535493,-0.4669221938,27.2225112915,23.9875488281,2.9297769070,-0.4287240207,-0.8417004943,-0.3233741224,-0.4228644669,0.1530808508,-0.4920804501,0.0980034173,-0.1933479905,0.2265497744,-0.0837954953,0.6671533585,0.5745535493,-0.4669221938,0.0000000000,0.0000000000,0.0000000000,0.0000000000,0.0000000000,0.0000000000,-0.8091067076,0.3232520521,-0.3574327826,0.9852439165,-0.1664145589,-0.0459249616,0.2829018533,0.6719291806,0.1605981290,-0.6655291319,
7015.101,0.1831110567,-0.1220740378,1.0376293659,0.0633564293,0.0030518509,-1.0108951330,-0.1530808508,-0.0408948027,-0.4320200086,-0.0001260191,0.0069663599,-0.0129193664,0.0314497128,0.0896830633,-0.9955842495,0.0047989520,27.7718429565,26.9783630371,3.1128878593,-0.4395886064,-0.8399914503,-0.3309427202,-0.4227423966,0.1521042585,-0.4984282851,0.0845786929,-0.1881737709,0.2173293531,-0.0867134929,0.6673286557,0.5736304522,-0.4672737420,27.7718429565,26.9783630371,3.1128878593,-0.4395886064,-0.8399914503,-0.3309427202,-0.4227423966,0.1521042585,-0.4984282851,0.0845786929,-0.1881737709,0.2173293531,-0.0867134929,0.6673286557,0.5736304522,-0.4672737420,0.0000000000,0.0000000000,0.0000000000,0.0000000000,0.0000000000,0.0000000000,-0.8113040328,0.3271584213,-0.3574327826,0.9852439165,-0.1664147973,-0.0459252000,0.2825798988,0.6720067859,0.1602728963,-0.6656659842,
7015.114,0.1220740378,-0.0610370189,0.9765923023,0.0629902035,0.0048829615,-1.0104068518,-0.1533249915,-0.0419934690,-0.4307992756,-0.0004746392,0.0087858709,-0.0124299526,0.0314413756,0.0896997228,-0.9955830574,0.0047929073,27.8328800201,28.9315471649,3.3570361137,-0.4293344021,-0.8437757492,-0.3319193125,-0.4216437340,0.1468550712,-0.4907376468,0.0920869708,-0.1885086298,0.2148580551,-0.0897207856,0.6675714254,0.5726957917,-0.4675056338,27.8328800201,28.9315471649,3.3570361137,-0.4293344021,-0.8437757492,-0.3319193125,-0.4216437340,0.1468550712,-0.4907376468,0.0920869708,-0.1885086298,0.2148580551,-0.0897207856,0.6675714254,0.5726957917,-0.4675056338,0.0000000000,0.0000000000,0.0000000000,0.0000000000,0.0000000000,0.0000000000,-0.8125247955,0.3256935477,-0.3574327826,0.9852438569,-0.1664150357,-0.0459254384,0.2822538614,0.6720851660,0.1599435508,-0.6658043861,
7015.127,0.1220740378,-0.1220740378,1.0376293659,0.0632343516,0.0035401471,-1.0108951330,-0.1532029212,-0.0404065065,-0.4315317273,-0.0002033636,0.0074388306,-0.0129165053,0.0314280801,0.0896902680,-0.9955843687,0.0047892821,27.6497688293,29.7860660553,3.6622211933,-0.4271370471,-0.8507339954,-0.3299661279,-0.4156621099,0.1446577311,-0.4931791127,0.0914958417,-0.1920661926,0.2153760791,-0.0927566290,0.6678656340,0.5717255473,-0.4676805735,27.6497688293,29.7860660553,3.6622211933,-0.4271370471,-0.8507339954,-0.3299661279,-0.4156621099,0.1446577311,-0.4931791127,0.0914958417,-0.1920661926,0.2153760791,-0.0927566290,0.6678656340,0.5717255473,-0.4676805735,0.0000000000,0.0000000000,0.0000000000,0.0000000000,0.0000000000,0.0000000000,-0.8098391891,0.3291116059,-0.3535264134,0.9852438569,-0.1664152294,-0.0459257364,0.2819486856,0.6721583605,0.1596353054,-0.6659337878,
7015.140,0.1220740378,-0.0610370189,1.0376293659,0.0627460554,0.0032959990,-1.0100406408,-0.1541795135,-0.0423596911,-0.4321421087,-0.0006731525,0.0071916659,-0.0120607615,0.0314189233,0.0897035822,-0.9955834746,0.0047873668,27.1004371643,30.5795459747,4.3336281776,-0.4226203263,-0.8603778481,-0.3231299818,-0.4112674296,0.1467330009,-0.4882961512,0.0932239592,-0.1984049678,0.2208540738,-0.0957781821,0.6682074070,0.5707314610,-0.4677975178,27.1004371643,30.5795459747,4.3336281776,-0.4226203263,-0.8603778481,-0.3231299818,-0.4112674296,0.1467330009,-0.4882961512,0.0932239592,-0.1984049678,0.2208540738,-0.0957781821,0.6682074070,0.5707314610,-0.4677975178,0.0000000000,0.0000000000,0.0000000000,0.0000000000,0.0000000000,0.0000000000,-0.8100833297,0.3237403631,-0.3554795980,0.9852436781,-0.1664154232,-0.0459257960,0.2816237509,0.6722360849,0.1593071669,-0.6660712957,
7015.153,0.1220740378,0.0000000000,1.0376293659,0.0631122813,0.0036622211,-1.0110172033,-0.1524704695,-0.0419934690,-0.4253059626,-0.0003006533,0.0075530908,-0.0130369067,0.0314159356,0.0897187293,-0.9955822229,0.0047851722,26.6731777191,30.6405830383,4.5777764320,-0.4182256460,-0.8614764810,-0.3221533895,-0.4160283208,0.1456343234,-0.4897610545,0.0948553681,-0.1962714791,0.2205001712,-0.0987559035,0.6685480475,0.5697488189,-0.4678894281,26.6731777191,30.6405830383,4.5777764320,-0.4182256460,-0.8614764810,-0.3221533895,-0.4160283208,0.1456343234,-0.4897610545,0.0948553681,-0.1962714791,0.2205001712,-0.0987559035,0.6685480475,0.5697488189,-0.4678894281,0.0000000000,0.0000000000,0.0000000000,0.0000000000,0.0000000000,0.0000000000,-0.8120365143,0.3261818290,-0.3535264134,0.9852439165,-0.1664156914,-0.0459262729,0.2813104391,0.6723110080,0.1589907557,-0.6662038565,
7015.166,0.1220740378,0.0000000000,1.0376293659,0.0638447255,0.0034180731,-1.0102847815,-0.1490523964,-0.0424817652,-0.4347056448,0.0004342124,0.0073053618,-0.0123043060,0.0314147472,0.0897483677,-0.9955795407,0.0047842152,25.9407329559,30.3353977203,4.6998505592,-0.4085817933,-0.8644062877,-0.3264259696,-0.4148075879,0.1478316635,-0.4869533479,0.1017527580,-0.1960556507,0.2149513364,-0.1016704440,0.6688746214,0.5688048005,-0.4679470658,25.9407329559,30.3353977203,4.6998505592,-0.4085817933,-0.8644062877,-0.3264259696,-0.4148075879,0.1478316635,-0.4869533479,0.1017527580,-0.1960556507,0.2149513364,-0.1016704440,0.6688746214,0.5688048005,-0.4679470658,0.0000000000,0.0000000000,0.0000000000,0.0000000000,0.0000000000,0.0000000000,-0.8100833297,0.3266701400,-0.3750114441,0.9852437377,-0.1664159000,-0.0459263921,0.2809680104,0.6723925471,0.1586450040,-0.6663483977,
7015.179,0.1831110567,0.0000000000,0.9765923023,0.0640888736,0.0024414808,-1.0106509924,-0.1523483992,-0.0401623584,-0.4264046252,0.0006796420,0.0063399952,-0.0126705170,0.0314136259,0.0897445381,-0.9955798984,0.0047896295,23.9875488281,29.2977695465,4.5167393684,-0.4080935121,-0.8647724986,-0.3294778168,-0.4087038934,0.1440473646,-0.4902493358,0.0995843410,-0.1934712529,0.2107460201,-0.1044250056,0.6691775322,0.5679408312,-0.4679567516,23.9875488281,29.2977695465,4.5167393684,-0.4080935121,-0.8647724986,-0.3294778168,-0.4087038934,0.1440473646,-0.4902493358,0.0995843410,-0.1934712529,0.2107460201,-0.1044250056,0.6691775322,0.5679408312,-0.4679567516,0.0000000000,0.0000000000,0.0000000000,0.0000000000,0.0000000000,0.0000000000,-0.8093508482,0.3232520521,-0.3711050749,0.9852436185,-0.1664161086,-0.0459265709,0.2806223929,0.6724746823,0.1582960784,-0.6664940715,
7015.192,0.1831110567,0.0000000000,0.9765923023,0.0659199804,0.0035401471,-1.0095522404,-0.1554002464,-0.0402844325,-0.4297006130,0.0025026575,0.0074443868,-0.0115723014,0.0314174592,0.0897330344,-0.9955807924,0.0047924831,23.0109558105,29.0536212921,4.3946652412,-0.4049195945,-0.8677022457,-0.3326517642,-0.4112674296,0.1424604058,-0.4898831248,0.1001083553,-0.1935466528,0.2065007389,-0.1071033403,0.6694598198,0.5671360493,-0.4679237306,23.0109558105,29.0536212921,4.3946652412,-0.4049195945,-0.8677022457,-0.3326517642,-0.4112674296,0.1424604058,-0.4898831248,0.1001083553,-0.1935466528,0.2065007389,-0.1071033403,0.6694598198,0.5671360493,-0.4679237306,0.0000000000,0.0000000000,0.0000000000,0.0000000000,0.0000000000,0.0000000000,-0.8103274703,0.3271584213,-0.3554795980,0.9852434397,-0.1664163321,-0.0459266305,0.2803149223,0.6725475192,0.1579856575,-0.6666234732,
7015.205,0.1220740378,0.0000000000,0.9765923023,0.0654316843,0.0026856288,-1.0107730627,-0.1554002464,-0.0422376171,-0.4320200086,0.0020091161,0.0065891738,-0.0127934813,0.0314200446,0.0897462368,-0.9955794811,0.0047927899,21.8512535095,28.5653247833,4.3336281776,-0.4033326209,-0.8669698238,-0.3353373706,-0.4043092132,0.1396526992,-0.4870754182,0.0990934074,-0.1900865436,0.2028279603,-0.1096857712,0.6697331071,0.5663776994,-0.4678529203,21.8512535095,28.5653247833,4.3336281776,-0.4033326209,-0.8669698238,-0.3353373706,-0.4043092132,0.1396526992,-0.4870754182,0.0990934074,-0.1900865436,0.2028279603,-0.1096857712,0.6697331071,0.5663776994,-0.4678529203,0.0000000000,0.0000000000,0.0000000000,0.0000000000,0.0000000000,0.0000000000,-0.8098391891,0.3242286444,-0.3535264134,0.9852435589,-0.1664165705,-0.0459269881,0.2800026536,0.6726214886,0.1576704234,-0.6667548418,
7015.218,0.1831110567,0.0000000000,1.0376293659,0.0645771697,0.0031739250,-1.0113834143,-0.1563768387,-0.0424817652,-0.4307992756,0.0011537969,0.0070856856,-0.0134038925,0.0314200297,0.0897549242,-0.9955787063,0.0047971928,19.3487358093,27.2225112915,4.1505174637,-0.4008911550,-0.8678243160,-0.3352153003,-0.4066286087,0.1398968548,-0.4815820754,0.0990437567,-0.1884430647,0.2021221817,-0.1120438129,0.6699446440,0.5657618046,-0.4677365124,19.3487358093,27.2225112915,4.1505174637,-0.4008911550,-0.8678243160,-0.3352153003,-0.4066286087,0.1398968548,-0.4815820754,0.0990437567,-0.1884430647,0.2021221817,-0.1120438129,0.6699446440,0.5657618046,-0.4677365124,0.0000000000,0.0000000000,0.0000000000,0.0000000000,0.0000000000,0.0000000000,-0.8115482330,0.3281350136,-0.3554795980,0.9852434993,-0.1664168388,-0.0459272265,0.2797006071,0.6726928353,0.1573655158,-0.6668816805,
7015.231,0.1831110567,0.0610370189,0.9765923023,0.0640888736,0.0029297769,-1.0107730627,-0.1551561058,-0.0417493209,-0.4347056448,0.0006562397,0.0068502333,-0.0127941370,0.0314242244,0.0897618681,-0.9955780506,0.0048021604,18.3111057281,26.7952518463,4.0894804001,-0.4102908373,-0.8641620874,-0.3298440576,-0.4076052010,0.1331827790,-0.4846339226,0.0872489810,-0.1824054122,0.2067075968,-0.1142964065,0.6701451540,0.5651767850,-0.4676114917,18.3111057281,26.7952518463,4.0894804001,-0.4102908373,-0.8641620874,-0.3298440576,-0.4076052010,0.1331827790,-0.4846339226,0.0872489810,-0.1824054122,0.2067075968,-0.1142964065,0.6701451540,0.5651767850,-0.4676114917,0.0000000000,0.0000000000,0.0000000000,0.0000000000,0.0000000000,0.0000000000,-0.8125247955,0.3295999169,-0.3554795980,0.9852433801,-0.1664170325,-0.0459272861,0.2794041932,0.6727626324,0.1570663303,-0.6670059562,
7015.244,0.1831110567,0.0000000000,0.9765923023,0.0645771697,0.0012207404,-1.0113834143,-0.1574755162,-0.0416272469,-0.4322641790,0.0011437684,0.0051582945,-0.0134046674,0.0314238444,0.0897610337,-0.9955779314,0.0048106872,18.0669574738,27.9549541473,4.2115545273,-0.4310434163,-0.8463392854,-0.3147068620,-0.4019898176,0.1346476674,-0.4843897820,0.0641466379,-0.1622994542,0.2211123109,-0.1165368110,0.6704121232,0.5645356178,-0.4674500823,18.0669574738,27.9549541473,4.2115545273,-0.4310434163,-0.8463392854,-0.3147068620,-0.4019898176,0.1346476674,-0.4843897820,0.0641466379,-0.1622994542,0.2211123109,-0.1165368110,0.6704121232,0.5645356178,-0.4674500823,0.0000000000,0.0000000000,0.0000000000,0.0000000000,0.0000000000,0.0000000000,-0.8113040328,0.3256935477,-0.3750114441,0.9852433801,-0.1664172262,-0.0459275842,0.2790668011,0.6728419662,0.1567258686,-0.6671472788,
7015.257,0.1220740378,-0.0610370189,1.0376293659,0.0659199804,0.0058595538,-1.0111392736,-0.1560106277,-0.0472426526,-0.4289681613,0.0024897903,0.0097812628,-0.0131602287,0.0314226113,0.0898323506,-0.9955716729,0.0048048990,22.0343647003,35.7676925659,5.1271095276,-0.4182256460,-0.8202154636,-0.2753990293,-0.4007690549,0.1340373009,-0.4874416292,0.0740491748,-0.1335498691,0.2597479224,-0.1193680167,0.6709756255,0.5635678768,-0.4670950472,22.0343647003,35.7676925659,5.1271095276,-0.4182256460,-0.8202154636,-0.2753990293,-0.4007690549,0.1340373009,-0.4874416292,0.0740491748,-0.1335498691,0.2597479224,-0.1193680167,0.6709756255,0.5635678768,-0.4670950472,0.0000000000,0.0000000000,0.0000000000,0.0000000000,0.0000000000,0.0000000000,-0.8108157516,0.3286233246,-0.3554795980,0.9852433205,-0.1664174646,-0.0459277034,0.2787712514,0.6729112864,0.1564276069,-0.6672708988,
7015.270,0.1220740378,-0.0610370189,0.9765923023,0.0645771697,0.0045167394,-1.0107730627,-0.1596728414,-0.0449232459,-0.4286019504,0.0011566207,0.0084286239,-0.0127933025,0.0314180702,0.0898679644,-0.9955686331,0.0048006941,24.1706600189,38.2091751099,5.7985167503,-0.4052858055,-0.8380382657,-0.2664876282,-0.3982055187,0.1320841163,-0.4884182215,0.0838765204,-0.1485401392,0.2678711116,-0.1224564314,0.6716200709,0.5624493957,-0.4667173028,24.1706600189,38.2091751099,5.7985167503,-0.4052858055,-0.8380382657,-0.2664876282,-0.3982055187,0.1320841163,-0.4884182215,0.0838765204,-0.1485401392,0.2678711116,-0.1224564314,0.6716200709,0.5624493957,-0.4667173028,0.0000000000,0.0000000000,0.0000000000,0.0000000000,0.0000000000,0.0000000000,-0.8088625669,0.3266701400,-0.3730582595,0.9852430820,-0.1664176583,-0.0459278226,0.2784443796,0.6729877591,0.1560977995,-0.6674073935,
7015.283,0.1220740378,-0.1220740378,0.9155552983,0.0631122813,0.0025635548,-1.0101627111,-0.1541795135,-0.0455336161,-0.4314096570,-0.0002810434,0.0064746281,-0.0121812224,0.0314042233,0.0899324119,-0.9955632091,0.0048010959,25.0862140656,37.9650268555,6.0426650047,-0.3963744044,-0.8537858129,-0.2634357810,-0.3977172077,0.1326944828,-0.4867091775,0.0896930099,-0.1613542438,0.2699537873,-0.1255937070,0.6722270846,0.5612924099,-0.4664026797,25.0862140656,37.9650268555,6.0426650047,-0.3963744044,-0.8537858129,-0.2634357810,-0.3977172077,0.1326944828,-0.4867091775,0.0896930099,-0.1613542438,0.2699537873,-0.1255937070,0.6722270846,0.5612924099,-0.4664026797,0.0000000000,0.0000000000,0.0000000000,0.0000000000,0.0000000000,0.0000000000,-0.8095950484,0.3266701400,-0.3554795980,0.9852432609,-0.1664179415,-0.0459281802,0.2781460881,0.6730574965,0.1557968110,-0.6675319076,
7015.296,0.1220740378,-0.0610370189,0.9155552983,0.0631122813,0.0024414808,-1.0099185705,-0.1560106277,-0.0415051728,-0.4348277152,-0.0002646893,0.0063523394,-0.0119360685,0.0313960463,0.0899380296,-0.9955629706,0.0048004277,25.1472511292,34.4859161377,6.1647391319,-0.4104129076,-0.8613544106,-0.2609942853,-0.3982055187,0.1298867762,-0.4870754182,0.0729680657,-0.1660258770,0.2710666358,-0.1285270452,0.6726872921,0.5601478815,-0.4663157165,25.1472511292,34.4859161377,6.1647391319,-0.4104129076,-0.8613544106,-0.2609942853,-0.3982055187,0.1298867762,-0.4870754182,0.0729680657,-0.1660258770,0.2710666358,-0.1285270452,0.6726872921,0.5601478815,-0.4663157165,0.0000000000,0.0000000000,0.0000000000,0.0000000000,0.0000000000,0.0000000000,-0.8100833297,0.3252052367,-0.3554795980,0.9852432013,-0.1664181501,-0.0459284186,0.2778439820,0.6731278896,0.1554920226,-0.6676577926,
7015.309,0.1220740378,-0.0610370189,0.9155552983,0.0642109439,0.0040284432,-1.0117496252,-0.1530808508,-0.0407727286,-0.4326303899,0.0008454323,0.0079312762,-0.0137664080,0.0313906744,0.0899429843,-0.9955626726,0.0047960691,24.9031028748,33.2651748657,6.2257757187,-0.4100466967,-0.8730735183,-0.2696615458,-0.3975951374,0.1306192279,-0.4824365973,0.0707605183,-0.1748943925,0.2609973550,-0.1313707083,0.6730896235,0.5590378046,-0.4662749171,24.9031028748,33.2651748657,6.2257757187,-0.4100466967,-0.8730735183,-0.2696615458,-0.3975951374,0.1306192279,-0.4824365973,0.0707605183,-0.1748943925,0.2609973550,-0.1313707083,0.6730896235,0.5590378046,-0.4662749171,0.0000000000,0.0000000000,0.0000000000,0.0000000000,0.0000000000,0.0000000000,-0.8110598922,0.3237403631,-0.3574327826,0.9852430224,-0.1664183587,-0.0459285378,0.2775346339,0.6731997728,0.1551799625,-0.6677864790,
7015.322,0.1220740378,-0.0610370189,0.9155552983,0.0631122813,0.0045167394,-1.0100406408,-0.1566209942,-0.0399182104,-0.4315317273,-0.0002369881,0.0084091369,-0.0120563507,0.0313831158,0.0899272487,-0.9955644608,0.0047896407,23.5602893829,31.0068054199,6.2257757187,-0.3918576539,-0.8900418282,-0.2879726589,-0.3886837363,0.1263466328,-0.4869533479,0.0864883661,-0.1891302466,0.2413071692,-0.1340674013,0.6734291315,0.5580112338,-0.4662467241,23.5602893829,31.0068054199,6.2257757187,-0.3918576539,-0.8900418282,-0.2879726589,-0.3886837363,0.1263466328,-0.4869533479,0.0864883661,-0.1891302466,0.2413071692,-0.1340674013,0.6734291315,0.5580112338,-0.4662467241,0.0000000000,0.0000000000,0.0000000000,0.0000000000,0.0000000000,0.0000000000,-0.8122806549,0.3227637708,-0.3730582595,0.9852431417,-0.1664185822,-0.0459288359,0.2771988213,0.6732777357,0.1548412442,-0.6679260731,
7015.335,0.1220740378,-0.0610370189,0.9155552983,0.0625019073,0.0039063692,-1.0110172033,-0.1540574431,-0.0432142094,-0.4268929064,-0.0008278713,0.0077914163,-0.0130316615,0.0313735567,0.0899629593,-0.9955614805,0.0047862255,15.8696250916,20.7525863647,5.3712577820,-0.3823359013,-0.9072542787,-0.3526718915,-0.3910031319,0.1274452955,-0.4856105149,0.0942792892,-0.2043570280,0.1755355299,-0.1358186901,0.6734300852,0.5575292706,-0.4663149118,15.8696250916,20.7525863647,5.3712577820,-0.3823359013,-0.9072542787,-0.3526718915,-0.3910031319,0.1274452955,-0.4856105149,0.0942792892,-0.2043570280,0.1755355299,-0.1358186901,0.6734300852,0.5575292706,-0.4663149118,0.0000000000,0.0000000000,0.0000000000,0.0000000000,0.0000000000,0.0000000000,-0.8113040328,0.3291116059,-0.3730582595,0.9852429628,-0.1664188057,-0.0459288955,0.2768857479,0.6733501554,0.1545254737,-0.6680559516,
7015.348,0.1220740378,-0.0610370189,0.9155552983,0.0643330216,0.0019531846,-1.0112613440,-0.1563768387,-0.0429700613,-0.4311655164,0.0010137036,0.0058405660,-0.0132750869,0.0313681215,0.0899873748,-0.9955594540,0.0047876853,11.5359964371,16.6631069183,5.0050354004,-0.3971068561,-0.9009063840,-0.3670766354,-0.3896603286,0.1273232251,-0.4835352600,0.0781712830,-0.1964740157,0.1602902412,-0.1370812804,0.6733179092,0.5572879314,-0.4663960636,11.5359964371,16.6631069183,5.0050354004,-0.3971068561,-0.9009063840,-0.3670766354,-0.3896603286,0.1273232251,-0.4835352600,0.0781712830,-0.1964740157,0.1602902412,-0.1370812804,0.6733179092,0.5572879314,-0.4663960636,0.0000000000,0.0000000000,0.0000000000,0.0000000000,0.0000000000,0.0000000000,-0.8122806549,0.3256935477,-0.3711050749,0.9852430820,-0.1664190441,-0.0459293723,0.2765654624,0.6734241843,0.1542024612,-0.6681887507,
7015.361,0.1220740378,-0.0610370189,0.9765923023,0.0657979101,-0.0001220740,-1.0107730627,-0.1555223316,-0.0433362834,-0.4271370471,0.0024816841,0.0037785484,-0.0127866268,0.0313658528,0.0900143906,-0.9955570102,0.0047949934,8.2399978638,15.0761432648,5.1271095276,-0.4152958691,-0.8919950128,-0.3656117320,-0.3906369209,0.1291543394,-0.4886623621,0.0588980019,-0.1863974929,0.1611733437,-0.1380281150,0.6732034087,0.5571650863,-0.4664286673,8.2399978638,15.0761432648,5.1271095276,-0.4152958691,-0.8919950128,-0.3656117320,-0.3906369209,0.1291543394,-0.4886623621,0.0588980019,-0.1863974929,0.1611733437,-0.1380281150,0.6732034087,0.5571650863,-0.4664286673,0.0000000000,0.0000000000,0.0000000000,0.0000000000,0.0000000000,0.0000000000,-0.8093508482,0.3266701400,-0.3535264134,0.9852428436,-0.1664192230,-0.0459293723,0.2762793601,0.6734900475,0.1539139450,-0.6683071256,
7015.374,0.1220740378,0.0000000000,1.0376293659,0.0666524246,0.0014648885,-1.0110172033,-0.1547898799,-0.0443128757,-0.4334849119,0.0033245534,0.0053715236,-0.0130316019,0.0313712209,0.0900493413,-0.9955536723,0.0047996161,5.5543684959,17.3955497742,6.2868127823,-0.4317758679,-0.8751487732,-0.3270363510,-0.3873409331,0.1280556619,-0.4865871072,0.0414002538,-0.1687172055,0.1995460093,-0.1388599724,0.6732587218,0.5570071936,-0.4662903845,5.5543684959,17.3955497742,6.2868127823,-0.4317758679,-0.8751487732,-0.3270363510,-0.3873409331,0.1280556619,-0.4865871072,0.0414002538,-0.1687172055,0.1995460093,-0.1388599724,0.6732587218,0.5570071936,-0.4662903845,0.0000000000,0.0000000000,0.0000000000,0.0000000000,0.0000000000,0.0000000000,-0.8115482330,0.3252052367,-0.3554795980,0.9852430820,-0.1664194763,-0.0459298491,0.2759851813,0.6735577583,0.1536172777,-0.6684288383,
7015.387,0.1831110567,0.0000000000,1.0376293659,0.0664082766,0.0024414808,-1.0105289221,-0.1539353579,-0.0440687276,-0.4345835745,0.0030698553,0.0063599073,-0.0125439763,0.0313757844,0.0900834650,-0.9955503941,0.0048070420,5.6764426231,19.7149562836,6.8971829414,-0.4178594351,-0.8707541227,-0.3073824346,-0.3856318891,0.1270790696,-0.4837794006,0.0541422069,-0.1634704471,0.2191102803,-0.1398135424,0.6734126806,0.5567808151,-0.4660534561,5.6764426231,19.7149562836,6.8971829414,-0.4178594351,-0.8707541227,-0.3073824346,-0.3856318891,0.1270790696,-0.4837794006,0.0541422069,-0.1634704471,0.2191102803,-0.1398135424,0.6734126806,0.5567808151,-0.4660534561,0.0000000000,0.0000000000,0.0000000000,0.0000000000,0.0000000000,0.0000000000,-0.8088625669,0.3227637708,-0.3750114441,0.9852428436,-0.1664196551,-0.0459299088,0.2756558359,0.6736332774,0.1532852501,-0.6685647368,
7015.400,0.1220740378,0.0610370189,0.9765923023,0.0650654659,0.0030518509,-1.0108951330,-0.1577196568,-0.0415051728,-0.4305551350,0.0017126054,0.0069676903,-0.0129111409,0.0313831232,0.0900792405,-0.9955505729,0.0048062727,5.8595538139,21.0577716827,7.2023682594,-0.4007690549,-0.8694112897,-0.2910245061,-0.3862422705,0.1267128587,-0.4874416292,0.0699322224,-0.1612204313,0.2354128957,-0.1408686787,0.6736136675,0.5565128326,-0.4657652974,5.8595538139,21.0577716827,7.2023682594,-0.4007690549,-0.8694112897,-0.2910245061,-0.3862422705,0.1267128587,-0.4874416292,0.0699322224,-0.1612204313,0.2354128957,-0.1408686787,0.6736136675,0.5565128326,-0.4657652974,0.0000000000,0.0000000000,0.0000000000,0.0000000000,0.0000000000,0.0000000000,-0.8093508482,0.3276467323,-0.3554795980,0.9852428436,-0.1664198935,-0.0459302068,0.2753741443,0.6736977696,0.1530012339,-0.6686809063,
7015.413,0.1220740378,0.0000000000,0.9765923023,0.0636005774,0.0025635548,-1.0106509924,-0.1575975865,-0.0456556901,-0.4343394339,0.0002511069,0.0064792307,-0.0126668215,0.0313812047,0.0901276842,-0.9955462217,0.0048075654,5.6764426231,19.7759933472,6.3478498459,-0.3693960309,-0.8681905866,-0.2702719271,-0.3838007748,0.1247596666,-0.4842677116,0.0999229550,-0.1589347720,0.2559659183,-0.1419489980,0.6736860871,0.5563355088,-0.4655443430,5.6764426231,19.7759933472,6.3478498459,-0.3693960309,-0.8681905866,-0.2702719271,-0.3838007748,0.1247596666,-0.4842677116,0.0999229550,-0.1589347720,0.2559659183,-0.1419489980,0.6736860871,0.5563355088,-0.4655443430,0.0000000000,0.0000000000,0.0000000000,0.0000000000,0.0000000000,0.0000000000,-0.8113040328,0.3252052367,-0.3750114441,0.9852426648,-0.1664201021,-0.0459301472,0.2750540972,0.6737708449,0.1526786089,-0.6688126326,
7015.426,0.1220740378,-0.0610370189,1.0376293659,0.0627460554,0.0040284432,-1.0108951330,-0.1573534310,-0.0423596911,-0.4336069822,-0.0005850866,0.0079373969,-0.0129097104,0.0313723609,0.0901294053,-0.9955463409,0.0048034419,5.2491836548,17.4565868378,5.4322948456,-0.3563341200,-0.8723410964,-0.2691732645,-0.3884395957,0.1236610040,-0.4831690490,0.1116516590,-0.1619531512,0.2567251921,-0.1429434121,0.6736031771,0.5562836528,-0.4654223323,5.2491836548,17.4565868378,5.4322948456,-0.3563341200,-0.8723410964,-0.2691732645,-0.3884395957,0.1236610040,-0.4831690490,0.1116516590,-0.1619531512,0.2567251921,-0.1429434121,0.6736031771,0.5562836528,-0.4654223323,0.0000000000,0.0000000000,0.0000000000,0.0000000000,0.0000000000,0.0000000000,-0.8091067076,0.3286233246,-0.3554795980,0.9852427244,-0.1664203554,-0.0459305048,0.2747787237,0.6738336682,0.1524009854,-0.6689259410,
7015.439,0.1220740378,0.0000000000,0.9765923023,0.0626239851,0.0045167394,-1.0112613440,-0.1597949117,-0.0474868007,-0.4332407713,-0.0006989017,0.0084159244,-0.0132753849,0.0313683674,0.0901945531,-0.9955406785,0.0048002545,4.4557023048,13.9774770737,4.3946652412,-0.3556016684,-0.8752708435,-0.2734458447,-0.3841669858,0.1218298897,-0.4860988259,0.1112369895,-0.1637487411,0.2519386411,-0.1437710673,0.6733520031,0.5563564897,-0.4654434919,4.4557023048,13.9774770737,4.3946652412,-0.3556016684,-0.8752708435,-0.2734458447,-0.3841669858,0.1218298897,-0.4860988259,0.1112369895,-0.1637487411,0.2519386411,-0.1437710673,0.6733520031,0.5563564897,-0.4654434919,0.0000000000,0.0000000000,0.0000000000,0.0000000000,0.0000000000,0.0000000000,-0.8108157516,0.3217871785,-0.3574327826,0.9852425456,-0.1664205492,-0.0459305644,0.2744774520,0.6739021540,0.1520973444,-0.6690496206,
7015.452,0.1831110567,-0.0610370189,0.9765923023,0.0631122813,0.0037842952,-1.0113834143,-0.1562547684,-0.0441908017,-0.4292123318,-0.0001940951,0.0076880115,-0.0133964419,0.0313597657,0.0902293250,-0.9955376983,0.0048028603,2.8687398434,6.8971829414,2.8687398434,-0.3714712858,-0.8740501404,-0.2845545709,-0.3818475902,0.1264687032,-0.4836573303,0.0947406888,-0.1614804268,0.2399663031,-0.1441823244,0.6727786660,0.5566620827,-0.4657799900,2.8687398434,6.8971829414,2.8687398434,-0.3714712858,-0.8740501404,-0.2845545709,-0.3818475902,0.1264687032,-0.4836573303,0.0947406888,-0.1614804268,0.2399663031,-0.1441823244,0.6727786660,0.5566620827,-0.4657799900,0.0000000000,0.0000000000,0.0000000000,0.0000000000,0.0000000000,0.0000000000,-0.8120365143,0.3247169554,-0.3711050749,0.9852426648,-0.1664208025,-0.0459308624,0.2741654813,0.6739730239,0.1517829150,-0.6691776514,
7015.465,0.1220740378,-0.0610370189,0.9765923023,0.0649433881,0.0030518509,-1.0105289221,-0.1575975865,-0.0424817652,-0.4305551350,0.0016441569,0.0069530425,-0.0125414729,0.0313562788,0.0902374610,-0.9955371022,0.0048015355,2.3804438114,4.5167393684,2.3804438114,-0.3819696605,-0.8753929138,-0.2888271809,-0.3829462528,0.1239051521,-0.4846339226,0.0838122070,-0.1618157625,0.2347059846,-0.1444461495,0.6721015573,0.5570363998,-0.4662281871,2.3804438114,4.5167393684,2.3804438114,-0.3819696605,-0.8753929138,-0.2888271809,-0.3829462528,0.1239051521,-0.4846339226,0.0838122070,-0.1618157625,0.2347059846,-0.1444461495,0.6721015573,0.5570363998,-0.4662281871,0.0000000000,0.0000000000,0.0000000000,0.0000000000,0.0000000000,0.0000000000,-0.8103274703,0.3247169554,-0.3535264134,0.9852426648,-0.1664210409,-0.0459311604,0.2738836110,0.6740368605,0.1514988393,-0.6692931652,
7015.478,0.1220740378,-0.0610370189,0.9765923023,0.0656758323,0.0040284432,-1.0112613440,-0.1563768387,-0.0443128757,-0.4297006130,0.0023803413,0.0079223122,-0.0132736564,0.0313545726,0.0902729779,-0.9955339432,0.0047988375,2.0142216682,2.9908139706,1.9531846046,-0.3888058066,-0.8785668612,-0.2938322127,-0.3834345639,0.1234168559,-0.4839015007,0.0766514838,-0.1640073061,0.2286488116,-0.1446158290,0.6713532805,0.5574661493,-0.4667394757,2.0142216682,2.9908139706,1.9531846046,-0.3888058066,-0.8785668612,-0.2938322127,-0.3834345639,0.1234168559,-0.4839015007,0.0766514838,-0.1640073061,0.2286488116,-0.1446158290,0.6713532805,0.5574661493,-0.4667394757,0.0000000000,0.0000000000,0.0000000000,0.0000000000,0.0000000000,0.0000000000,-0.8117923737,0.3271584213,-0.3711050749,0.9852426052,-0.1664212644,-0.0459313393,0.2735825479,0.6741049290,0.1511954516,-0.6694163680,
7015.491,0.1220740378,-0.0610370189,0.9765923023,0.0642109439,0.0036622211,-1.0108951330,-0.1571092904,-0.0429700613,-0.4293344021,0.0009262562,0.0075506051,-0.0129067302,0.0313493535,0.0902889743,-0.9955326915,0.0047961185,1.4038513899,1.8311105967,1.2207404375,-0.3930784166,-0.8773460984,-0.2970061302,-0.3838007748,0.1231727079,-0.4832911193,0.0720855892,-0.1618238091,0.2244180441,-0.1447093934,0.6705372334,0.5579742789,-0.4672762454,1.4038513899,1.8311105967,1.2207404375,-0.3930784166,-0.8773460984,-0.2970061302,-0.3838007748,0.1231727079,-0.4832911193,0.0720855892,-0.1618238091,0.2244180441,-0.1447093934,0.6705372334,0.5579742789,-0.4672762454,0.0000000000,0.0000000000,0.0000000000,0.0000000000,0.0000000000,0.0000000000,-0.8120365143,0.3247169554,-0.3535264134,0.9852424860,-0.1664214879,-0.0459314585,0.2733023465,0.6741681099,0.1509131044,-0.6695308685,
7015.504,0.1220740378,-0.0610370189,0.9155552983,0.0644550920,0.0034180731,-1.0113834143,-0.1519821733,-0.0412610248,-0.4279915690,0.0011800677,0.0073015345,-0.0133943558,0.0313446894,0.0903031006,-0.9955315590,0.0047936738,1.0376293659,1.4648884535,0.7324442267,-0.3924680352,-0.8755149841,-0.2970061302,-0.3830683231,0.1261024773,-0.4834131896,0.0723760128,-0.1590318680,0.2233834267,-0.1447824687,0.6696922779,0.5585250258,-0.4678068757,1.0376293659,1.4648884535,0.7324442267,-0.3924680352,-0.8755149841,-0.2970061302,-0.3830683231,0.1261024773,-0.4834131896,0.0723760128,-0.1590318680,0.2233834267,-0.1447824687,0.6696922779,0.5585250258,-0.4678068757,0.0000000000,0.0000000000,0.0000000000,0.0000000000,0.0000000000,0.0000000000,-0.8098391891,0.3237403631,-0.3554795980,0.9852424264,-0.1664217114,-0.0459316373,0.2730184495,0.6742320061,0.1506270468,-0.6696467400,
7015.517,0.1220740378,-0.0610370189,0.9155552983,0.0643330216,0.0042725913,-1.0097965002,-0.1536912173,-0.0424817652,-0.4326303899,0.0010677129,0.0081469044,-0.0118067861,0.0313401408,0.0903272331,-0.9955295324,0.0047894358,0.6714072227,1.1597033739,0.3051851094,-0.3914914429,-0.8739280105,-0.2944425941,-0.3823359013,0.1252479702,-0.4802392721,0.0730091333,-0.1564840674,0.2249292731,-0.1448345035,0.6688168645,0.5591181517,-0.4683343172,0.6714072227,1.1597033739,0.3051851094,-0.3914914429,-0.8739280105,-0.2944425941,-0.3823359013,0.1252479702,-0.4802392721,0.0730091333,-0.1564840674,0.2249292731,-0.1448345035,0.6688168645,0.5591181517,-0.4683343172,0.0000000000,0.0000000000,0.0000000000,0.0000000000,0.0000000000,0.0000000000,-0.8113040328,0.3247169554,-0.3535264134,0.9852423668,-0.1664219648,-0.0459318161,0.2727414072,0.6742942333,0.1503479183,-0.6697596908,
7015.530,0.1220740378,-0.0610370189,0.9155552983,0.0637226477,0.0034180731,-1.0101627111,-0.1551561058,-0.0421155430,-0.4294564724,0.0004701316,0.0072875125,-0.0121721625,0.0313339084,0.0903429240,-0.9955283403,0.0047869221,0.1220740378,0.3662221134,-0.3662221134,-0.3994262516,-0.8650166392,-0.2929776907,-0.3802606165,0.1286660433,-0.4851222336,0.0647662580,-0.1466408372,0.2253811359,-0.1448291689,0.6679052711,0.5597546101,-0.4688764215,0.1220740378,0.3662221134,-0.3662221134,-0.3994262516,-0.8650166392,-0.2929776907,-0.3802606165,0.1286660433,-0.4851222336,0.0647662580,-0.1466408372,0.2253811359,-0.1448291689,0.6679052711,0.5597546101,-0.4688764215,0.0000000000,0.0000000000,0.0000000000,0.0000000000,0.0000000000,0.0000000000,-0.8091067076,0.3252052367,-0.3554795980,0.9852423072,-0.1664221585,-0.0459320545,0.2724655569,0.6743560433,0.1500700265,-0.6698720455,
7015.543,0.1220740378,0.0000000000,0.9765923023,0.0634784997,0.0026856288,-1.0106509924,-0.1558885425,-0.0422376171,-0.4281136394,0.0002294779,0.0065545160,-0.0126602054,0.0313321427,0.0903529748,-0.9955274463,0.0047868052,0.0000000000,0.3051851094,-0.4882961512,-0.4063844681,-0.8623310328,-0.2911465764,-0.3753776550,0.1246375963,-0.4854884446,0.0575248599,-0.1430451274,0.2262032628,-0.1448127627,0.6670042276,0.5603780746,-0.4694191813,0.0000000000,0.3051851094,-0.4882961512,-0.4063844681,-0.8623310328,-0.2911465764,-0.3753776550,0.1246375963,-0.4854884446,0.0575248599,-0.1430451274,0.2262032628,-0.1448127627,0.6670042276,0.5603780746,-0.4694191813,0.0000000000,0.0000000000,0.0000000000,0.0000000000,0.0000000000,0.0000000000,-0.8095950484,0.3237403631,-0.3554795980,0.9852423072,-0.1664224118,-0.0459322333,0.2721858025,0.6744186282,0.1497882009,-0.6699858308,
7015.556,0.1220740378,0.0000000000,0.9765923023,0.0644550920,0.0018311106,-1.0105289221,-0.1563768387,-0.0423596911,-0.4309213459,0.0012046769,0.0057036700,-0.0125383139,0.0313326232,0.0903624594,-0.9955266714,0.0047889953,0.0610370189,0.6714072227,-0.5493331552,-0.4107791483,-0.8598895073,-0.2884609401,-0.3800164759,0.1235389262,-0.4909817874,0.0528312624,-0.1396962404,0.2278939784,-0.1448108107,0.6661189795,0.5609868765,-0.4699493349,0.0610370189,0.6714072227,-0.5493331552,-0.4107791483,-0.8598895073,-0.2884609401,-0.3800164759,0.1235389262,-0.4909817874,0.0528312624,-0.1396962404,0.2278939784,-0.1448108107,0.6661189795,0.5609868765,-0.4699493349,0.0000000000,0.0000000000,0.0000000000,0.0000000000,0.0000000000,0.0000000000,-0.8115482330,0.3281350136,-0.3535264134,0.9852422476,-0.1664226353,-0.0459324718,0.2719240785,0.6744770408,0.1495245546,-0.6700921655,
7015.569,0.1831110567,0.0610370189,0.9765923023,0.0623798333,0.0023194067,-1.0101627111,-0.1591845453,-0.0412610248,-0.4307992756,-0.0008724593,0.0062038321,-0.0121721625,0.0313330889,0.0903500840,-0.9955275655,0.0047946037,0.6103702188,1.8311105967,-0.1831110567,-0.4151737988,-0.8530533910,-0.2832117677,-0.3783074319,0.1263466328,-0.4846339226,0.0481141508,-0.1319479346,0.2321589589,-0.1448646933,0.6652906537,0.5615309477,-0.4704560041,0.6103702188,1.8311105967,-0.1831110567,-0.4151737988,-0.8530533910,-0.2832117677,-0.3783074319,0.1263466328,-0.4846339226,0.0481141508,-0.1319479346,0.2321589589,-0.1448646933,0.6652906537,0.5615309477,-0.4704560041,0.0000000000,0.0000000000,0.0000000000,0.0000000000,0.0000000000,0.0000000000,-0.8103274703,0.3252052367,-0.3535264134,0.9852423072,-0.1664229035,-0.0459327698,0.2716545761,0.6745371222,0.1492530704,-0.6702015996,
7015.582,0.1220740378,0.0610370189,0.9765923023,0.0620136112,0.0040284432,-1.0105289221,-0.1595507711,-0.0441908017,-0.4309213459,-0.0012386739,0.0079056062,-0.0125383735,0.0313332938,0.0903739780,-0.9955255389,0.0047917361,0.9155552983,2.5025177002,0.0610370189,-0.4138309956,-0.8550065756,-0.2838221490,-0.3789178133,0.1236610040,-0.4845118523,0.0490966737,-0.1329824328,0.2305854857,-0.1449613571,0.6644992232,0.5620389581,-0.4709377587,0.9155552983,2.5025177002,0.0610370189,-0.4138309956,-0.8550065756,-0.2838221490,-0.3789178133,0.1236610040,-0.4845118523,0.0490966737,-0.1329824328,0.2305854857,-0.1449613571,0.6644992232,0.5620389581,-0.4709377587,0.0000000000,0.0000000000,0.0000000000,0.0000000000,0.0000000000,0.0000000000,-0.8110598922,0.3291116059,-0.3535264134,0.9852421284,-0.1664231271,-0.0459329486,0.2713989913,0.6745939255,0.1489956379,-0.6703051925,
7015.595,0.1220740378,0.0610370189,0.9765923023,0.0618915372,0.0039063692,-1.0107730627,-0.1554002464,-0.0419934690,-0.4318979383,-0.0013600551,0.0077769095,-0.0127824545,0.0313332118,0.0903812647,-0.9955248833,0.0047886353,1.0986663103,2.8687398434,0.3051851094,-0.4130985439,-0.8518326283,-0.2829676270,-0.3778191507,0.1261024773,-0.4847559929,0.0494712889,-0.1289007068,0.2304868102,-0.1450756788,0.6637387276,0.5625136495,-0.4714083374,1.0986663103,2.8687398434,0.3051851094,-0.4130985439,-0.8518326283,-0.2829676270,-0.3778191507,0.1261024773,-0.4847559929,0.0494712889,-0.1289007068,0.2304868102,-0.1450756788,0.6637387276,0.5625136495,-0.4714083374,0.0000000000,0.0000000000,0.0000000000,0.0000000000,0.0000000000,0.0000000000,-0.8100833297,0.3261818290,-0.3554795980,0.9852422476,-0.1664233655,-0.0459331870,0.2711322308,0.6746531725,0.1487269700,-0.6704132557,
7015.608,0.1220740378,0.0610370189,0.9765923023,0.0623798333,0.0036622211,-1.0110172033,-0.1585741788,-0.0433362834,-0.4239631295,-0.0008733906,0.0075273844,-0.0130267143,0.0313341878,0.0903985798,-0.9955232739,0.0047865761,1.3428144455,3.5401470661,0.6103702188,-0.4065065384,-0.8563493490,-0.2867519259,-0.3823359013,0.1242713705,-0.4812158644,0.0556470752,-0.1325055361,0.2257920504,-0.1452256739,0.6630044580,0.5629746318,-0.4718447924,1.3428144455,3.5401470661,0.6103702188,-0.4065065384,-0.8563493490,-0.2867519259,-0.3823359013,0.1242713705,-0.4812158644,0.0556470752,-0.1325055361,0.2257920504,-0.1452256739,0.6630044580,0.5629746318,-0.4718447924,0.0000000000,0.0000000000,0.0000000000,0.0000000000,0.0000000000,0.0000000000,-0.8098391891,0.3242286444,-0.3535264134,0.9852420092,-0.1664235741,-0.0459332466,0.2708634436,0.6747126579,0.1484563053,-0.6705219150,
7015.621,0.1220740378,0.0610370189,0.9765923023,0.0637226477,0.0030518509,-1.0117496252,-0.1547898799,-0.0422376171,-0.4277474284,0.0004614145,0.0069146915,-0.0137596130,0.0313382223,0.0904116556,-0.9955219626,0.0047861934,1.4038513899,3.5401470661,0.7934812307,-0.4055299461,-0.8594012260,-0.2898037732,-0.3807489276,0.1250038147,-0.4835352600,0.0562204421,-0.1346601248,0.2218352258,-0.1453785300,0.6622884870,0.5634151697,-0.4722770452,1.4038513899,3.5401470661,0.7934812307,-0.4055299461,-0.8594012260,-0.2898037732,-0.3807489276,0.1250038147,-0.4835352600,0.0562204421,-0.1346601248,0.2218352258,-0.1453785300,0.6622884870,0.5634151697,-0.4722770452,0.0000000000,0.0000000000,0.0000000000,0.0000000000,0.0000000000,0.0000000000,-0.8095950484,0.3256935477,-0.3730582595,0.9852420092,-0.1664237827,-0.0459335446,0.2705703080,0.6747774482,0.1481611729,-0.6706403494,
7015.634,0.1220740378,0.0000000000,0.9765923023,0.0639667958,0.0035401471,-1.0094301701,-0.1554002464,-0.0418713950,-0.4283578098,0.0007063150,0.0073982282,-0.0114400983,0.0313380323,0.0904180333,-0.9955213666,0.0047839894,1.4038513899,3.5401470661,0.9155552983,-0.4071169198,-0.8647724986,-0.2907803655,-0.3786736727,0.1203650013,-0.4879299402,0.0542447269,-0.1391457319,0.2199538350,-0.1455366164,0.6615916491,0.5638324022,-0.4727070928,1.4038513899,3.5401470661,0.9155552983,-0.4071169198,-0.8647724986,-0.2907803655,-0.3786736727,0.1203650013,-0.4879299402,0.0542447269,-0.1391457319,0.2199538350,-0.1455366164,0.6615916491,0.5638324022,-0.4727070928,0.0000000000,0.0000000000,0.0000000000,0.0000000000,0.0000000000,0.0000000000,-0.8122806549,0.3193456829,-0.3535264134,0.9852419496,-0.1664239913,-0.0459337234,0.2702860534,0.6748401523,0.1478749812,-0.6707550287,
7015.647,0.1220740378,0.0000000000,0.9765923023,0.0651875362,0.0023194067,-1.0121158361,-0.1566209942,-0.0440687276,-0.4279915690,0.0019226298,0.0061788205,-0.0141260624,0.0313400291,0.0904493034,-0.9955184460,0.0047858385,1.4038513899,3.3570361137,1.0376293659,-0.4057741165,-0.8663594723,-0.2902920544,-0.3797723353,0.1217078194,-0.4837794006,0.0552248955,-0.1398565173,0.2195234001,-0.1456763297,0.6608854532,0.5642528534,-0.4731497765,1.4038513899,3.3570361137,1.0376293659,-0.4057741165,-0.8663594723,-0.2902920544,-0.3797723353,0.1217078194,-0.4837794006,0.0552248955,-0.1398565173,0.2195234001,-0.1456763297,0.6608854532,0.5642528534,-0.4731497765,0.0000000000,0.0000000000,0.0000000000,0.0000000000,0.0000000000,0.0000000000,-0.8120365143,0.3208105862,-0.3574327826,0.9852421284,-0.1664242595,-0.0459340811,0.2700020969,0.6749027371,0.1475890875,-0.6708695292,
7015.660,0.1220740378,0.0000000000,0.9765923023,0.0671407208,0.0025635548,-1.0119937658,-0.1589404047,-0.0461439863,-0.4304330647,0.0038617775,0.0064230911,-0.0140048265,0.0313467830,0.0904993862,-0.9955136776,0.0047881138,1.3428144455,3.1128878593,1.0376293659,-0.4021118879,-0.8677022457,-0.2898037732,-0.3779412210,0.1191442609,-0.4832911193,0.0585319400,-0.1403232813,0.2190833986,-0.1458099037,0.6601730585,0.5646755695,-0.4735988677,1.3428144455,3.1128878593,1.0376293659,-0.4021118879,-0.8677022457,-0.2898037732,-0.3779412210,0.1191442609,-0.4832911193,0.0585319400,-0.1403232813,0.2190833986,-0.1458099037,0.6601730585,0.5646755695,-0.4735988677,0.0000000000,0.0000000000,0.0000000000,0.0000000000,0.0000000000,0.0000000000,-0.8095950484,0.3261818290,-0.3574327826,0.9852418900,-0.1664244384,-0.0459341407,0.2697390914,0.6749604344,0.1473243237,-0.6709753275,
7015.673,0.1220740378,-0.0610370189,0.9765923023,0.0665303543,0.0030518509,-1.0112613440,-0.1588183194,-0.0426038392,-0.4332407713,0.0032508448,0.0069090910,-0.0132724643,0.0313471481,0.0905039385,-0.9955132604,0.0047871391,1.2207404375,2.7466659546,0.9765923023,-0.3967406154,-0.8648945689,-0.2905362248,-0.3803827167,0.1210974455,-0.4851222336,0.0635558367,-0.1366466880,0.2174220085,-0.1459238380,0.6594441533,0.5651156902,-0.4740539193,1.2207404375,2.7466659546,0.9765923023,-0.3967406154,-0.8648945689,-0.2905362248,-0.3803827167,0.1210974455,-0.4851222336,0.0635558367,-0.1366466880,0.2174220085,-0.1459238380,0.6594441533,0.5651156902,-0.4740539193,0.0000000000,0.0000000000,0.0000000000,0.0000000000,0.0000000000,0.0000000000,-0.8098391891,0.3247169554,-0.3535264134,0.9852418303,-0.1664246917,-0.0459343791,0.2694786489,0.6750175357,0.1470621377,-0.6710800529,
7015.686,0.1220740378,0.0000000000,0.9765923023,0.0661641285,0.0023194067,-1.0110172033,-0.1596728414,-0.0424817652,-0.4348277152,0.0028751269,0.0061779763,-0.0130289197,0.0313518159,0.0905041099,-0.9955132008,0.0047882367,1.0376293659,2.2583696842,0.7934812307,-0.3929563165,-0.8602557182,-0.2910245061,-0.3809930682,0.1176793724,-0.4863429666,0.0670052171,-0.1311469078,0.2160015702,-0.1460120231,0.6586935520,0.5655784607,-0.4745181203,1.0376293659,2.2583696842,0.7934812307,-0.3929563165,-0.8602557182,-0.2910245061,-0.3809930682,0.1176793724,-0.4863429666,0.0670052171,-0.1311469078,0.2160015702,-0.1460120231,0.6586935520,0.5655784607,-0.4745181203,0.0000000000,0.0000000000,0.0000000000,0.0000000000,0.0000000000,0.0000000000,-0.8122806549,0.3291116059,-0.3535264134,0.9852417707,-0.1664249599,-0.0459344983,0.2692327201,0.6750713587,0.1468145549,-0.6711788177,
7015.699,0.1220740378,-0.0610370189,0.9765923023,0.0650654659,0.0029297769,-1.0108951330,-0.1586962491,-0.0411389507,-0.4338511229,0.0017830580,0.0067866505,-0.0129064322,0.0313486792,0.0904900655,-0.9955143929,0.0047866520,0.6714072227,1.5259255171,0.2441480756,-0.3957640231,-0.8581804633,-0.2911465764,-0.3829462528,0.1257362664,-0.4885402918,0.0638732612,-0.1282138228,0.2149388790,-0.1460562497,0.6578948498,0.5660921335,-0.4749998152,0.6714072227,1.5259255171,0.2441480756,-0.3957640231,-0.8581804633,-0.2911465764,-0.3829462528,0.1257362664,-0.4885402918,0.0638732612,-0.1282138228,0.2149388790,-0.1460562497,0.6578948498,0.5660921335,-0.4749998152,0.0000000000,0.0000000000,0.0000000000,0.0000000000,0.0000000000,0.0000000000,-0.8088625669,0.3252052367,-0.3554795980,0.9852417707,-0.1664252132,-0.0459347367,0.2689737976,0.6751279235,0.1465539187,-0.6712827086,
7015.712,0.1220740378,-0.0610370189,0.9765923023,0.0661641285,0.0023194067,-1.0107730627,-0.1558885425,-0.0416272469,-0.4351939559,0.0028827935,0.0061776098,-0.0127843022,0.0313480794,0.0904898569,-0.9955145717,0.0047872579,0.6103702188,1.5259255171,0.0000000000,-0.3975951374,-0.8575701118,-0.2906582952,-0.3822138011,0.1253700405,-0.4870754182,0.0616967976,-0.1267406344,0.2144950032,-0.1461019516,0.6570883393,0.5666170120,-0.4754761159,0.6103702188,1.5259255171,0.0000000000,-0.3975951374,-0.8575701118,-0.2906582952,-0.3822138011,0.1253700405,-0.4870754182,0.0616967976,-0.1267406344,0.2144950032,-0.1461019516,0.6570883393,0.5666170120,-0.4754761159,0.0000000000,0.0000000000,0.0000000000,0.0000000000,0.0000000000,0.0000000000,-0.8098391891,0.3261818290,-0.3750114441,0.9852416515,-0.1664254367,-0.0459349155,0.2686881423,0.6751902103,0.1462664604,-0.6713971496,
7015.725,0.1220740378,-0.1220740378,0.9765923023,0.0643330216,0.0030518509,-1.0108951330,-0.1568651348,-0.0411389507,-0.4301889241,0.0010724589,0.0069077574,-0.0129050612,0.0313378647,0.0904817879,-0.9955155849,0.0047849170,0.6103702188,1.4648884535,-0.0610370189,-0.4006469846,-0.8612323403,-0.2905362248,-0.3798944056,0.1240272224,-0.4864650369,0.0583052933,-0.1295404434,0.2136771083,-0.1461478174,0.6562828422,0.5671356320,-0.4759560525,0.6103702188,1.4648884535,-0.0610370189,-0.4006469846,-0.8612323403,-0.2905362248,-0.3798944056,0.1240272224,-0.4864650369,0.0583052933,-0.1295404434,0.2136771083,-0.1461478174,0.6562828422,0.5671356320,-0.4759560525,0.0000000000,0.0000000000,0.0000000000,0.0000000000,0.0000000000,0.0000000000,-0.8103274703,0.3227637708,-0.3535264134,0.9852415919,-0.1664256454,-0.0459350944,0.2684257627,0.6752472520,0.1460024118,-0.6715021729,
7015.738,0.1220740378,-0.1831110567,0.9765923023,0.0638447255,0.0035401471,-1.0099185705,-0.1568651348,-0.0396740623,-0.4306772053,0.0006175563,0.0073913340,-0.0119263530,0.0313215591,0.0904547572,-0.9955185652,0.0047801998,0.6103702188,1.3428144455,-0.0610370189,-0.4066286087,-0.8653828502,-0.2879726589,-0.3834345639,0.1232947782,-0.4928129017,0.0520165563,-0.1328341365,0.2152753770,-0.1461848021,0.6554773450,0.5676413178,-0.4764514565,0.6103702188,1.3428144455,-0.0610370189,-0.4066286087,-0.8653828502,-0.2879726589,-0.3834345639,0.1232947782,-0.4928129017,0.0520165563,-0.1328341365,0.2152753770,-0.1461848021,0.6554773450,0.5676413178,-0.4764514565,0.0000000000,0.0000000000,0.0000000000,0.0000000000,0.0000000000,0.0000000000,-0.8100833297,0.3242286444,-0.3730582595,0.9852417111,-0.1664259136,-0.0459354520,0.2681391537,0.6753095388,0.1457139999,-0.6716167927,
7015.751,0.1220740378,-0.1220740378,0.9765923023,0.0645771697,0.0023194067,-1.0116275549,-0.1583300233,-0.0449232459,-0.4276253581,0.0013695136,0.0061719515,-0.0136340857,0.0313115865,0.0904919282,-0.9955155253,0.0047811591,0.6714072227,1.4038513899,0.0000000000,-0.4055299461,-0.8669698238,-0.2863856852,-0.3787957430,0.1209753752,-0.4847559929,0.0528065264,-0.1335610747,0.2158906162,-0.1462268680,0.6546740532,0.5681402087,-0.4769481719,0.6714072227,1.4038513899,0.0000000000,-0.4055299461,-0.8669698238,-0.2863856852,-0.3787957430,0.1209753752,-0.4847559929,0.0528065264,-0.1335610747,0.2158906162,-0.1462268680,0.6546740532,0.5681402087,-0.4769481719,0.0000000000,0.0000000000,0.0000000000,0.0000000000,0.0000000000,0.0000000000,-0.8098391891,0.3252052367,-0.3730582595,0.9852414727,-0.1664261222,-0.0459353924,0.2678571939,0.6753705740,0.1454303265,-0.6717292666,
7015.764,0.1220740378,-0.1220740378,0.9765923023,0.0627460554,0.0031739250,-1.0106509924,-0.1571092904,-0.0422376171,-0.4267708361,-0.0004334599,0.0070235813,-0.0126557350,0.0312976576,0.0904982835,-0.9955153465,0.0047786431,0.7324442267,1.4648884535,0.0000000000,-0.4016235769,-0.8659932017,-0.2867519259,-0.3767204881,0.1225623339,-0.4874416292,0.0563850105,-0.1317191124,0.2145587802,-0.1462867409,0.6538824439,0.5686267018,-0.4774357080,0.7324442267,1.4648884535,0.0000000000,-0.4016235769,-0.8659932017,-0.2867519259,-0.3767204881,0.1225623339,-0.4874416292,0.0563850105,-0.1317191124,0.2145587802,-0.1462867409,0.6538824439,0.5686267018,-0.4774357080,0.0000000000,0.0000000000,0.0000000000,0.0000000000,0.0000000000,0.0000000000,-0.8117923737,0.3242286444,-0.3535264134,0.9852415919,-0.1664263904,-0.0459357500,0.2676028609,0.6754255891,0.1451743990,-0.6718307734,
7015.777,0.1220740378,-0.0610370189,0.9765923023,0.0620136112,0.0035401471,-1.0110172033,-0.1560106277,-0.0440687276,-0.4277474284,-0.0011448488,0.0073851235,-0.0130206347,0.0312872082,0.0905313194,-0.9955127835,0.0047763931,0.7324442267,1.0376293659,-0.1220740378,-0.3972289264,-0.8648945689,-0.2900479138,-0.3802606165,0.1169469282,-0.4819483161,0.0604547560,-0.1297507286,0.2102843225,-0.1463217586,0.6530569792,0.5691449642,-0.4779370725,0.7324442267,1.0376293659,-0.1220740378,-0.3972289264,-0.8648945689,-0.2900479138,-0.3802606165,0.1169469282,-0.4819483161,0.0604547560,-0.1297507286,0.2102843225,-0.1463217586,0.6530569792,0.5691449642,-0.4779370725,0.0000000000,0.0000000000,0.0000000000,0.0000000000,0.0000000000,0.0000000000,-0.8088625669,0.3271584213,-0.3750114441,0.9852413535,-0.1664265990,-0.0459357500,0.2673275173,0.6754849553,0.1448974013,-0.6719403863,
7015.790,0.1220740378,-0.0610370189,1.0376293659,0.0638447255,0.0037842952,-1.0105289221,-0.1541795135,-0.0430921353,-0.4293344021,0.0006981269,0.0076240702,-0.0125315785,0.0312814377,0.0905513391,-0.9955111146,0.0047738929,0.6103702188,0.6714072227,-0.1220740378,-0.3947874308,-0.8630634546,-0.2909024358,-0.3752555847,0.1184118167,-0.4842677116,0.0625961423,-0.1270660162,0.2084487379,-0.1463435292,0.6522347331,0.5696566105,-0.4784432948,0.6103702188,0.6714072227,-0.1220740378,-0.3947874308,-0.8630634546,-0.2909024358,-0.3752555847,0.1184118167,-0.4842677116,0.0625961423,-0.1270660162,0.2084487379,-0.1463435292,0.6522347331,0.5696566105,-0.4784432948,0.0000000000,0.0000000000,0.0000000000,0.0000000000,0.0000000000,0.0000000000,-0.8103274703,0.3247169554,-0.3574327826,0.9852414131,-0.1664268672,-0.0459361672,0.2670719624,0.6755400300,0.1446402967,-0.6720421314,
7015.803,0.1220740378,-0.0610370189,0.9765923023,0.0633564293,0.0037842952,-1.0097965002,-0.1546678096,-0.0406506546,-0.4253059626,0.0002237558,0.0076182042,-0.0117982030,0.0312747955,0.0905441493,-0.9955119491,0.0047701127,0.4272591472,0.1220740378,-0.1220740378,-0.3977172077,-0.8623310328,-0.2926114798,-0.3779412210,0.1190221906,-0.4803613424,0.0594260395,-0.1255120635,0.2057475150,-0.1463101357,0.6513876319,0.5701900721,-0.4789716601,0.4272591472,0.1220740378,-0.1220740378,-0.3977172077,-0.8623310328,-0.2926114798,-0.3779412210,0.1190221906,-0.4803613424,0.0594260395,-0.1255120635,0.2057475150,-0.1463101357,0.6513876319,0.5701900721,-0.4789716601,0.0000000000,0.0000000000,0.0000000000,0.0000000000,0.0000000000,0.0000000000,-0.8088625669,0.3310647905,-0.3535264134,0.9852412939,-0.1664270908,-0.0459362268,0.2668463588,0.6755884886,0.1444133222,-0.6721317768,
7015.816,0.1220740378,0.0000000000,0.9155552983,0.0633564293,0.0026856288,-1.0100406408,-0.1555223316,-0.0428479873,-0.4237189889,0.0002270043,0.0065184631,-0.0120421648,0.0312731043,0.0905688703,-0.9955097437,0.0047702063,0.0610370189,-0.6714072227,-0.0610370189,-0.4043092132,-0.8626972437,-0.2911465764,-0.3790398836,0.1225623339,-0.4834131896,0.0526989698,-0.1251078844,0.2061964273,-0.1462049037,0.6505231857,0.5707314610,-0.4795337617,0.0610370189,-0.6714072227,-0.0610370189,-0.4043092132,-0.8626972437,-0.2911465764,-0.3790398836,0.1225623339,-0.4834131896,0.0526989698,-0.1251078844,0.2061964273,-0.1462049037,0.6505231857,0.5707314610,-0.4795337617,0.0000000000,0.0000000000,0.0000000000,0.0000000000,0.0000000000,0.0000000000,-0.8117923737,0.3203222752,-0.3554795980,0.9852412343,-0.1664273143,-0.0459364057,0.2665803730,0.6756455302,0.1441457719,-0.6722373962,
7015.829,0.1831110567,0.0000000000,0.9765923023,0.0632343516,0.0032959990,-1.0099185705,-0.1561326981,-0.0443128757,-0.4264046252,0.0001087636,0.0071360511,-0.0119198561,0.0312706903,0.0906049237,-0.9955065250,0.0047747600,0.0000000000,-0.7324442267,0.1220740378,-0.4094363153,-0.8622089028,-0.2889492512,-0.3792840242,0.1202429309,-0.4818262160,0.0474891961,-0.1238806844,0.2073727846,-0.1460749954,0.6496683359,0.5712575912,-0.4801052809,0.0000000000,-0.7324442267,0.1220740378,-0.4094363153,-0.8622089028,-0.2889492512,-0.3792840242,0.1202429309,-0.4818262160,0.0474891961,-0.1238806844,0.2073727846,-0.1460749954,0.6496683359,0.5712575912,-0.4801052809,0.0000000000,0.0000000000,0.0000000000,0.0000000000,0.0000000000,0.0000000000,-0.8115482330,0.3227637708,-0.3593859673,0.9852412343,-0.1664275527,-0.0459366441,0.2663178742,0.6757017374,0.1438817382,-0.6723415256,
7015.842,0.1831110567,0.0000000000,0.9765923023,0.0637226477,0.0032959990,-1.0104068518,-0.1595507711,-0.0437025055,-0.4267708361,0.0005986243,0.0071432400,-0.0124080777,0.0312694982,0.0906228125,-0.9955049157,0.0047788317,0.0000000000,-0.6103702188,0.3051851094,-0.4143192768,-0.8626972437,-0.2861415446,-0.3808709979,0.1256141812,-0.4821924567,0.0425582528,-0.1236526966,0.2091579437,-0.1459344774,0.6488283873,0.5717645288,-0.4806801379,0.0000000000,-0.6103702188,0.3051851094,-0.4143192768,-0.8626972437,-0.2861415446,-0.3808709979,0.1256141812,-0.4821924567,0.0425582528,-0.1236526966,0.2091579437,-0.1459344774,0.6488283873,0.5717645288,-0.4806801379,0.0000000000,0.0000000000,0.0000000000,0.0000000000,0.0000000000,0.0000000000,-0.8120365143,0.3227637708,-0.3750114441,0.9852410555,-0.1664277762,-0.0459367633,0.2660322785,0.6757627130,0.1435945481,-0.6724545956,
7015.855,0.1220740378,0.0000000000,0.9765923023,0.0636005774,0.0036622211,-1.0107730627,-0.1547898799,-0.0439466536,-0.4282357395,0.0004788116,0.0075041787,-0.0127741694,0.0312684439,0.0906572565,-0.9955019355,0.0047771782,0.3051851094,0.2441480756,0.7324442267,-0.4135868549,-0.8612323403,-0.2862636149,-0.3768425584,0.1232947782,-0.4882961512,0.0432227254,-0.1214849353,0.2080487311,-0.1458502859,0.6480635405,0.5722001791,-0.4812187850,0.3051851094,0.2441480756,0.7324442267,-0.4135868549,-0.8612323403,-0.2862636149,-0.3768425584,0.1232947782,-0.4882961512,0.0432227254,-0.1214849353,0.2080487311,-0.1458502859,0.6480635405,0.5722001791,-0.4812187850,0.0000000000,0.0000000000,0.0000000000,0.0000000000,0.0000000000,0.0000000000,-0.8095950484,0.3227637708,-0.3730582595,0.9852411747,-0.1664280295,-0.0459371209,0.2657525539,0.6758224368,0.1433132440,-0.6725653410,
7015.868,0.1831110567,0.0610370189,0.9765923023,0.0632343516,0.0039063692,-1.0102847815,-0.1552781761,-0.0416272469,-0.4281136394,0.0001058877,0.0077524842,-0.0122863054,0.0312715881,0.0906600729,-0.9955013990,0.0047796438,0.4272591472,0.6714072227,0.8545182943,-0.4098025560,-0.8597674370,-0.2851649523,-0.3798944056,0.1230506301,-0.4813379347,0.0469059944,-0.1193134189,0.2081823349,-0.1457807869,0.6473056674,0.5726361871,-0.4817409217,0.4272591472,0.6714072227,0.8545182943,-0.4098025560,-0.8597674370,-0.2851649523,-0.3798944056,0.1230506301,-0.4813379347,0.0469059944,-0.1193134189,0.2081823349,-0.1457807869,0.6473056674,0.5726361871,-0.4817409217,0.0000000000,0.0000000000,0.0000000000,0.0000000000,0.0000000000,0.0000000000,-0.8095950484,0.3208105862,-0.3554795980,0.9852409959,-0.1664282531,-0.0459370017,0.2654948533,0.6758772135,0.1430541277,-0.6726670861,
7015.881,0.1220740378,0.0610370189,0.9765923023,0.0653096139,0.0028077029,-1.0111392736,-0.1564989239,-0.0423596911,-0.4273812175,0.0021645054,0.0066527678,-0.0131418705,0.0312798880,0.0906688049,-0.9955004454,0.0047801509,0.6103702188,1.0376293659,0.9155552983,-0.4050416648,-0.8604999185,-0.2855311632,-0.3773308396,0.1217078194,-0.4841456413,0.0515215099,-0.1193229556,0.2068646848,-0.1457539499,0.6465740204,0.5730472803,-0.4822425246,0.6103702188,1.0376293659,0.9155552983,-0.4050416648,-0.8604999185,-0.2855311632,-0.3773308396,0.1217078194,-0.4841456413,0.0515215099,-0.1193229556,0.2068646848,-0.1457539499,0.6465740204,0.5730472803,-0.4822425246,0.0000000000,0.0000000000,0.0000000000,0.0000000000,0.0000000000,0.0000000000,-0.8105716109,0.3256935477,-0.3750114441,0.9852411151,-0.1664285064,-0.0459373593,0.2652237713,0.6759348512,0.1427815557,-0.6727741361,
7015.894,0.1220740378,0.0000000000,0.9765923023,0.0646992400,0.0024414808,-1.0117496252,-0.1566209942,-0.0427259132,-0.4318979383,0.0015514269,0.0062873168,-0.0137523413,0.0312811472,0.0906808004,-0.9954992533,0.0047810357,0.6103702188,1.1597033739,0.7934812307,-0.4005249143,-0.8628193140,-0.2898037732,-0.3786736727,0.1234168559,-0.4843897820,0.0558405221,-0.1209101677,0.2016726434,-0.1457433403,0.6458422542,0.5734714270,-0.4827221334,0.6103702188,1.1597033739,0.7934812307,-0.4005249143,-0.8628193140,-0.2898037732,-0.3786736727,0.1234168559,-0.4843897820,0.0558405221,-0.1209101677,0.2016726434,-0.1457433403,0.6458422542,0.5734714270,-0.4827221334,0.0000000000,0.0000000000,0.0000000000,0.0000000000,0.0000000000,0.0000000000,-0.8115482330,0.3256935477,-0.3535264134,0.9852409959,-0.1664287299,-0.0459375381,0.2649871707,0.6759849787,0.1425436586,-0.6728674173,
7015.907,0.1220740378,0.0000000000,0.9765923023,0.0649433881,0.0035401471,-1.0108951330,-0.1563768387,-0.0467543565,-0.4315317273,0.0017913952,0.0073813163,-0.0128981471,0.0312831327,0.0907454267,-0.9954932928,0.0047809319,0.4882961512,0.8545182943,0.7324442267,-0.3999145627,-0.8630634546,-0.2921231687,-0.3792840242,0.1182897463,-0.4819483161,0.0562663972,-0.1204359531,0.1984389722,-0.1457088143,0.6450966597,0.5739116669,-0.4832058251,0.4882961512,0.8545182943,0.7324442267,-0.3999145627,-0.8630634546,-0.2921231687,-0.3792840242,0.1182897463,-0.4819483161,0.0562663972,-0.1204359531,0.1984389722,-0.1457088143,0.6450966597,0.5739116669,-0.4832058251,0.0000000000,0.0000000000,0.0000000000,0.0000000000,0.0000000000,0.0000000000,-0.8091067076,0.3232520521,-0.3593859673,0.9852409363,-0.1664289683,-0.0459377170,0.2647355199,0.6760382056,0.1422906369,-0.6729665399,
7015.920,0.1220740378,0.0000000000,0.9765923023,0.0650654659,0.0030518509,-1.0116275549,-0.1566209942,-0.0426038392,-0.4322641790,0.0019089431,0.0068907989,-0.0136308074,0.0312854424,0.0907554403,-0.9954923391,0.0047803461,0.3051851094,0.6103702188,0.6103702188,-0.4005249143,-0.8645283580,-0.2928556204,-0.3813593090,0.1241493002,-0.4804834127,0.0554767251,-0.1211932302,0.1968010664,-0.1456503868,0.6443333626,0.5743744969,-0.4836916625,0.3051851094,0.6103702188,0.6103702188,-0.4005249143,-0.8645283580,-0.2928556204,-0.3813593090,0.1241493002,-0.4804834127,0.0554767251,-0.1211932302,0.1968010664,-0.1456503868,0.6443333626,0.5743744969,-0.4836916625,0.0000000000,0.0000000000,0.0000000000,0.0000000000,0.0000000000,0.0000000000,-0.8117923737,0.3261818290,-0.3535264134,0.9852409959,-0.1664292365,-0.0459380150,0.2645027936,0.6760873795,0.1420566440,-0.6730581522,
7015.933,0.1220740378,0.0000000000,0.9765923023,0.0642109439,0.0021973327,-1.0104068518,-0.1580858827,-0.0422376171,-0.4290902317,0.0010537356,0.0060382737,-0.0124101639,0.0312856846,0.0907571912,-0.9954921603,0.0047814255,0.1220740378,0.4272591472,0.4882961512,-0.3984496593,-0.8659932017,-0.2921231687,-0.3775750101,0.1213415936,-0.4774315655,0.0573630035,-0.1219528913,0.1966379881,-0.1455853432,0.6435620785,0.5748491883,-0.4841738641,0.1220740378,0.4272591472,0.4882961512,-0.3984496593,-0.8659932017,-0.2921231687,-0.3775750101,0.1213415936,-0.4774315655,0.0573630035,-0.1219528913,0.1966379881,-0.1455853432,0.6435620785,0.5748491883,-0.4841738641,0.0000000000,0.0000000000,0.0000000000,0.0000000000,0.0000000000,0.0000000000,-0.8108157516,0.3232520521,-0.3554795980,0.9852407575,-0.1664294451,-0.0459380150,0.2642586231,0.6761387587,0.1418111920,-0.6731540561,
7015.946,0.1220740378,-0.0610370189,0.9765923023,0.0634784997,0.0028077029,-1.0113834143,-0.1567430645,-0.0412610248,-0.4265266955,0.0003351718,0.0066476241,-0.0133858919,0.0312788449,0.0907507315,-0.9954929352,0.0047800830,0.0610370189,0.2441480756,0.4272591472,-0.3979613781,-0.8666036129,-0.2909024358,-0.3835566342,0.1173131540,-0.4785302281,0.0576688051,-0.1218584180,0.1969549060,-0.1455044299,0.6427731514,0.5753386021,-0.4846646190,0.0610370189,0.2441480756,0.4272591472,-0.3979613781,-0.8666036129,-0.2909024358,-0.3835566342,0.1173131540,-0.4785302281,0.0576688051,-0.1218584180,0.1969549060,-0.1455044299,0.6427731514,0.5753386021,-0.4846646190,0.0000000000,0.0000000000,0.0000000000,0.0000000000,0.0000000000,0.0000000000,-0.8117923737,0.3237403631,-0.3554795980,0.9852408767,-0.1664296985,-0.0459383726,0.2640166879,0.6761897206,0.1415679902,-0.6732491255,
7015.959,0.1220740378,0.0000000000,0.9765923023,0.0626239851,0.0035401471,-1.0095522404,-0.1586962491,-0.0419934690,-0.4250617921,-0.0005125552,0.0073754056,-0.0115542412,0.0312756784,0.0907487050,-0.9954933524,0.0047773863,0.0610370189,0.1831110567,0.3662221134,-0.3971068561,-0.8670918941,-0.2912686467,-0.3776970804,0.1207312271,-0.4777977765,0.0583339036,-0.1216397285,0.1956854165,-0.1454326957,0.6419913173,0.5758188367,-0.4851518273,0.0610370189,0.1831110567,0.3662221134,-0.3971068561,-0.8670918941,-0.2912686467,-0.3776970804,0.1207312271,-0.4777977765,0.0583339036,-0.1216397285,0.1956854165,-0.1454326957,0.6419913173,0.5758188367,-0.4851518273,0.0000000000,0.0000000000,0.0000000000,0.0000000000,0.0000000000,0.0000000000,-0.8095950484,0.3217871785,-0.3750114441,0.9852406979,-0.1664298475,-0.0459384322,0.2637403607,0.6762476563,0.1412903070,-0.6733574271,
7015.972,0.1220740378,0.0000000000,0.9765923023,0.0649433881,0.0030518509,-1.0105289221,-0.1588183194,-0.0415051728,-0.4283578098,0.0018025115,0.0068848976,-0.0125311613,0.0312779881,0.0907393172,-0.9954940677,0.0047761877,0.0000000000,-0.1220740378,0.2441480756,-0.4021118879,-0.8645283580,-0.2893154621,-0.3780632913,0.1181676686,-0.4809717238,0.0531761050,-0.1183791757,0.1967135668,-0.1453409195,0.6412020326,0.5762964487,-0.4856557548,0.0000000000,-0.1220740378,0.2441480756,-0.4021118879,-0.8645283580,-0.2893154621,-0.3780632913,0.1181676686,-0.4809717238,0.0531761050,-0.1183791757,0.1967135668,-0.1453409195,0.6412020326,0.5762964487,-0.4856557548,0.0000000000,0.0000000000,0.0000000000,0.0000000000,0.0000000000,0.0000000000,-0.8113040328,0.3252052367,-0.3750114441,0.9852408171,-0.1664301157,-0.0459387302,0.2634755969,0.6763032079,0.1410242170,-0.6734611988,
7015.985,0.1220740378,0.0000000000,0.9765923023,0.0634784997,0.0035401471,-1.0106509924,-0.1563768387,-0.0399182104,-0.4297006130,0.0003405362,0.0073685818,-0.0126529932,0.0312768556,0.0907158926,-0.9954962730,0.0047730217,0.0610370189,0.0610370189,0.2441480756,-0.3996703923,-0.8624531031,-0.2885830402,-0.3848994374,0.1223181859,-0.4787743688,0.0554434955,-0.1156030893,0.1965322793,-0.1452496201,0.6404049993,0.5767861605,-0.4861531556,0.0610370189,0.0610370189,0.2441480756,-0.3996703923,-0.8624531031,-0.2885830402,-0.3848994374,0.1223181859,-0.4787743688,0.0554434955,-0.1156030893,0.1965322793,-0.1452496201,0.6404049993,0.5767861605,-0.4861531556,0.0000000000,0.0000000000,0.0000000000,0.0000000000,0.0000000000,0.0000000000,-0.8093508482,0.3237403631,-0.3535264134,0.9852406979,-0.1664303094,-0.0459388494,0.2632421851,0.6763519645,0.1407896280,-0.6735525131,
7015.998,0.1220740378,0.0000000000,0.9155552983,0.0627460554,0.0028077029,-1.0104068518,-0.1571092904,-0.0410168767,-0.4262825549,-0.0003855154,0.0066344910,-0.0124084949,0.0312737674,0.0907108858,-0.9954968095,0.0047717532,0.0610370189,0.0000000000,0.1220740378,-0.4001587033,-0.8626972437,-0.2894375324,-0.3824579716,0.1209753752,-0.4824365973,0.0547713041,-0.1151435375,0.1947659552,-0.1451680511,0.6396143436,0.5772680640,-0.4866461754,0.0610370189,0.0000000000,0.1220740378,-0.4001587033,-0.8626972437,-0.2894375324,-0.3824579716,0.1209753752,-0.4824365973,0.0547713041,-0.1151435375,0.1947659552,-0.1451680511,0.6396143436,0.5772680640,-0.4866461754,0.0000000000,0.0000000000,0.0000000000,0.0000000000,0.0000000000,0.0000000000,-0.8105716109,0.3256935477,-0.3554795980,0.9852405787,-0.1664305925,-0.0459390283,0.2630125582,0.6763998866,0.1405588388,-0.6736422777,
7016.011,0.1220740378,0.0000000000,0.9765923023,0.0633564293,0.0035401471,-1.0104068518,-0.1525925547,-0.0396740623,-0.4298226833,0.0002282560,0.0073623480,-0.0124082565,0.0312723592,0.0906948596,-0.9954982996,0.0047688107,-0.0610370189,-0.3662221134,0.0000000000,-0.3985717297,-0.8624531031,-0.2894375324,-0.3784295321,0.1190221906,-0.4820703864,0.0561836660,-0.1141979098,0.1938461065,-0.1450750828,0.6388137937,0.5777560472,-0.4871461689,-0.0610370189,-0.3662221134,0.0000000000,-0.3985717297,-0.8624531031,-0.2894375324,-0.3784295321,0.1190221906,-0.4820703864,0.0561836660,-0.1141979098,0.1938461065,-0.1450750828,0.6388137937,0.5777560472,-0.4871461689,0.0000000000,0.0000000000,0.0000000000,0.0000000000,0.0000000000,0.0000000000,-0.8108157516,0.3247169554,-0.3535264134,0.9852406383,-0.1664308161,-0.0459393859,0.2627837956,0.6764475703,0.1403289288,-0.6737316847,
7016.024,0.1220740378,0.0000000000,0.9765923023,0.0633564293,0.0026856288,-1.0113834143,-0.1544236541,-0.0421155430,-0.4343394339,0.0002319366,0.0065075029,-0.0133845806,0.0312704928,0.0907047614,-0.9954974651,0.0047687911,-0.1831110567,-0.7324442267,-0.0610370189,-0.4007690549,-0.8634296656,-0.2887051105,-0.3863643408,0.1163365617,-0.4762108326,0.0538429022,-0.1144841909,0.1936438084,-0.1449363381,0.6379753351,0.5782777667,-0.4876668751,-0.1831110567,-0.7324442267,-0.0610370189,-0.4007690549,-0.8634296656,-0.2887051105,-0.3863643408,0.1163365617,-0.4762108326,0.0538429022,-0.1144841909,0.1936438084,-0.1449363381,0.6379753351,0.5782777667,-0.4876668751,0.0000000000,0.0000000000,0.0000000000,0.0000000000,0.0000000000,0.0000000000,-0.8113040328,0.3247169554,-0.3574327826,0.9852403998,-0.1664310396,-0.0459393859,0.2625493705,0.6764962673,0.1400933862,-0.6738230586,
7016.037,0.1220740378,0.0000000000,0.9155552983,0.0645771697,0.0034180731,-1.0107730627,-0.1546678096,-0.0416272469,-0.4314096570,0.0014500916,0.0072353226,-0.0127743483,0.0312719457,0.0907135680,-0.9954966307,0.0047668815,-0.2441480756,-0.9155552983,-0.1220740378,-0.4019898176,-0.8630634546,-0.2893154621,-0.3800164759,0.1226844117,-0.4798730314,0.0524911284,-0.1134365797,0.1920980513,-0.1447991580,0.6371492147,0.5787840486,-0.4881868958,-0.2441480756,-0.9155552983,-0.1220740378,-0.4019898176,-0.8630634546,-0.2893154621,-0.3800164759,0.1226844117,-0.4798730314,0.0524911284,-0.1134365797,0.1920980513,-0.1447991580,0.6371492147,0.5787840486,-0.4881868958,0.0000000000,0.0000000000,0.0000000000,0.0000000000,0.0000000000,0.0000000000,-0.8095950484,0.3261818290,-0.3535264134,0.9852405190,-0.1664313227,-0.0459396243,0.2623286247,0.6765421629,0.1398715526,-0.6739091277,
7016.050,0.1220740378,0.0000000000,0.9765923023,0.0650654659,0.0029297769,-1.0108951330,-0.1534470618,-0.0418713950,-0.4383678734,0.0019335076,0.0067455126,-0.0128967166,0.0312744081,0.0907221213,-0.9954957962,0.0047666184,-0.1831110567,-0.9155552983,-0.1220740378,-0.4069948494,-0.8641620874,-0.2882167995,-0.3877071440,0.1182897463,-0.4779198468,0.0473744869,-0.1138590574,0.1922481060,-0.1446437985,0.6363099813,0.5792971849,-0.4887184501,-0.1831110567,-0.9155552983,-0.1220740378,-0.4069948494,-0.8641620874,-0.2882167995,-0.3877071440,0.1182897463,-0.4779198468,0.0473744869,-0.1138590574,0.1922481060,-0.1446437985,0.6363099813,0.5792971849,-0.4887184501,0.0000000000,0.0000000000,0.0000000000,0.0000000000,0.0000000000,0.0000000000,-0.8120365143,0.3286233246,-0.3574327826,0.9852403998,-0.1664315760,-0.0459396839,0.2621091604,0.6765876412,0.1396510303,-0.6739945412,
7016.063,0.1220740378,0.0000000000,0.9765923023,0.0648213178,0.0023194067,-1.0113834143,-0.1558885425,-0.0428479873,-0.4389782548,0.0016858652,0.0061366567,-0.0133852959,0.0312760174,0.0907360688,-0.9954944253,0.0047679702,-0.1220740378,-0.7324442267,-0.0610370189,-0.4066286087,-0.8633075953,-0.2887051105,-0.3827021122,0.1215857416,-0.4810937941,0.0476211309,-0.1123338342,0.1908247769,-0.1445100605,0.6354996562,0.5797830820,-0.4892360568,-0.1220740378,-0.7324442267,-0.0610370189,-0.4066286087,-0.8633075953,-0.2887051105,-0.3827021122,0.1215857416,-0.4810937941,0.0476211309,-0.1123338342,0.1908247769,-0.1445100605,0.6354996562,0.5797830820,-0.4892360568,0.0000000000,0.0000000000,0.0000000000,0.0000000000,0.0000000000,0.0000000000,-0.8091067076,0.3286233246,-0.3535264134,0.9852404594,-0.1664318591,-0.0459399819,0.2618991435,0.6766311526,0.1394400001,-0.6740762591,
7016.076,0.1220740378,0.0000000000,0.9765923023,0.0648213178,0.0035401471,-1.0117496252,-0.1555223316,-0.0432142094,-0.4375133514,0.0016824678,0.0073528858,-0.0137516260,0.0312778130,0.0907561854,-0.9954926372,0.0047665085,-0.0610370189,-0.5493331552,0.0000000000,-0.4078493714,-0.8634296656,-0.2899258435,-0.3831903934,0.1210974455,-0.4804834127,0.0462766290,-0.1117939949,0.1886835694,-0.1443820447,0.6347029805,0.5802586079,-0.4897439182,-0.0610370189,-0.5493331552,0.0000000000,-0.4078493714,-0.8634296656,-0.2899258435,-0.3831903934,0.1210974455,-0.4804834127,0.0462766290,-0.1117939949,0.1886835694,-0.1443820447,0.6347029805,0.5802586079,-0.4897439182,0.0000000000,0.0000000000,0.0000000000,0.0000000000,0.0000000000,0.0000000000,-0.8105716109,0.3247169554,-0.3574327826,0.9852404594,-0.1664321125,-0.0459402204,0.2616695166,0.6766785979,0.1392092854,-0.6741655469,
7016.089,0.1831110567,-0.0610370189,0.9765923023,0.0657979101,0.0039063692,-1.0108951330,-0.1556444019,-0.0421155430,-0.4387340844,0.0026612803,0.0077234297,-0.0128970742,0.0312764868,0.0907615572,-0.9954921007,0.0047687297,0.0000000000,-0.0610370189,-0.0610370189,-0.4035767615,-0.8609881997,-0.2888271809,-0.3835566342,0.1174352244,-0.4853663743,0.0503645241,-0.1086777449,0.1888973117,-0.1442969143,0.6339324713,0.5807197094,-0.4902205169,0.0000000000,-0.0610370189,-0.0610370189,-0.4035767615,-0.8609881997,-0.2888271809,-0.3835566342,0.1174352244,-0.4853663743,0.0503645241,-0.1086777449,0.1888973117,-0.1442969143,0.6339324713,0.5807197094,-0.4902205169,0.0000000000,0.0000000000,0.0000000000,0.0000000000,0.0000000000,0.0000000000,-0.8098391891,0.3266701400,-0.3730582595,0.9852401614,-0.1664322913,-0.0459401608,0.2614233196,0.6767292619,0.1389620155,-0.6742610335,
7016.102,0.1831110567,-0.0610370189,0.9765923023,0.0657979101,0.0034180731,-1.0119937658,-0.1583300233,-0.0408948027,-0.4316537976,0.0026638284,0.0072418628,-0.0139955282,0.0312749892,0.0907451883,-0.9954936504,0.0047714515,0.0000000000,-0.0610370189,-0.0610370189,-0.4011352956,-0.8602557182,-0.2895596325,-0.3856318891,0.1209753752,-0.4848780930,0.0526117384,-0.1072731018,0.1872895658,-0.1442101300,0.6331593990,0.5811857581,-0.4906921983,0.0000000000,-0.0610370189,-0.0610370189,-0.4011352956,-0.8602557182,-0.2895596325,-0.3856318891,0.1209753752,-0.4848780930,0.0526117384,-0.1072731018,0.1872895658,-0.1442101300,0.6331593990,0.5811857581,-0.4906921983,0.0000000000,0.0000000000,0.0000000000,0.0000000000,0.0000000000,0.0000000000,-0.8100833297,0.3271584213,-0.3554795980,0.9852402210,-0.1664325744,-0.0459404588,0.2612077892,0.6767736673,0.1387454718,-0.6743446589,
7016.115,0.1831110567,-0.0610370189,0.9765923023,0.0650654659,0.0019531846,-1.0107730627,-0.1580858827,-0.0430921353,-0.4279915690,0.0019371435,0.0057908851,-0.0127745271,0.0312714241,0.0907584876,-0.9954924583,0.0047785370,-0.0610370189,-0.1831110567,-0.0610370189,-0.4019898176,-0.8600115776,-0.2890713215,-0.3824579716,0.1225623339,-0.4825586677,0.0515781343,-0.1063665152,0.1869018376,-0.1441141069,0.6323879957,0.5816489458,-0.4911665022,-0.0610370189,-0.1831110567,-0.0610370189,-0.4019898176,-0.8600115776,-0.2890713215,-0.3824579716,0.1225623339,-0.4825586677,0.0515781343,-0.1063665152,0.1869018376,-0.1441141069,0.6323879957,0.5816489458,-0.4911665022,0.0000000000,0.0000000000,0.0000000000,0.0000000000,0.0000000000,0.0000000000,-0.8095950484,0.3237403631,-0.3574327826,0.9852401018,-0.1664328277,-0.0459405184,0.2609787881,0.6768206954,0.1385154426,-0.6744333506,
7016.128,0.1831110567,-0.0610370189,0.9765923023,0.0653096139,0.0034180731,-1.0106509924,-0.1602832079,-0.0421155430,-0.4344615042,0.0021857619,0.0072623771,-0.0126522183,0.0312689282,0.0907516927,-0.9954932332,0.0047814087,-0.1220740378,-0.6714072227,-0.0610370189,-0.4054078758,-0.8604999185,-0.2868739963,-0.3827021122,0.1203650013,-0.4725486040,0.0480370522,-0.1062038541,0.1881843507,-0.1439719498,0.6315832734,0.5821296573,-0.4916735590,-0.1220740378,-0.6714072227,-0.0610370189,-0.4054078758,-0.8604999185,-0.2868739963,-0.3827021122,0.1203650013,-0.4725486040,0.0480370522,-0.1062038541,0.1881843507,-0.1439719498,0.6315832734,0.5821296573,-0.4916735590,0.0000000000,0.0000000000,0.0000000000,0.0000000000,0.0000000000,0.0000000000,-0.8103274703,0.3252052367,-0.3535264134,0.9852401614,-0.1664330959,-0.0459409356,0.2607618272,0.6768652201,0.1382974982,-0.6745173931,
7016.141,0.1220740378,-0.1220740378,0.9765923023,0.0645771697,0.0026856288,-1.0112613440,-0.1546678096,-0.0426038392,-0.4327524602,0.0014722198,0.0065294933,-0.0132613778,0.0312594511,0.0907672644,-0.9954920411,0.0047808187,-0.0610370189,-0.7324442267,0.0000000000,-0.4073610604,-0.8620868325,-0.2866298556,-0.3830683231,0.1197546348,-0.4824365973,0.0459795892,-0.1071441770,0.1875005364,-0.1438388377,0.6307973266,0.5825831294,-0.4921841025,-0.0610370189,-0.7324442267,0.0000000000,-0.4073610604,-0.8620868325,-0.2866298556,-0.3830683231,0.1197546348,-0.4824365973,0.0459795892,-0.1071441770,0.1875005364,-0.1438388377,0.6307973266,0.5825831294,-0.4921841025,0.0000000000,0.0000000000,0.0000000000,0.0000000000,0.0000000000,0.0000000000,-0.8095950484,0.3232520521,-0.3593859673,0.9852400422,-0.1664332747,-0.0459410548,0.2605301440,0.6769126058,0.1380648315,-0.6746069789,
7016.154,0.1220740378,-0.1220740378,0.9765923023,0.0640888736,0.0041505173,-1.0105289221,-0.1547898799,-0.0407727286,-0.4394665360,0.0010048747,0.0079866936,-0.0125275850,0.0312493984,0.0907571092,-0.9954934120,0.0047757155,0.0610370189,-0.6103702188,0.1220740378,-0.4094363153,-0.8623310328,-0.2873622775,-0.3812372088,0.1215857416,-0.4846339226,0.0438132584,-0.1067507267,0.1858389378,-0.1437153518,0.6300334930,0.5830107927,-0.4926918745,0.0610370189,-0.6103702188,0.1220740378,-0.4094363153,-0.8623310328,-0.2873622775,-0.3812372088,0.1215857416,-0.4846339226,0.0438132584,-0.1067507267,0.1858389378,-0.1437153518,0.6300334930,0.5830107927,-0.4926918745,0.0000000000,0.0000000000,0.0000000000,0.0000000000,0.0000000000,0.0000000000,-0.8113040328,0.3242286444,-0.3554795980,0.9852399826,-0.1664335132,-0.0459412336,0.2603081167,0.6769579649,0.1378418654,-0.6746927500,
7016.167,0.1220740378,-0.1220740378,0.9765923023,0.0631122813,0.0028077029,-1.0112613440,-0.1552781761,-0.0434583575,-0.4298226833,0.0000541806,0.0066428706,-0.0132583976,0.0312364083,0.0907827765,-0.9954914451,0.0047748392,0.3051851094,0.0610370189,0.3051851094,-0.4080935121,-0.8623310328,-0.2891933918,-0.3769646287,0.1196325570,-0.4847559929,0.0450263023,-0.1061122417,0.1831120253,-0.1436404288,0.6293181777,0.5833992362,-0.4931680560,0.3051851094,0.0610370189,0.3051851094,-0.4080935121,-0.8623310328,-0.2891933918,-0.3769646287,0.1196325570,-0.4847559929,0.0450263023,-0.1061122417,0.1831120253,-0.1436404288,0.6293181777,0.5833992362,-0.4931680560,0.0000000000,0.0000000000,0.0000000000,0.0000000000,0.0000000000,0.0000000000,-0.8120365143,0.3271584213,-0.3554795980,0.9852399826,-0.1664337516,-0.0459415913,0.2600966990,0.6770011187,0.1376295239,-0.6747744083,
7016.180,0.1220740378,-0.1220740378,0.9765923023,0.0631122813,0.0036622211,-1.0104068518,-0.1552781761,-0.0443128757,-0.4327524602,0.0000796765,0.0074921479,-0.0124022365,0.0312237591,0.0908188000,-0.9954885840,0.0047721970,0.4272591472,0.6103702188,0.3662221134,-0.4055299461,-0.8620868325,-0.2898037732,-0.3813593090,0.1215857416,-0.4835352600,0.0474123657,-0.1052250266,0.1816415787,-0.1435920447,0.6286195517,0.5837838054,-0.4936179221,0.4272591472,0.6103702188,0.3662221134,-0.4055299461,-0.8620868325,-0.2898037732,-0.3813593090,0.1215857416,-0.4835352600,0.0474123657,-0.1052250266,0.1816415787,-0.1435920447,0.6286195517,0.5837838054,-0.4936179221,0.0000000000,0.0000000000,0.0000000000,0.0000000000,0.0000000000,0.0000000000,-0.8113040328,0.3252052367,-0.3750114441,0.9852399230,-0.1664339453,-0.0459416509,0.2598493695,0.6770514846,0.1373812109,-0.6748697162,
7016.193,0.1220740378,-0.1220740378,0.9765923023,0.0637226477,0.0030518509,-1.0117496252,-0.1563768387,-0.0444349498,-0.4288460910,0.0007128343,0.0068795932,-0.0137435794,0.0312123299,0.0908538625,-0.9954857230,0.0047711702,0.4882961512,1.0376293659,0.3662221134,-0.4024780989,-0.8625751734,-0.2901699841,-0.3838007748,0.1196325570,-0.4892727435,0.0502384901,-0.1050633192,0.1804478765,-0.1435781270,0.6279445887,0.5841557384,-0.4940408766,0.4882961512,1.0376293659,0.3662221134,-0.4024780989,-0.8625751734,-0.2901699841,-0.3838007748,0.1196325570,-0.4892727435,0.0502384901,-0.1050633192,0.1804478765,-0.1435781270,0.6279445887,0.5841557384,-0.4940408766,0.0000000000,0.0000000000,0.0000000000,0.0000000000,0.0000000000,0.0000000000,-0.8093508482,0.3256935477,-0.3535264134,0.9852398038,-0.1664341837,-0.0459418297,0.2596401274,0.6770939827,0.1371711046,-0.6749503016,
7016.206,0.1220740378,-0.0610370189,0.9765923023,0.0627460554,0.0035401471,-1.0104068518,-0.1562547684,-0.0467543565,-0.4262825549,-0.0002473295,0.0073632803,-0.0123997927,0.0312040336,0.0909196138,-0.9954799414,0.0047701867,0.4272591472,1.0376293659,0.2441480756,-0.3955198824,-0.8650166392,-0.2909024358,-0.3830683231,0.1235389262,-0.4829249084,0.0569227636,-0.1068380475,0.1789049804,-0.1435721219,0.6272526979,0.5845521092,-0.4944525659,0.4272591472,1.0376293659,0.2441480756,-0.3955198824,-0.8650166392,-0.2909024358,-0.3830683231,0.1235389262,-0.4829249084,0.0569227636,-0.1068380475,0.1789049804,-0.1435721219,0.6272526979,0.5845521092,-0.4944525659,0.0000000000,0.0000000000,0.0000000000,0.0000000000,0.0000000000,0.0000000000,-0.8122806549,0.3261818290,-0.3750114441,0.9852398634,-0.1664344072,-0.0459420681,0.2593976259,0.6771432161,0.1369276494,-0.6750436425,
7016.219,0.1220740378,-0.0610370189,0.9765923023,0.0612811670,0.0025635548,-1.0108951330,-0.1547898799,-0.0415051728,-0.4315317273,-0.0016885325,0.0063869287,-0.0128865242,0.0311922058,0.0909201950,-0.9954803586,0.0047692438,0.2441480756,0.5493331552,0.0610370189,-0.3942991495,-0.8662374020,-0.2900479138,-0.3803827167,0.1209753752,-0.4893948138,0.0578801036,-0.1073909998,0.1789342761,-0.1435560584,0.6265493631,0.5849530697,-0.4948742986,0.2441480756,0.5493331552,0.0610370189,-0.3942991495,-0.8662374020,-0.2900479138,-0.3803827167,0.1209753752,-0.4893948138,0.0578801036,-0.1073909998,0.1789342761,-0.1435560584,0.6265493631,0.5849530697,-0.4948742986,0.0000000000,0.0000000000,0.0000000000,0.0000000000,0.0000000000,0.0000000000,-0.8117923737,0.3266701400,-0.3535264134,0.9852397442,-0.1664346308,-0.0459422469,0.2591923177,0.6771847606,0.1367215067,-0.6751225591,
7016.232,0.1831110567,-0.0610370189,0.9765923023,0.0623798333,0.0026856288,-1.0107730627,-0.1534470618,-0.0402844325,-0.4360484779,-0.0005717166,0.0065192673,-0.0127633214,0.0311827529,0.0909077078,-0.9954817295,0.0047731381,0.1220740378,0.0000000000,0.0610370189,-0.3958860934,-0.8656269908,-0.2889492512,-0.3839228451,0.1207312271,-0.4857325852,0.0560842454,-0.1061286330,0.1791786253,-0.1434914321,0.6258147955,0.5853742361,-0.4953244030,0.1220740378,0.0000000000,0.0610370189,-0.3958860934,-0.8656269908,-0.2889492512,-0.3839228451,0.1207312271,-0.4857325852,0.0560842454,-0.1061286330,0.1791786253,-0.1434914321,0.6258147955,0.5853742361,-0.4953244030,0.0000000000,0.0000000000,0.0000000000,0.0000000000,0.0000000000,0.0000000000,-0.8125247955,0.3252052367,-0.3730582595,0.9852396846,-0.1664348692,-0.0459424257,0.2589515448,0.6772334576,0.1364798099,-0.6752150059,
7016.245,0.1220740378,0.0000000000,0.9765923023,0.0629902035,0.0024414808,-1.0102847815,-0.1524704695,-0.0412610248,-0.4327524602,0.0000429153,0.0062758964,-0.0122748613,0.0311805736,0.0909115002,-0.9954814315,0.0047734496,0.0000000000,-0.7324442267,-0.0610370189,-0.4000366330,-0.8655049205,-0.2902920544,-0.3840449154,0.1214636713,-0.4895168841,0.0517846942,-0.1053698659,0.1769461632,-0.1433843225,0.6250568032,0.5858041644,-0.4958042204,0.0000000000,-0.7324442267,-0.0610370189,-0.4000366330,-0.8655049205,-0.2902920544,-0.3840449154,0.1214636713,-0.4895168841,0.0517846942,-0.1053698659,0.1769461632,-0.1433843225,0.6250568032,0.5858041644,-0.4958042204,0.0000000000,0.0000000000,0.0000000000,0.0000000000,0.0000000000,0.0000000000,-0.8117923737,0.3266701400,-0.3691518903,0.9852398038,-0.1664351225,-0.0459427834,0.2587232888,0.6772795916,0.1362506747,-0.6753026247,
7016.258,0.1220740378,-0.0610370189,0.9765923023,0.0631122813,0.0026856288,-1.0097965002,-0.1534470618,-0.0411389507,-0.4329966009,0.0001791194,0.0065196040,-0.0117856264,0.0311735552,0.0909108222,-0.9954817295,0.0047725649,-0.0610370189,-0.7934812307,-0.1831110567,-0.3986938000,-0.8650166392,-0.2904141247,-0.3833124936,0.1152378917,-0.4810937941,0.0529623628,-0.1042430401,0.1759438217,-0.1432685256,0.6242825985,0.5862537026,-0.4962813258,-0.0610370189,-0.7934812307,-0.1831110567,-0.3986938000,-0.8650166392,-0.2904141247,-0.3833124936,0.1152378917,-0.4810937941,0.0529623628,-0.1042430401,0.1759438217,-0.1432685256,0.6242825985,0.5862537026,-0.4962813258,0.0000000000,0.0000000000,0.0000000000,0.0000000000,0.0000000000,0.0000000000,-0.8100833297,0.3217871785,-0.3730582595,0.9852395058,-0.1664353013,-0.0459426641,0.2584749162,0.6773295403,0.1360014230,-0.6753976941,
7016.271,0.1220740378,0.0000000000,0.9155552983,0.0620136112,0.0030518509,-1.0112613440,-0.1563768387,-0.0422376171,-0.4340952933,-0.0009103119,0.0068829251,-0.0132498741,0.0311690327,0.0909211561,-0.9954808950,0.0047710221,-0.1220740378,-0.7324442267,-0.1831110567,-0.3990600407,-0.8636738062,-0.2902920544,-0.3829462528,0.1234168559,-0.4862208962,0.0524299443,-0.1022729874,0.1752028763,-0.1431569904,0.6235237718,0.5866930485,-0.4967480302,-0.1220740378,-0.7324442267,-0.1831110567,-0.3990600407,-0.8636738062,-0.2902920544,-0.3829462528,0.1234168559,-0.4862208962,0.0524299443,-0.1022729874,0.1752028763,-0.1431569904,0.6235237718,0.5866930485,-0.4967480302,0.0000000000,0.0000000000,0.0000000000,0.0000000000,0.0000000000,0.0000000000,-0.8105716109,0.3247169554,-0.3711050749,0.9852395654,-0.1664355546,-0.0459429622,0.2582402229,0.6773767471,0.1357658505,-0.6754875779,
7016.284,0.1831110567,0.0000000000,0.9765923023,0.0628681332,0.0026856288,-1.0115054846,-0.1549119502,-0.0396740623,-0.4294564724,-0.0000506938,0.0065269307,-0.0134937167,0.0311661363,0.0908980370,-0.9954831004,0.0047751605,-0.1831110567,-1.0376293659,-0.3662221134,-0.3989379704,-0.8618426919,-0.2901699841,-0.3838007748,0.1197546348,-0.4871974885,0.0523889363,-0.0998115540,0.1744512320,-0.1430333853,0.6227480173,0.5871444941,-0.4972231388,-0.1831110567,-1.0376293659,-0.3662221134,-0.3989379704,-0.8618426919,-0.2901699841,-0.3838007748,0.1197546348,-0.4871974885,0.0523889363,-0.0998115540,0.1744512320,-0.1430333853,0.6227480173,0.5871444941,-0.4972231388,0.0000000000,0.0000000000,0.0000000000,0.0000000000,0.0000000000,0.0000000000,-0.8122806549,0.3212988675,-0.3750114441,0.9852396846,-0.1664357930,-0.0459433198,0.2579883039,0.6774273515,0.1355130374,-0.6755839586,
7016.297,0.1220740378,0.0000000000,0.9765923023,0.0628681332,0.0014648885,-1.0110172033,-0.1532029212,-0.0448011719,-0.4277474284,-0.0000457615,0.0053117569,-0.0130051374,0.0311631877,0.0909473673,-0.9954786301,0.0047792527,-0.2441480756,-1.0986663103,-0.3662221134,-0.4002807736,-0.8646504283,-0.2890713215,-0.3836787045,0.1198767051,-0.4870754182,0.0508903265,-0.1019938588,0.1746747196,-0.1429046094,0.6219720244,0.5875942111,-0.4976999760,-0.2441480756,-1.0986663103,-0.3662221134,-0.4002807736,-0.8646504283,-0.2890713215,-0.3836787045,0.1198767051,-0.4870754182,0.0508903265,-0.1019938588,0.1746747196,-0.1429046094,0.6219720244,0.5875942111,-0.4976999760,0.0000000000,0.0000000000,0.0000000000,0.0000000000,0.0000000000,0.0000000000,-0.8105716109,0.3252052367,-0.3535264134,0.9852393866,-0.1664360315,-0.0459432602,0.2577855885,0.6774678826,0.1353095770,-0.6756613255,
7016.310,0.1220740378,0.0610370189,0.9765923023,0.0648213178,0.0026856288,-1.0110172033,-0.1518601030,-0.0461439863,-0.4295785427,0.0018920824,0.0065320064,-0.0130061507,0.0311705209,0.0910179093,-0.9954719543,0.0047819172,-0.2441480756,-1.2207404375,-0.3662221134,-0.4049195945,-0.8631855249,-0.2890713215,-0.3855098188,0.1215857416,-0.4920804501,0.0461269915,-0.0999186039,0.1737917364,-0.1427635103,0.6212023497,0.5880328417,-0.4981837571,-0.2441480756,-1.2207404375,-0.3662221134,-0.4049195945,-0.8631855249,-0.2890713215,-0.3855098188,0.1215857416,-0.4920804501,0.0461269915,-0.0999186039,0.1737917364,-0.1427635103,0.6212023497,0.5880328417,-0.4981837571,0.0000000000,0.0000000000,0.0000000000,0.0000000000,0.0000000000,0.0000000000,-0.8105716109,0.3242286444,-0.3730582595,0.9852395058,-0.1664362550,-0.0459436178,0.2575496137,0.6775150895,0.1350727677,-0.6757514477,
7016.323,0.1220740378,0.0610370189,0.9765923023,0.0649433881,0.0039063692,-1.0108951330,-0.1529587656,-0.0446790978,-0.4300668240,0.0019982457,0.0077462313,-0.0128850341,0.0311785191,0.0910653546,-0.9954673648,0.0047808839,-0.1220740378,-0.7934812307,-0.2441480756,-0.4083376527,-0.8608661294,-0.2878505886,-0.3836787045,0.1226844117,-0.4964751005,0.0425846577,-0.0970008969,0.1741459072,-0.1426468790,0.6204721928,0.5884350538,-0.4986518025,-0.1220740378,-0.7934812307,-0.2441480756,-0.4083376527,-0.8608661294,-0.2878505886,-0.3836787045,0.1226844117,-0.4964751005,0.0425846577,-0.0970008969,0.1741459072,-0.1426468790,0.6204721928,0.5884350538,-0.4986518025,0.0000000000,0.0000000000,0.0000000000,0.0000000000,0.0000000000,0.0000000000,-0.8125247955,0.3252052367,-0.3691518903,0.9852393866,-0.1664364636,-0.0459437966,0.2573227286,0.6775603294,0.1348451227,-0.6758379340,
7016.336,0.1220740378,0.0610370189,0.9765923023,0.0639667958,0.0019531846,-1.0107730627,-0.1518601030,-0.0429700613,-0.4326303899,0.0010105819,0.0057962118,-0.0127636790,0.0311837606,0.0910927206,-0.9954648018,0.0047838227,0.0000000000,-0.3662221134,-0.1831110567,-0.4068727791,-0.8618426919,-0.2884609401,-0.3835566342,0.1214636713,-0.4906155467,0.0438908637,-0.0973745584,0.1726927459,-0.1425520331,0.6197558641,0.5888316035,-0.4991012812,0.0000000000,-0.3662221134,-0.1831110567,-0.4068727791,-0.8618426919,-0.2884609401,-0.3835566342,0.1214636713,-0.4906155467,0.0438908637,-0.0973745584,0.1726927459,-0.1425520331,0.6197558641,0.5888316035,-0.4991012812,0.0000000000,0.0000000000,0.0000000000,0.0000000000,0.0000000000,0.0000000000,-0.8088625669,0.3276467323,-0.3730582595,0.9852393866,-0.1664367020,-0.0459440947,0.2571013868,0.6776044369,0.1346230060,-0.6759222746,
7016.349,0.1220740378,0.0000000000,0.9155552983,0.0649433881,0.0034180731,-1.0112613440,-0.1502731442,-0.0424817652,-0.4366588295,0.0019821376,0.0072563509,-0.0132523179,0.0311863497,0.0911227167,-0.9954618216,0.0047826283,0.0610370189,-0.0610370189,-0.1220740378,-0.4067507088,-0.8596453667,-0.2888271809,-0.3833124936,0.1185338944,-0.4907376468,0.0438408256,-0.0945818424,0.1715070307,-0.1424723268,0.6190614700,0.5892140269,-0.4995343089,0.0610370189,-0.0610370189,-0.1220740378,-0.4067507088,-0.8596453667,-0.2888271809,-0.3833124936,0.1185338944,-0.4907376468,0.0438408256,-0.0945818424,0.1715070307,-0.1424723268,0.6190614700,0.5892140269,-0.4995343089,0.0000000000,0.0000000000,0.0000000000,0.0000000000,0.0000000000,0.0000000000,-0.8100833297,0.3242286444,-0.3750114441,0.9852392673,-0.1664369106,-0.0459441543,0.2568660080,0.6776512265,0.1343868673,-0.6760118008,
7016.362,0.1220740378,0.0000000000,0.9155552983,0.0653096139,0.0034180731,-1.0118716955,-0.1524704695,-0.0423596911,-0.4292123318,0.0023417026,0.0072516385,-0.0138630271,0.0311897676,0.0911461413,-0.9954596758,0.0047813184,0.1220740378,0.1831110567,0.0000000000,-0.4052858055,-0.8594012260,-0.2873622775,-0.3831903934,0.1197546348,-0.4865871072,0.0451266468,-0.0937452316,0.1721620560,-0.1424007267,0.6183777452,0.5895884633,-0.4999598563,0.1220740378,0.1831110567,0.0000000000,-0.4052858055,-0.8594012260,-0.2873622775,-0.3831903934,0.1197546348,-0.4865871072,0.0451266468,-0.0937452316,0.1721620560,-0.1424007267,0.6183777452,0.5895884633,-0.4999598563,0.0000000000,0.0000000000,0.0000000000,0.0000000000,0.0000000000,0.0000000000,-0.8117923737,0.3271584213,-0.3750114441,0.9852393270,-0.1664371639,-0.0459444523,0.2566404045,0.6776960492,0.1341605335,-0.6760975718,
7016.375,0.1220740378,0.0000000000,0.9155552983,0.0656758323,0.0029297769,-1.0118716955,-0.1513718069,-0.0423596911,-0.4286019504,0.0026995167,0.0067610624,-0.0138635635,0.0311939344,0.0911728665,-0.9954570532,0.0047814050,0.1831110567,0.1831110567,0.0000000000,-0.4035767615,-0.8602557182,-0.2868739963,-0.3802606165,0.1186559647,-0.4842677116,0.0466490984,-0.0940005183,0.1718341708,-0.1423384696,0.6176965237,0.5899563432,-0.5003855228,0.1831110567,0.1831110567,0.0000000000,-0.4035767615,-0.8602557182,-0.2868739963,-0.3802606165,0.1186559647,-0.4842677116,0.0466490984,-0.0940005183,0.1718341708,-0.1423384696,0.6176965237,0.5899563432,-0.5003855228,0.0000000000,0.0000000000,0.0000000000,0.0000000000,0.0000000000,0.0000000000,-0.8122806549,0.3281350136,-0.3691518903,0.9852390289,-0.1664373577,-0.0459443927,0.2564278245,0.6777380705,0.1339472681,-0.6761782169,
7016.388,0.1831110567,-0.0610370189,0.9765923023,0.0654316843,0.0012207404,-1.0110172033,-0.1566209942,-0.0471205786,-0.4336069822,0.0024586096,0.0050694942,-0.0130089521,0.0311912075,0.0912387446,-0.9954510331,0.0047920221,0.1831110567,0.1220740378,0.0000000000,-0.4023560286,-0.8619647622,-0.2879726589,-0.3813593090,0.1191442609,-0.4821924567,0.0476798117,-0.0951111317,0.1699216068,-0.1422714293,0.6170093417,0.5903304815,-0.5008110404,0.1831110567,0.1220740378,0.0000000000,-0.4023560286,-0.8619647622,-0.2879726589,-0.3813593090,0.1191442609,-0.4821924567,0.0476798117,-0.0951111317,0.1699216068,-0.1422714293,0.6170093417,0.5903304815,-0.5008110404,0.0000000000,0.0000000000,0.0000000000,0.0000000000,0.0000000000,0.0000000000,-0.8088625669,0.3227637708,-0.3730582595,0.9852393270,-0.1664376259,-0.0459449291,0.2561946213,0.6777843237,0.1337133199,-0.6762667894,
7016.401,0.1220740378,0.0000000000,0.9765923023,0.0643330216,0.0026856288,-1.0105289221,-0.1532029212,-0.0467543565,-0.4287240207,0.0013577715,0.0065338877,-0.0125207305,0.0311919618,0.0913115889,-0.9954444170,0.0047941571,0.1220740378,0.0000000000,-0.0610370189,-0.4033326209,-0.8640400171,-0.2895596325,-0.3816034496,0.1189001128,-0.4831690490,0.0465142429,-0.0965937972,0.1675269306,-0.1421977580,0.6163194776,0.5907086730,-0.5012350082,0.1220740378,0.0000000000,-0.0610370189,-0.4033326209,-0.8640400171,-0.2895596325,-0.3816034496,0.1189001128,-0.4831690490,0.0465142429,-0.0965937972,0.1675269306,-0.1421977580,0.6163194776,0.5907086730,-0.5012350082,0.0000000000,0.0000000000,0.0000000000,0.0000000000,0.0000000000,0.0000000000,-0.8098391891,0.3227637708,-0.3730582595,0.9852390289,-0.1664378196,-0.0459448099,0.2559618354,0.6778302193,0.1334798485,-0.6763548851,
7016.414,0.1220740378,0.0000000000,0.9765923023,0.0634784997,0.0036622211,-1.0110172033,-0.1562547684,-0.0415051728,-0.4340952933,0.0005054623,0.0075051668,-0.0130088925,0.0311911330,0.0913053900,-0.9954449534,0.0047912155,0.1220740378,0.0610370189,0.0000000000,-0.4043092132,-0.8645283580,-0.2901699841,-0.3864864111,0.1212195233,-0.4907376468,0.0453553498,-0.0965000391,0.1661181748,-0.1421247572,0.6156418324,0.5910774469,-0.5016537309,0.1220740378,0.0610370189,0.0000000000,-0.4043092132,-0.8645283580,-0.2901699841,-0.3864864111,0.1212195233,-0.4907376468,0.0453553498,-0.0965000391,0.1661181748,-0.1421247572,0.6156418324,0.5910774469,-0.5016537309,0.0000000000,0.0000000000,0.0000000000,0.0000000000,0.0000000000,0.0000000000,-0.8105716109,0.3252052367,-0.3535264134,0.9852390289,-0.1664381176,-0.0459449887,0.2557690144,0.6778682470,0.1332863867,-0.6764279008,
7016.427,0.1220740378,-0.0610370189,0.9765923023,0.0634784997,0.0030518509,-1.0107730627,-0.1529587656,-0.0448011719,-0.4290902317,0.0005182177,0.0068925228,-0.0127639174,0.0311846472,0.0913531780,-0.9954407215,0.0047909962,0.1220740378,0.1220740378,0.0610370189,-0.4054078758,-0.8633075953,-0.2894375324,-0.3868526220,0.1226844117,-0.4906155467,0.0440851748,-0.0947083831,0.1660580039,-0.1420484334,0.6149727106,0.5914385915,-0.5020701885,0.1220740378,0.1220740378,0.0610370189,-0.4054078758,-0.8633075953,-0.2894375324,-0.3868526220,0.1226844117,-0.4906155467,0.0440851748,-0.0947083831,0.1660580039,-0.1420484334,0.6149727106,0.5914385915,-0.5020701885,0.0000000000,0.0000000000,0.0000000000,0.0000000000,0.0000000000,0.0000000000,-0.8110598922,0.3256935477,-0.3711050749,0.9852390885,-0.1664384156,-0.0459452271,0.2555503249,0.6779113412,0.1330670267,-0.6765106320,
7016.440,0.1220740378,-0.0610370189,0.9765923023,0.0646992400,0.0035401471,-1.0117496252,-0.1523483992,-0.0473647267,-0.4338511229,0.0017459467,0.0073761619,-0.0137400031,0.0311809815,0.0914350227,-0.9954333305,0.0047909198,0.1831110567,0.4272591472,0.2441480756,-0.4051637352,-0.8623310328,-0.2879726589,-0.3787957430,0.1226844117,-0.4862208962,0.0441606045,-0.0931722522,0.1667445004,-0.1419908702,0.6143367290,0.5917704105,-0.5024738908,0.1831110567,0.4272591472,0.2441480756,-0.4051637352,-0.8623310328,-0.2879726589,-0.3787957430,0.1226844117,-0.4862208962,0.0441606045,-0.0931722522,0.1667445004,-0.1419908702,0.6143367290,0.5917704105,-0.5024738908,0.0000000000,0.0000000000,0.0000000000,0.0000000000,0.0000000000,0.0000000000,-0.8093508482,0.3252052367,-0.3750114441,0.9852389693,-0.1664385945,-0.0459453464,0.2553261220,0.6779553294,0.1328421980,-0.6765953302,
7016.453,0.1220740378,0.0000000000,0.9765923023,0.0628681332,0.0034180731,-1.0095522404,-0.1554002464,-0.0426038392,-0.4299447536,-0.0000805408,0.0072500170,-0.0115423799,0.0311788060,0.0914459899,-0.9954326153,0.0047890223,0.2441480756,0.4272591472,0.3051851094,-0.4006469846,-0.8613544106,-0.2858974040,-0.3842890859,0.1218298897,-0.4867091775,0.0485024452,-0.0916279554,0.1680319011,-0.1419336498,0.6136919260,0.5921065807,-0.5028818846,0.2441480756,0.4272591472,0.3051851094,-0.4006469846,-0.8613544106,-0.2858974040,-0.3842890859,0.1218298897,-0.4867091775,0.0485024452,-0.0916279554,0.1680319011,-0.1419336498,0.6136919260,0.5921065807,-0.5028818846,0.0000000000,0.0000000000,0.0000000000,0.0000000000,0.0000000000,0.0000000000,-0.8093508482,0.3242286444,-0.3750114441,0.9852388501,-0.1664388031,-0.0459454656,0.2550997734,0.6779996753,0.1326152235,-0.6766807437,
7016.466,0.1220740378,-0.0610370189,0.9765923023,0.0623798333,0.0042725913,-1.0101627111,-0.1535691470,-0.0452894680,-0.4359263778,-0.0005509667,0.0080962703,-0.0121516585,0.0311700385,0.0914960206,-0.9954281449,0.0047856527,0.2441480756,0.3662221134,0.3051851094,-0.3984496593,-0.8624531031,-0.2862636149,-0.3776970804,0.1215857416,-0.4898831248,0.0505189300,-0.0921574831,0.1668785512,-0.1418933868,0.6130638123,0.5924246907,-0.5032843947,0.2441480756,0.3662221134,0.3051851094,-0.3984496593,-0.8624531031,-0.2862636149,-0.3776970804,0.1215857416,-0.4898831248,0.0505189300,-0.0921574831,0.1668785512,-0.1418933868,0.6130638123,0.5924246907,-0.5032843947,0.0000000000,0.0000000000,0.0000000000,0.0000000000,0.0000000000,0.0000000000,-0.8115482330,0.3222754598,-0.3730582595,0.9852389097,-0.1664390266,-0.0459457636,0.2548696101,0.6780447364,0.1323844194,-0.6767675877,
7016.479,0.1220740378,0.0000000000,0.9765923023,0.0622577593,0.0028077029,-1.0102847815,-0.1514938772,-0.0439466536,-0.4317758679,-0.0006652772,0.0066303960,-0.0122732520,0.0311660226,0.0915356725,-0.9954246283,0.0047860472,0.2441480756,0.1831110567,0.1831110567,-0.3972289264,-0.8644062877,-0.2888271809,-0.3828241825,0.1197546348,-0.4841456413,0.0515469611,-0.0935347676,0.1635264158,-0.1418352872,0.6124056578,0.5927726030,-0.5036923289,0.2441480756,0.1831110567,0.1831110567,-0.3972289264,-0.8644062877,-0.2888271809,-0.3828241825,0.1197546348,-0.4841456413,0.0515469611,-0.0935347676,0.1635264158,-0.1418352872,0.6124056578,0.5927726030,-0.5036923289,0.0000000000,0.0000000000,0.0000000000,0.0000000000,0.0000000000,0.0000000000,-0.8115482330,0.3247169554,-0.3535264134,0.9852387905,-0.1664392799,-0.0459459424,0.2546797395,0.6780818105,0.1321939826,-0.6768391132,
7016.492,0.1831110567,0.0000000000,0.9155552983,0.0632343516,0.0041505173,-1.0110172033,-0.1544236541,-0.0437025055,-0.4328745306,0.0003144071,0.0079755709,-0.0130054355,0.0311642122,0.0915682539,-0.9954217076,0.0047881007,0.1220740378,-0.1831110567,0.1220740378,-0.4004028440,-0.8644062877,-0.2895596325,-0.3818475902,0.1219519675,-0.4832911193,0.0482138991,-0.0929751396,0.1619974077,-0.1417483240,0.6117357016,0.5931282640,-0.5041120052,0.1220740378,-0.1831110567,0.1220740378,-0.4004028440,-0.8644062877,-0.2895596325,-0.3818475902,0.1219519675,-0.4832911193,0.0482138991,-0.0929751396,0.1619974077,-0.1417483240,0.6117357016,0.5931282640,-0.5041120052,0.0000000000,0.0000000000,0.0000000000,0.0000000000,0.0000000000,0.0000000000,-0.8103274703,0.3242286444,-0.3730582595,0.9852388501,-0.1664395481,-0.0459461808,0.2544589043,0.6781249046,0.1319725364,-0.6769222617,
7016.505,0.1831110567,-0.0610370189,0.9765923023,0.0639667958,0.0029297769,-1.0107730627,-0.1501510739,-0.0412610248,-0.4322641790,0.0010569394,0.0067638741,-0.0127607584,0.0311587323,0.0915760100,-0.9954211116,0.0047923848,0.1220740378,-0.1831110567,0.1220740378,-0.4030884802,-0.8646504283,-0.2898037732,-0.3784295321,0.1223181859,-0.4848780930,0.0453799069,-0.0926682353,0.1609588563,-0.1416646689,0.6110801101,0.5934692621,-0.5045292974,0.1220740378,-0.1831110567,0.1220740378,-0.4030884802,-0.8646504283,-0.2898037732,-0.3784295321,0.1223181859,-0.4848780930,0.0453799069,-0.0926682353,0.1609588563,-0.1416646689,0.6110801101,0.5934692621,-0.5045292974,0.0000000000,0.0000000000,0.0000000000,0.0000000000,0.0000000000,0.0000000000,-0.8125247955,0.3212988675,-0.3535264134,0.9852387309,-0.1664397717,-0.0459462404,0.2542585731,0.6781638861,0.1317716688,-0.6769975424,
7016.518,0.1220740378,0.0000000000,0.9765923023,0.0636005774,0.0036622211,-1.0104068518,-0.1505172849,-0.0419934690,-0.4312875867,0.0006918088,0.0074910568,-0.0123944283,0.0311583523,0.0915924832,-0.9954196215,0.0047902297,0.1220740378,0.0000000000,0.1220740378,-0.4058961868,-0.8647724986,-0.2901699841,-0.3789178133,0.1218298897,-0.4790185392,0.0424205661,-0.0922488570,0.1598155797,-0.1415766627,0.6104273796,0.5938135386,-0.5049389005,0.1220740378,0.0000000000,0.1220740378,-0.4058961868,-0.8647724986,-0.2901699841,-0.3789178133,0.1218298897,-0.4790185392,0.0424205661,-0.0922488570,0.1598155797,-0.1415766627,0.6104273796,0.5938135386,-0.5049389005,0.0000000000,0.0000000000,0.0000000000,0.0000000000,0.0000000000,0.0000000000,-0.8098391891,0.3237403631,-0.3535264134,0.9852387309,-0.1664400101,-0.0459464788,0.2540694475,0.6782006621,0.1315820217,-0.6770686507,
7016.531,0.1220740378,0.0000000000,0.9765923023,0.0650654659,0.0032959990,-1.0094301701,-0.1522263288,-0.0445570238,-0.4358043075,0.0021502525,0.0071213958,-0.0114181638,0.0311615095,0.0916364267,-0.9954155087,0.0047901883,0.2441480756,0.2441480756,0.2441480756,-0.4030884802,-0.8639179468,-0.2890713215,-0.3794061244,0.1198767051,-0.4796288908,0.0450651944,-0.0908501148,0.1601415873,-0.1415075511,0.6097913384,0.5941415429,-0.5053406358,0.2441480756,0.2441480756,0.2441480756,-0.4030884802,-0.8639179468,-0.2890713215,-0.3794061244,0.1198767051,-0.4796288908,0.0450651944,-0.0908501148,0.1601415873,-0.1415075511,0.6097913384,0.5941415429,-0.5053406358,0.0000000000,0.0000000000,0.0000000000,0.0000000000,0.0000000000,0.0000000000,-0.8117923737,0.3276467323,-0.3554795980,0.9852387905,-0.1664402783,-0.0459467173,0.2538901269,0.6782354712,0.1314021945,-0.6771360040,
7016.544,0.1220740378,0.0000000000,0.9765923023,0.0632343516,0.0024414808,-1.0110172033,-0.1547898799,-0.0418713950,-0.4360484779,0.0003222674,0.0062676971,-0.0130049586,0.0311599150,0.0916371867,-0.9954153299,0.0047904779,0.2441480756,0.4272591472,0.2441480756,-0.4023560286,-0.8625751734,-0.2877285182,-0.3822138011,0.1210974455,-0.4821924567,0.0456212163,-0.0889644027,0.1607255638,-0.1414472610,0.6091639400,0.5944657922,-0.5057327747,0.2441480756,0.4272591472,0.2441480756,-0.4023560286,-0.8625751734,-0.2877285182,-0.3822138011,0.1210974455,-0.4821924567,0.0456212163,-0.0889644027,0.1607255638,-0.1414472610,0.6091639400,0.5944657922,-0.5057327747,0.0000000000,0.0000000000,0.0000000000,0.0000000000,0.0000000000,0.0000000000,-0.5000152588,0.3227637708,-0.3750114441,0.9852385521,-0.1664405763,-0.0459467769,0.2538583875,0.6782415509,0.1313701272,-0.6771479249,
7016.557,0.1220740378,0.0610370189,0.9765923023,0.0629902035,0.0030518509,-1.0107730627,-0.1524704695,-0.0457777642,-0.4360484779,0.0000716671,0.0068758675,-0.0127612352,0.0311629418,0.0916960463,-0.9954100251,0.0047915201,0.2441480756,0.4882961512,0.1831110567,-0.4006469846,-0.8618426919,-0.2878505886,-0.3803827167,0.1236610040,-0.4768211842,0.0471353233,-0.0876855850,0.1598552763,-0.1413901299,0.6085327268,0.5947975516,-0.5061184764,0.2441480756,0.4882961512,0.1831110567,-0.4006469846,-0.8618426919,-0.2878505886,-0.3803827167,0.1236610040,-0.4768211842,0.0471353233,-0.0876855850,0.1598552763,-0.1413901299,0.6085327268,0.5947975516,-0.5061184764,0.0000000000,0.0000000000,0.0000000000,0.0000000000,0.0000000000,0.0000000000,-0.8113040328,0.3271584213,-0.3535264134,0.9852386117,-0.1664408743,-0.0459471345,0.2536820173,0.6782757640,0.1311932504,-0.6772141457,
7016.570,0.1220740378,0.0000000000,0.9765923023,0.0650654659,0.0031739250,-1.0113834143,-0.1525925547,-0.0434583575,-0.4347056448,0.0021411777,0.0069951592,-0.0133719444,0.0311658066,0.0917241722,-0.9954071641,0.0047912807,0.1831110567,0.2441480756,0.0610370189,-0.3989379704,-0.8634296656,-0.2885830402,-0.3791619539,0.1245155185,-0.4808496237,0.0486424267,-0.0887205601,0.1583696008,-0.1413341314,0.6078954935,0.5951324701,-0.5065060258,0.1831110567,0.2441480756,0.0610370189,-0.3989379704,-0.8634296656,-0.2885830402,-0.3791619539,0.1245155185,-0.4808496237,0.0486424267,-0.0887205601,0.1583696008,-0.1413341314,0.6078954935,0.5951324701,-0.5065060258,0.0000000000,0.0000000000,0.0000000000,0.0000000000,0.0000000000,0.0000000000,-0.8093508482,0.3242286444,-0.3711050749,0.9852384925,-0.1664410979,-0.0459472537,0.2534695864,0.6783168316,0.1309802979,-0.6772937179,
7016.583,0.1220740378,0.0000000000,0.9765923023,0.0643330216,0.0035401471,-1.0110172033,-0.1561326981,-0.0404065065,-0.4381237328,0.0014064610,0.0073568015,-0.0130058527,0.0311672557,0.0917012841,-0.9954093695,0.0047883862,0.1831110567,0.1220740378,0.0610370189,-0.3990600407,-0.8647724986,-0.2887051105,-0.3795281947,0.1190221906,-0.4770653546,0.0483268797,-0.0895131230,0.1574869752,-0.1412678212,0.6072493792,0.5954725146,-0.5068997741,0.1831110567,0.1220740378,0.0610370189,-0.3990600407,-0.8647724986,-0.2887051105,-0.3795281947,0.1190221906,-0.4770653546,0.0483268797,-0.0895131230,0.1574869752,-0.1412678212,0.6072493792,0.5954725146,-0.5068997741,0.0000000000,0.0000000000,0.0000000000,0.0000000000,0.0000000000,0.0000000000,-0.8093508482,0.3271584213,-0.3711050749,0.9852383733,-0.1664413512,-0.0459473729,0.2532679737,0.6783557534,0.1307781786,-0.6773691773,
7016.596,0.1220740378,-0.0610370189,0.9765923023,0.0649433881,0.0039063692,-1.0107730627,-0.1544236541,-0.0450453199,-0.4353160262,0.0020221472,0.0077166543,-0.0127613544,0.0311646927,0.0917444453,-0.9954054356,0.0047863210,0.1220740378,-0.1831110567,0.0000000000,-0.4033326209,-0.8650166392,-0.2898037732,-0.3792840242,0.1241493002,-0.4837794006,0.0438929498,-0.0892207026,0.1556169689,-0.1411860138,0.6066045761,0.5958057046,-0.5073028207,0.1220740378,-0.1831110567,0.0000000000,-0.4033326209,-0.8650166392,-0.2898037732,-0.3792840242,0.1241493002,-0.4837794006,0.0438929498,-0.0892207026,0.1556169689,-0.1411860138,0.6066045761,0.5958057046,-0.5073028207,0.0000000000,0.0000000000,0.0000000000,0.0000000000,0.0000000000,0.0000000000,-0.8122806549,0.3222754598,-0.3711050749,0.9852384925,-0.1664416045,-0.0459476709,0.2530491650,0.6783979535,0.1305588484,-0.6774510741,
7016.609,0.1220740378,0.0000000000,0.9765923023,0.0643330216,0.0028077029,-1.0112613440,-0.1539353579,-0.0437025055,-0.4350718856,0.0014095753,0.0066170818,-0.0132497549,0.0311657004,0.0917714238,-0.9954029322,0.0047868155,0.1220740378,-0.3051851094,0.1831110567,-0.4062623978,-0.8640400171,-0.2885830402,-0.3817255199,0.1198767051,-0.4860988259,0.0408511758,-0.0877297521,0.1560539603,-0.1410842389,0.6059682965,0.5961242914,-0.5077171922,0.1220740378,-0.3051851094,0.1831110567,-0.4062623978,-0.8640400171,-0.2885830402,-0.3817255199,0.1198767051,-0.4860988259,0.0408511758,-0.0877297521,0.1560539603,-0.1410842389,0.6059682965,0.5961242914,-0.5077171922,0.0000000000,0.0000000000,0.0000000000,0.0000000000,0.0000000000,0.0000000000,-0.8091067076,0.3237403631,-0.3750114441,0.9852383733,-0.1664417982,-0.0459477901,0.2528323531,0.6784396172,0.1303415596,-0.6775320768,
7016.622,0.1220740378,0.0000000000,0.9765923023,0.0646992400,0.0032959990,-1.0110172033,-0.1572313607,-0.0454115421,-0.4366588295,0.0017717332,0.0071020625,-0.0130059123,0.0311676934,0.0918100178,-0.9953992963,0.0047865598,0.1220740378,-0.1220740378,0.3051851094,-0.4091921747,-0.8620868325,-0.2889492512,-0.3807489276,0.1214636713,-0.4834131896,0.0378266275,-0.0852845311,0.1549234390,-0.1409770250,0.6053503752,0.5964314938,-0.5081231594,0.1220740378,-0.1220740378,0.3051851094,-0.4091921747,-0.8620868325,-0.2889492512,-0.3807489276,0.1214636713,-0.4834131896,0.0378266275,-0.0852845311,0.1549234390,-0.1409770250,0.6053503752,0.5964314938,-0.5081231594,0.0000000000,0.0000000000,0.0000000000,0.0000000000,0.0000000000,0.0000000000,-0.8103274703,0.3261818290,-0.3711050749,0.9852383733,-0.1664420366,-0.0459480882,0.2526299655,0.6784785390,0.1301387101,-0.6776076555,
7016.635,0.1220740378,0.0000000000,0.9155552983,0.0637226477,0.0029297769,-1.0111392736,-0.1547898799,-0.0443128757,-0.4339731932,0.0007958934,0.0067336820,-0.0131279230,0.0311672352,0.0918476060,-0.9953958392,0.0047866269,0.2441480756,0.2441480756,0.4272591472,-0.4078493714,-0.8622089028,-0.2872402072,-0.3807489276,0.1217078194,-0.4799951315,0.0390589237,-0.0849117041,0.1558771133,-0.1408887804,0.6047483087,0.5967255831,-0.5085191131,0.2441480756,0.2441480756,0.4272591472,-0.4078493714,-0.8622089028,-0.2872402072,-0.3807489276,0.1217078194,-0.4799951315,0.0390589237,-0.0849117041,0.1558771133,-0.1408887804,0.6047483087,0.5967255831,-0.5085191131,0.0000000000,0.0000000000,0.0000000000,0.0000000000,0.0000000000,0.0000000000,-0.8103274703,0.3256935477,-0.3691518903,0.9852381945,-0.1664422601,-0.0459481478,0.2524299324,0.6785168648,0.1299382448,-0.6776822209,
7016.648,0.1220740378,-0.0610370189,0.9155552983,0.0637226477,0.0026856288,-1.0099185705,-0.1525925547,-0.0430921353,-0.4336069822,0.0008068904,0.0064885765,-0.0119065046,0.0311616603,0.0918758437,-0.9953935146,0.0047865268,0.3662221134,0.7934812307,0.6103702188,-0.4036988318,-0.8603778481,-0.2862636149,-0.3828241825,0.1214636713,-0.4840235710,0.0430684984,-0.0825864077,0.1561286151,-0.1408357620,0.6041815281,0.5969959497,-0.5088901520,0.3662221134,0.7934812307,0.6103702188,-0.4036988318,-0.8603778481,-0.2862636149,-0.3828241825,0.1214636713,-0.4840235710,0.0430684984,-0.0825864077,0.1561286151,-0.1408357620,0.6041815281,0.5969959497,-0.5088901520,0.0000000000,0.0000000000,0.0000000000,0.0000000000,0.0000000000,0.0000000000,-0.8095950484,0.3252052367,-0.3730582595,0.9852382541,-0.1664424986,-0.0459484458,0.2522237003,0.6785563827,0.1297315657,-0.6777591109,
7016.661,0.1220740378,-0.0610370189,0.9765923023,0.0637226477,0.0036622211,-1.0117496252,-0.1527146250,-0.0460219122,-0.4378795624,0.0008184686,0.0074600871,-0.0137367845,0.0311558377,0.0919356346,-0.9953880310,0.0047853347,0.4272591472,0.8545182943,0.6103702188,-0.4006469846,-0.8614764810,-0.2855311632,-0.3807489276,0.1239051521,-0.4817041457,0.0459614992,-0.0831803083,0.1561334133,-0.1407958716,0.6036157608,0.5972634554,-0.5092585087,0.4272591472,0.8545182943,0.6103702188,-0.4006469846,-0.8614764810,-0.2855311632,-0.3807489276,0.1239051521,-0.4817041457,0.0459614992,-0.0831803083,0.1561334133,-0.1407958716,0.6036157608,0.5972634554,-0.5092585087,0.0000000000,0.0000000000,0.0000000000,0.0000000000,0.0000000000,0.0000000000,-0.8122806549,0.3222754598,-0.3535264134,0.9852380157,-0.1664426774,-0.0459483266,0.2520377338,0.6785918474,0.1295452118,-0.6778282523,
7016.674,0.1220740378,-0.0610370189,0.9765923023,0.0642109439,0.0035401471,-1.0104068518,-0.1550340354,-0.0430921353,-0.4348277152,0.0013154298,0.0073335362,-0.0123934746,0.0311516467,0.0919506624,-0.9953868985,0.0047831745,0.4272591472,0.7324442267,0.6103702188,-0.3991821110,-0.8631855249,-0.2871181369,-0.3780632913,0.1215857416,-0.4804834127,0.0472672582,-0.0843852758,0.1538183689,-0.1407561898,0.6030505300,0.5975295305,-0.5096267462,0.4272591472,0.7324442267,0.6103702188,-0.3991821110,-0.8631855249,-0.2871181369,-0.3780632913,0.1215857416,-0.4804834127,0.0472672582,-0.0843852758,0.1538183689,-0.1407561898,0.6030505300,0.5975295305,-0.5096267462,0.0000000000,0.0000000000,0.0000000000,0.0000000000,0.0000000000,0.0000000000,-0.8105716109,0.3256935477,-0.3691518903,0.9852380753,-0.1664429605,-0.0459486842,0.2518404722,0.6786295176,0.1293475181,-0.6779016852,
7016.687,0.1220740378,-0.0610370189,0.9765923023,0.0639667958,0.0035401471,-1.0115054846,-0.1510055810,-0.0432142094,-0.4334849119,0.0010814667,0.0073290975,-0.0134914517,0.0311466344,0.0919797271,-0.9953843355,0.0047814036,0.2441480756,-0.0610370189,0.5493331552,-0.3995483220,-0.8652607799,-0.2895596325,-0.3775750101,0.1220740378,-0.4837794006,0.0467912853,-0.0859710574,0.1506229341,-0.1406734735,0.6024593115,0.5978103876,-0.5100193024,0.2441480756,-0.0610370189,0.5493331552,-0.3995483220,-0.8652607799,-0.2895596325,-0.3775750101,0.1220740378,-0.4837794006,0.0467912853,-0.0859710574,0.1506229341,-0.1406734735,0.6024593115,0.5978103876,-0.5100193024,0.0000000000,0.0000000000,0.0000000000,0.0000000000,0.0000000000,0.0000000000,-0.8093508482,0.3208105862,-0.3691518903,0.9852380753,-0.1664431989,-0.0459488034,0.2516284883,0.6786699295,0.1291351169,-0.6779804826,
7016.700,0.1220740378,-0.0610370189,0.9765923023,0.0642109439,0.0028077029,-1.0106509924,-0.1521042585,-0.0482192449,-0.4337290525,0.0013342798,0.0065958430,-0.0126364231,0.0311419163,0.0920707285,-0.9953760505,0.0047834474,0.2441480756,-0.3051851094,0.5493331552,-0.4023560286,-0.8642842174,-0.2891933918,-0.3792840242,0.1210974455,-0.4801172018,0.0439061821,-0.0845142007,0.1502169967,-0.1405645460,0.6018531322,0.5980980396,-0.5104276538,0.2441480756,-0.3051851094,0.5493331552,-0.4023560286,-0.8642842174,-0.2891933918,-0.3792840242,0.1210974455,-0.4801172018,0.0439061821,-0.0845142007,0.1502169967,-0.1405645460,0.6018531322,0.5980980396,-0.5104276538,0.0000000000,0.0000000000,0.0000000000,0.0000000000,0.0000000000,0.0000000000,-0.8120365143,0.3247169554,-0.3691518903,0.9852380753,-0.1664434820,-0.0459491014,0.2514289916,0.6787078977,0.1289352030,-0.6780545712,
7016.713,0.1220740378,0.0000000000,0.9765923023,0.0642109439,0.0039063692,-1.0115054846,-0.1519821733,-0.0472426526,-0.4375133514,0.0013325289,0.0076882876,-0.0134909749,0.0311427023,0.0921480656,-0.9953688383,0.0047828490,0.1831110567,-0.2441480756,0.6103702188,-0.4057741165,-0.8642842174,-0.2905362248,-0.3816034496,0.1193884090,-0.4858546853,0.0404270589,-0.0840556622,0.1481218934,-0.1404507011,0.6012653112,0.5983747244,-0.5108273029,0.1831110567,-0.2441480756,0.6103702188,-0.4057741165,-0.8642842174,-0.2905362248,-0.3816034496,0.1193884090,-0.4858546853,0.0404270589,-0.0840556622,0.1481218934,-0.1404507011,0.6012653112,0.5983747244,-0.5108273029,0.0000000000,0.0000000000,0.0000000000,0.0000000000,0.0000000000,0.0000000000,-0.8113040328,0.3271584213,-0.3750114441,0.9852379560,-0.1664436758,-0.0459492207,0.2512300014,0.6787456274,0.1287358403,-0.6781283617,
7016.726,0.1831110567,-0.0610370189,0.9765923023,0.0636005774,0.0019531846,-1.0097965002,-0.1554002464,-0.0427259132,-0.4303109944,0.0007335171,0.0057491707,-0.0117813349,0.0311363470,0.0921574160,-0.9953682423,0.0047896230,0.3662221134,0.4882961512,0.7324442267,-0.4071169198,-0.8631855249,-0.2896817029,-0.3792840242,0.1207312271,-0.4828028083,0.0389918685,-0.0824993849,0.1482562125,-0.1403760016,0.6007174253,0.5986241102,-0.5112001896,0.3662221134,0.4882961512,0.7324442267,-0.4071169198,-0.8631855249,-0.2896817029,-0.3792840242,0.1207312271,-0.4828028083,0.0389918685,-0.0824993849,0.1482562125,-0.1403760016,0.6007174253,0.5986241102,-0.5112001896,0.0000000000,0.0000000000,0.0000000000,0.0000000000,0.0000000000,0.0000000000,-0.8115482330,0.3281350136,-0.3750114441,0.9852380157,-0.1664439142,-0.0459495187,0.2510350943,0.6787825823,0.1285405606,-0.6782006621,
7016.739,0.1220740378,-0.0610370189,0.9765923023,0.0636005774,0.0037842952,-1.0112613440,-0.1539353579,-0.0445570238,-0.4354380965,0.0007452890,0.0075746160,-0.0132454038,0.0311305672,0.0921936184,-0.9953650236,0.0047873892,0.4882961512,0.9765923023,0.7934812307,-0.4055299461,-0.8624531031,-0.2887051105,-0.3819696605,0.1236610040,-0.4873195589,0.0404533446,-0.0813039541,0.1485348940,-0.1403343529,0.6001955271,0.5988560915,-0.5115528107,0.4882961512,0.9765923023,0.7934812307,-0.4055299461,-0.8624531031,-0.2887051105,-0.3819696605,0.1236610040,-0.4873195589,0.0404533446,-0.0813039541,0.1485348940,-0.1403343529,0.6001955271,0.5988560915,-0.5115528107,0.0000000000,0.0000000000,0.0000000000,0.0000000000,0.0000000000,0.0000000000,-0.8122806549,0.3320413828,-0.3691518903,0.9852377772,-0.1664441228,-0.0459495783,0.2508627772,0.6788151264,0.1283679008,-0.6782644391,
7016.752,0.1831110567,-0.0610370189,0.9765923023,0.0634784997,0.0037842952,-1.0113834143,-0.1540574431,-0.0437025055,-0.4345835745,0.0006355494,0.0075796116,-0.0133666992,0.0311240647,0.0922185630,-0.9953628778,0.0047900868,0.5493331552,1.3428144455,0.7324442267,-0.4017456472,-0.8626972437,-0.2876064479,-0.3773308396,0.1226844117,-0.4792626798,0.0440613925,-0.0810688138,0.1489565670,-0.1403221041,0.5996811390,0.5990887880,-0.5118868947,0.5493331552,1.3428144455,0.7324442267,-0.4017456472,-0.8626972437,-0.2876064479,-0.3773308396,0.1226844117,-0.4792626798,0.0440613925,-0.0810688138,0.1489565670,-0.1403221041,0.5996811390,0.5990887880,-0.5118868947,0.0000000000,0.0000000000,0.0000000000,0.0000000000,0.0000000000,0.0000000000,-0.8093508482,0.3291116059,-0.3711050749,0.9852377772,-0.1664444059,-0.0459498167,0.2506803572,0.6788496375,0.1281851232,-0.6783319712,
7016.765,0.1220740378,-0.0610370189,0.9765923023,0.0644550920,0.0021973327,-1.0110172033,-0.1545457393,-0.0418713950,-0.4337290525,0.0016195178,0.0059948144,-0.0130000710,0.0311202947,0.0922179148,-0.9953629971,0.0047908043,0.4882961512,1.0986663103,0.6714072227,-0.3950316012,-0.8625751734,-0.2877285182,-0.3798944056,0.1247596666,-0.4836573303,0.0505827367,-0.0804575682,0.1481551230,-0.1403094977,0.5991529822,0.5993337035,-0.5122220516,0.4882961512,1.0986663103,0.6714072227,-0.3950316012,-0.8625751734,-0.2877285182,-0.3798944056,0.1247596666,-0.4836573303,0.0505827367,-0.0804575682,0.1481551230,-0.1403094977,0.5991529822,0.5993337035,-0.5122220516,0.0000000000,0.0000000000,0.0000000000,0.0000000000,0.0000000000,0.0000000000,-0.8122806549,0.3276467323,-0.3535264134,0.9852377772,-0.1664447039,-0.0459500551,0.2505205274,0.6788797975,0.1280249357,-0.6783910990,
7016.778,0.1220740378,-0.0610370189,0.9765923023,0.0650654659,0.0031739250,-1.0105289221,-0.1523483992,-0.0405285805,-0.4326303899,0.0022340491,0.0069687306,-0.0125115514,0.0311183985,0.0922062546,-0.9953642488,0.0047889142,0.3662221134,0.6714072227,0.5493331552,-0.3949095011,-0.8631855249,-0.2885830402,-0.3813593090,0.1242713705,-0.4797509611,0.0505263805,-0.0805822015,0.1466107965,-0.1402658522,0.5985944271,0.5996038914,-0.5125705600,0.3662221134,0.6714072227,0.5493331552,-0.3949095011,-0.8631855249,-0.2885830402,-0.3813593090,0.1242713705,-0.4797509611,0.0505263805,-0.0805822015,0.1466107965,-0.1402658522,0.5985944271,0.5996038914,-0.5125705600,0.0000000000,0.0000000000,0.0000000000,0.0000000000,0.0000000000,0.0000000000,-0.8113040328,0.3271584213,-0.3730582595,0.9852375984,-0.1664449275,-0.0459501743,0.2503289580,0.6789158583,0.1278330386,-0.6784618497,
7016.791,0.1220740378,-0.0610370189,0.9765923023,0.0632343516,0.0032959990,-1.0107730627,-0.1546678096,-0.0417493209,-0.4340952933,0.0004161745,0.0070875413,-0.0127547979,0.0311119612,0.0922037512,-0.9953646660,0.0047865980,0.3051851094,0.2441480756,0.4882961512,-0.3975951374,-0.8625751734,-0.2895596325,-0.3780632913,0.1253700405,-0.4803613424,0.0476982892,-0.0794968605,0.1449253857,-0.1401996613,0.5980275869,0.5998739600,-0.5129342675,0.3051851094,0.2441480756,0.4882961512,-0.3975951374,-0.8625751734,-0.2895596325,-0.3780632913,0.1253700405,-0.4803613424,0.0476982892,-0.0794968605,0.1449253857,-0.1401996613,0.5980275869,0.5998739600,-0.5129342675,0.0000000000,0.0000000000,0.0000000000,0.0000000000,0.0000000000,0.0000000000,-0.8122806549,0.3261818290,-0.3535264134,0.9852377772,-0.1664452106,-0.0459505320,0.2501658201,0.6789466143,0.1276695579,-0.6785221696,
7016.804,0.1220740378,0.0000000000,0.9765923023,0.0636005774,0.0039063692,-1.0111392736,-0.1544236541,-0.0456556901,-0.4317758679,0.0007832423,0.0076916553,-0.0131208897,0.0311115887,0.0922534466,-0.9953600764,0.0047849962,0.1831110567,0.0610370189,0.3051851094,-0.4005249143,-0.8645283580,-0.2922452390,-0.3798944056,0.1251258850,-0.4824365973,0.0446218252,-0.0809807181,0.1415438354,-0.1401208192,0.5974502563,0.6001591086,-0.5132948756,0.1831110567,0.0610370189,0.3051851094,-0.4005249143,-0.8645283580,-0.2922452390,-0.3798944056,0.1251258850,-0.4824365973,0.0446218252,-0.0809807181,0.1415438354,-0.1401208192,0.5974502563,0.6001591086,-0.5132948756,0.0000000000,0.0000000000,0.0000000000,0.0000000000,0.0000000000,0.0000000000,-0.8095950484,0.3291116059,-0.3750114441,0.9852375984,-0.1664454341,-0.0459506512,0.2499805391,0.6789813638,0.1274839640,-0.6785904765,
7016.817,0.1220740378,-0.0610370189,0.9765923023,0.0625019073,0.0035401471,-1.0106509924,-0.1546678096,-0.0439466536,-0.4312875867,-0.0002986938,0.0073210066,-0.0126315951,0.0311033241,0.0922801048,-0.9953578711,0.0047828504,0.1831110567,0.2441480756,0.3051851094,-0.4004028440,-0.8663594723,-0.2920010984,-0.3800164759,0.1226844117,-0.4799951315,0.0445806384,-0.0823419094,0.1411063373,-0.1400507092,0.5968787670,0.6004438400,-0.5136458874,0.1831110567,0.2441480756,0.3051851094,-0.4004028440,-0.8663594723,-0.2920010984,-0.3800164759,0.1226844117,-0.4799951315,0.0445806384,-0.0823419094,0.1411063373,-0.1400507092,0.5968787670,0.6004438400,-0.5136458874,0.0000000000,0.0000000000,0.0000000000,0.0000000000,0.0000000000,0.0000000000,-0.8122806549,0.3271584213,-0.3711050749,0.9852375984,-0.1664457023,-0.0459508896,0.2497940361,0.6790163517,0.1272971481,-0.6786592603,
7016.830,0.1220740378,0.0000000000,0.9155552983,0.0637226477,0.0026856288,-1.0100406408,-0.1551561058,-0.0438245796,-0.4339731932,0.0009218231,0.0064656269,-0.0120212436,0.0311033409,0.0923081860,-0.9953552485,0.0047833091,0.1220740378,0.3662221134,0.1831110567,-0.4002807736,-0.8677022457,-0.2922452390,-0.3764763474,0.1195104867,-0.4841456413,0.0445111990,-0.0832110047,0.1402011216,-0.1400033534,0.5963238478,0.6007199287,-0.5139804482,0.1220740378,0.3662221134,0.1831110567,-0.4002807736,-0.8677022457,-0.2922452390,-0.3764763474,0.1195104867,-0.4841456413,0.0445111990,-0.0832110047,0.1402011216,-0.1400033534,0.5963238478,0.6007199287,-0.5139804482,0.0000000000,0.0000000000,0.0000000000,0.0000000000,0.0000000000,0.0000000000,-0.8108157516,0.3232520521,-0.3730582595,0.9852374792,-0.1664459109,-0.0459510684,0.2495932728,0.6790539026,0.1270960867,-0.6787331700,
7016.843,0.1831110567,0.0000000000,0.9765923023,0.0640888736,0.0028077029,-1.0110172033,-0.1563768387,-0.0426038392,-0.4311655164,0.0012863502,0.0065975576,-0.0129979253,0.0311037078,0.0923122540,-0.9953549504,0.0047884230,0.0610370189,0.1831110567,0.0000000000,-0.3979613781,-0.8647724986,-0.2894375324,-0.3789178133,0.1202429309,-0.4806054831,0.0466260314,-0.0797958374,0.1423378587,-0.1399447769,0.5957410932,0.6010186076,-0.5143226385,0.0610370189,0.1831110567,0.0000000000,-0.3979613781,-0.8647724986,-0.2894375324,-0.3789178133,0.1202429309,-0.4806054831,0.0466260314,-0.0797958374,0.1423378587,-0.1399447769,0.5957410932,0.6010186076,-0.5143226385,0.0000000000,0.0000000000,0.0000000000,0.0000000000,0.0000000000,0.0000000000,-0.8091067076,0.3281350136,-0.3574327826,0.9852375388,-0.1664461792,-0.0459513664,0.2494359761,0.6790833473,0.1269385070,-0.6787911057,
7016.856,0.1831110567,0.0000000000,0.9765923023,0.0650654659,0.0039063692,-1.0110172033,-0.1552781761,-0.0419934690,-0.4304330647,0.0022564977,0.0077006039,-0.0129983425,0.0311067309,0.0923117250,-0.9953547120,0.0047908882,0.0000000000,-0.1220740378,-0.0610370189,-0.3985717297,-0.8639179468,-0.2879726589,-0.3802606165,0.1231727079,-0.4839015007,0.0458319187,-0.0784581304,0.1431132853,-0.1398704797,0.5951467752,0.6013207436,-0.5146778226,0.0000000000,-0.1220740378,-0.0610370189,-0.3985717297,-0.8639179468,-0.2879726589,-0.3802606165,0.1231727079,-0.4839015007,0.0458319187,-0.0784581304,0.1431132853,-0.1398704797,0.5951467752,0.6013207436,-0.5146778226,0.0000000000,0.0000000000,0.0000000000,0.0000000000,0.0000000000,0.0000000000,-0.8103274703,0.3271584213,-0.3691518903,0.9852373600,-0.1664464176,-0.0459514260,0.2492564172,0.6791168451,0.1267586648,-0.6788570881,
7016.869,0.1220740378,0.0000000000,0.9765923023,0.0644550920,0.0029297769,-1.0106509924,-0.1546678096,-0.0440687276,-0.4361705482,0.0016425475,0.0067225560,-0.0126323700,0.0311084464,0.0923383981,-0.9953523278,0.0047911615,-0.0610370189,-0.3051851094,0.0000000000,-0.3991821110,-0.8612323403,-0.2877285182,-0.3775750101,0.1213415936,-0.4769432545,0.0450673401,-0.0753065944,0.1426669061,-0.1397722214,0.5945471525,0.6016266942,-0.5150398016,-0.0610370189,-0.3051851094,0.0000000000,-0.3991821110,-0.8612323403,-0.2877285182,-0.3775750101,0.1213415936,-0.4769432545,0.0450673401,-0.0753065944,0.1426669061,-0.1397722214,0.5945471525,0.6016266942,-0.5150398016,0.0000000000,0.0000000000,0.0000000000,0.0000000000,0.0000000000,0.0000000000,-0.8105716109,0.3266701400,-0.3730582595,0.9852373600,-0.1664466709,-0.0459516048,0.2490698695,0.6791516542,0.1265718490,-0.6789256334,
7016.882,0.1220740378,0.0000000000,0.9765923023,0.0639667958,0.0037842952,-1.0113834143,-0.1564989239,-0.0440687276,-0.4348277152,0.0011533424,0.0075714178,-0.0133648515,0.0311090574,0.0923598334,-0.9953503013,0.0047890563,-0.1220740378,-0.6714072227,-0.1220740378,-0.4001587033,-0.8612323403,-0.2872402072,-0.3785516024,0.1171910763,-0.4850001633,0.0439522862,-0.0748396516,0.1424450874,-0.1396663785,0.5939409137,0.6019303203,-0.5154131055,-0.1220740378,-0.6714072227,-0.1220740378,-0.4001587033,-0.8612323403,-0.2872402072,-0.3785516024,0.1171910763,-0.4850001633,0.0439522862,-0.0748396516,0.1424450874,-0.1396663785,0.5939409137,0.6019303203,-0.5154131055,0.0000000000,0.0000000000,0.0000000000,0.0000000000,0.0000000000,0.0000000000,-0.8115482330,0.3261818290,-0.3730582595,0.9852373004,-0.1664469242,-0.0459517837,0.2488819659,0.6791865826,0.1263836771,-0.6789945960,
7016.895,0.1220740378,0.0000000000,0.9765923023,0.0636005774,0.0037842952,-1.0113834143,-0.1536912173,-0.0429700613,-0.4316537976,0.0007880181,0.0075657889,-0.0133647919,0.0311087929,0.0923760533,-0.9953488111,0.0047867182,-0.1220740378,-0.7934812307,-0.1220740378,-0.4019898176,-0.8622089028,-0.2885830402,-0.3798944056,0.1191442609,-0.4830469787,0.0419968069,-0.0753566623,0.1403893232,-0.1395458877,0.5933275819,0.6022389531,-0.5157914162,-0.1220740378,-0.7934812307,-0.1220740378,-0.4019898176,-0.8622089028,-0.2885830402,-0.3798944056,0.1191442609,-0.4830469787,0.0419968069,-0.0753566623,0.1403893232,-0.1395458877,0.5933275819,0.6022389531,-0.5157914162,0.0000000000,0.0000000000,0.0000000000,0.0000000000,0.0000000000,0.0000000000,-0.8103274703,0.3247169554,-0.3730582595,0.9852373004,-0.1664471775,-0.0459520221,0.2486908734,0.6792221069,0.1261923313,-0.6790646911,
7016.908,0.1220740378,0.0000000000,0.9765923023,0.0644550920,0.0025635548,-1.0111392736,-0.1546678096,-0.0482192449,-0.4353160262,0.0016391501,0.0063454728,-0.0131208301,0.0311100762,0.0924562365,-0.9953413010,0.0047895927,-0.1220740378,-0.8545182943,-0.0610370189,-0.4033326209,-0.8628193140,-0.2885830402,-0.3778191507,0.1198767051,-0.4829249084,0.0405472815,-0.0755167007,0.1396731734,-0.1394212842,0.5927220583,0.6025378704,-0.5161720514,-0.1220740378,-0.8545182943,-0.0610370189,-0.4033326209,-0.8628193140,-0.2885830402,-0.3778191507,0.1198767051,-0.4829249084,0.0405472815,-0.0755167007,0.1396731734,-0.1394212842,0.5927220583,0.6025378704,-0.5161720514,0.0000000000,0.0000000000,0.0000000000,0.0000000000,0.0000000000,0.0000000000,-0.8115482330,0.3281350136,-0.3730582595,0.9852372408,-0.1664474308,-0.0459522605,0.2485113442,0.6792554259,0.1260125488,-0.6791304946,
7016.921,0.1220740378,0.0000000000,0.9765923023,0.0645771697,0.0037842952,-1.0111392736,-0.1555223316,-0.0440687276,-0.4344615042,0.0017572567,0.0075606070,-0.0131210685,0.0311121996,0.0924801379,-0.9953390360,0.0047877319,-0.1220740378,-0.8545182943,0.0610370189,-0.4062623978,-0.8642842174,-0.2880947292,-0.3786736727,0.1175573021,-0.4798730314,0.0375379026,-0.0765458941,0.1394427717,-0.1392828077,0.5921204090,0.6028313041,-0.5165573955,-0.1220740378,-0.8545182943,0.0610370189,-0.4062623978,-0.8642842174,-0.2880947292,-0.3786736727,0.1175573021,-0.4798730314,0.0375379026,-0.0765458941,0.1394427717,-0.1392828077,0.5921204090,0.6028313041,-0.5165573955,0.0000000000,0.0000000000,0.0000000000,0.0000000000,0.0000000000,0.0000000000,-0.8110598922,0.3256935477,-0.3750114441,0.9852371812,-0.1664476991,-0.0459524393,0.2483218610,0.6792905331,0.1258228272,-0.6791998744,
7016.934,0.1220740378,0.0000000000,0.9765923023,0.0640888736,0.0034180731,-1.0108951330,-0.1562547684,-0.0411389507,-0.4358043075,0.0012673363,0.0071906107,-0.0128769875,0.0311132632,0.0924635157,-0.9953405261,0.0047854078,-0.1220740378,-0.7934812307,0.1220740378,-0.4079714417,-0.8626972437,-0.2883388698,-0.3789178133,0.1217078194,-0.4801172018,0.0357622206,-0.0745370388,0.1384898126,-0.1391395181,0.5915289521,0.6031177640,-0.5169389248,-0.1220740378,-0.7934812307,0.1220740378,-0.4079714417,-0.8626972437,-0.2883388698,-0.3789178133,0.1217078194,-0.4801172018,0.0357622206,-0.0745370388,0.1384898126,-0.1391395181,0.5915289521,0.6031177640,-0.5169389248,0.0000000000,0.0000000000,0.0000000000,0.0000000000,0.0000000000,0.0000000000,-0.8095950484,0.3271584213,-0.3750114441,0.9852369428,-0.1664479077,-0.0459523201,0.2481390536,0.6793242693,0.1256398112,-0.6792666316,
7016.947,0.1220740378,0.0000000000,0.9765923023,0.0646992400,0.0042725913,-1.0106509924,-0.1571092904,-0.0433362834,-0.4384899437,0.0018730089,0.0080371490,-0.0126330853,0.0311159324,0.0924723968,-0.9953396320,0.0047819293,-0.0610370189,-0.5493331552,0.3051851094,-0.4084597230,-0.8611102700,-0.2880947292,-0.3819696605,0.1202429309,-0.4840235710,0.0352191925,-0.0725431442,0.1380391419,-0.1390026808,0.5909622312,0.6033852696,-0.5173116326,-0.0610370189,-0.5493331552,0.3051851094,-0.4084597230,-0.8611102700,-0.2880947292,-0.3819696605,0.1202429309,-0.4840235710,0.0352191925,-0.0725431442,0.1380391419,-0.1390026808,0.5909622312,0.6033852696,-0.5173116326,0.0000000000,0.0000000000,0.0000000000,0.0000000000,0.0000000000,0.0000000000,-0.8125247955,0.3261818290,-0.3711050749,0.9852371216,-0.1664482057,-0.0459527373,0.2479581237,0.6793577671,0.1254586428,-0.6793328524,
7016.960,0.1220740378,0.0000000000,0.9765923023,0.0640888736,0.0024414808,-1.0112613440,-0.1584521085,-0.0432142094,-0.4350718856,0.0012611598,0.0062071518,-0.0132436156,0.0311165992,0.0924764872,-0.9953392148,0.0047826804,0.1831110567,0.3051851094,0.3662221134,-0.4068727791,-0.8607440591,-0.2877285182,-0.3823359013,0.1221961156,-0.4741355777,0.0366907120,-0.0717558861,0.1377461255,-0.1389086097,0.5904182792,0.6036446691,-0.5176553726,0.1831110567,0.3051851094,0.3662221134,-0.4068727791,-0.8607440591,-0.2877285182,-0.3823359013,0.1221961156,-0.4741355777,0.0366907120,-0.0717558861,0.1377461255,-0.1389086097,0.5904182792,0.6036446691,-0.5176553726,0.0000000000,0.0000000000,0.0000000000,0.0000000000,0.0000000000,0.0000000000,-0.4997711182,0.3276467323,-0.3730582595,0.9852368832,-0.1664485782,-0.0459527969,0.2479748875,0.6793546081,0.1254751086,-0.6793267727,
7016.973,0.1220740378,0.0000000000,0.9765923023,0.0645771697,0.0051271096,-1.0112613440,-0.1606494337,-0.0417493209,-0.4355601668,0.0017455667,0.0088806320,-0.0132437348,0.0311191957,0.0924558863,-0.9953411818,0.0047761649,0.2441480756,0.7324442267,0.4272591472,-0.4051637352,-0.8598895073,-0.2880947292,-0.3780632913,0.1186559647,-0.4790185392,0.0382554233,-0.0704818368,0.1367520988,-0.1388546973,0.5899160504,0.6038756371,-0.5179729462,0.2441480756,0.7324442267,0.4272591472,-0.4051637352,-0.8598895073,-0.2880947292,-0.3780632913,0.1186559647,-0.4790185392,0.0382554233,-0.0704818368,0.1367520988,-0.1388546973,0.5899160504,0.6038756371,-0.5179729462,0.0000000000,0.0000000000,0.0000000000,0.0000000000,0.0000000000,0.0000000000,-0.8100833297,0.3300881982,-0.3691518903,0.9852369428,-0.1664488465,-0.0459530354,0.2478124350,0.6793845892,0.1253124326,-0.6793861389,
7016.986,0.1220740378,0.0000000000,0.9765923023,0.0633564293,0.0047608875,-1.0105289221,-0.1573534310,-0.0407727286,-0.4329966009,0.0005267709,0.0085041076,-0.0125111938,0.0311188214,0.0924324393,-0.9953432083,0.0047702123,0.3051851094,0.9765923023,0.4272591472,-0.4029664099,-0.8622089028,-0.2869960666,-0.3792840242,0.1198767051,-0.4765770435,0.0402790606,-0.0723699927,0.1372303367,-0.1388178319,0.5894156098,0.6041073799,-0.5182821751,0.3051851094,0.9765923023,0.4272591472,-0.4029664099,-0.8622089028,-0.2869960666,-0.3792840242,0.1198767051,-0.4765770435,0.0402790606,-0.0723699927,0.1372303367,-0.1388178319,0.5894156098,0.6041073799,-0.5182821751,0.0000000000,0.0000000000,0.0000000000,0.0000000000,0.0000000000,0.0000000000,-0.8113040328,0.3276467323,-0.3730582595,0.9852368832,-0.1664490551,-0.0459533334,0.2476357073,0.6794171333,0.1251355112,-0.6794506907,
7016.999,0.1220740378,-0.0610370189,0.9765923023,0.0644550920,0.0032959990,-1.0112613440,-0.1627246886,-0.0417493209,-0.4288460910,0.0016327724,0.0070362217,-0.0132431388,0.0311154127,0.0924079642,-0.9953458309,0.0047676126,0.3662221134,1.0376293659,0.1831110567,-0.3968626857,-0.8637958765,-0.2893154621,-0.3830683231,0.1186559647,-0.4790185392,0.0461418629,-0.0734948516,0.1343020201,-0.1388066113,0.5889001489,0.6043580174,-0.5185788274,0.3662221134,1.0376293659,0.1831110567,-0.3968626857,-0.8637958765,-0.2893154621,-0.3830683231,0.1186559647,-0.4790185392,0.0461418629,-0.0734948516,0.1343020201,-0.1388066113,0.5889001489,0.6043580174,-0.5185788274,0.0000000000,0.0000000000,0.0000000000,0.0000000000,0.0000000000,0.0000000000,-0.8117923737,0.3281350136,-0.3730582595,0.9852367043,-0.1664492786,-0.0459533334,0.2474611402,0.6794492006,0.1249607652,-0.6795142889,
7017.012,0.1220740378,0.0000000000,0.9155552983,0.0645771697,0.0040284432,-1.0105289221,-0.1596728414,-0.0439466536,-0.4245735109,0.0017506853,0.0077613820,-0.0125109553,0.0311177392,0.0924261510,-0.9953439236,0.0047647473,0.3051851094,0.7324442267,0.1831110567,-0.3958860934,-0.8644062877,-0.2898037732,-0.3801385462,0.1182897463,-0.4812158644,0.0468957126,-0.0736486316,0.1331942976,-0.1387863308,0.5883831382,0.6046053767,-0.5188827515,0.3051851094,0.7324442267,0.1831110567,-0.3958860934,-0.8644062877,-0.2898037732,-0.3801385462,0.1182897463,-0.4812158644,0.0468957126,-0.0736486316,0.1331942976,-0.1387863308,0.5883831382,0.6046053767,-0.5188827515,0.0000000000,0.0000000000,0.0000000000,0.0000000000,0.0000000000,0.0000000000,-0.8122806549,0.3300881982,-0.3750114441,0.9852368236,-0.1664495468,-0.0459535718,0.2472905964,0.6794805527,0.1247900352,-0.6795764565,
7017.025,0.1220740378,-0.0610370189,0.9765923023,0.0645771697,0.0031739250,-1.0104068518,-0.1554002464,-0.0435804315,-0.4292123318,0.0017571524,0.0069045085,-0.0123885274,0.0311145280,0.0924457312,-0.9953423142,0.0047638859,0.1831110567,0.3051851094,0.1220740378,-0.3952757418,-0.8655049205,-0.2909024358,-0.3808709979,0.1187780425,-0.4825586677,0.0473020375,-0.0742969513,0.1314669251,-0.1387419701,0.5878479481,0.6048658490,-0.5191974640,0.1831110567,0.3051851094,0.1220740378,-0.3952757418,-0.8655049205,-0.2909024358,-0.3808709979,0.1187780425,-0.4825586677,0.0473020375,-0.0742969513,0.1314669251,-0.1387419701,0.5878479481,0.6048658490,-0.5191974640,0.0000000000,0.0000000000,0.0000000000,0.0000000000,0.0000000000,0.0000000000,-0.8105716109,0.3271584213,-0.3711050749,0.9852367640,-0.1664498299,-0.0459538698,0.2471182942,0.6795121431,0.1246175542,-0.6796392202,
7017.038,0.1220740378,-0.0610370189,0.9765923023,0.0640888736,0.0039063692,-1.0106509924,-0.1532029212,-0.0412610248,-0.4251838624,0.0012778044,0.0076309899,-0.0126320124,0.0311103649,0.0924423188,-0.9953426123,0.0047603957,-0.1831110567,-0.5493331552,0.1220740378,-0.4029664099,-0.8659932017,-0.2920010984,-0.3816034496,0.1197546348,-0.4814600050,0.0395009220,-0.0743806958,0.1297256649,-0.1386169791,0.5872837901,0.6051481962,-0.5195401311,-0.1831110567,-0.5493331552,0.1220740378,-0.4029664099,-0.8659932017,-0.2920010984,-0.3816034496,0.1197546348,-0.4814600050,0.0395009220,-0.0743806958,0.1297256649,-0.1386169791,0.5872837901,0.6051481962,-0.5195401311,0.0000000000,0.0000000000,0.0000000000,0.0000000000,0.0000000000,0.0000000000,-0.8098391891,0.3252052367,-0.3750114441,0.9852365851,-0.1664500237,-0.0459539294,0.2469347119,0.6795457006,0.1244338229,-0.6797059774,
7017.051,0.1220740378,-0.1220740378,0.9765923023,0.0642109439,0.0029297769,-1.0102847815,-0.1529587656,-0.0428479873,-0.4257942438,0.0014186576,0.0066532870,-0.0122646093,0.0311009604,0.0924604610,-0.9953413606,0.0047595371,-0.2441480756,-0.4882961512,0.1831110567,-0.4089480340,-0.8648945689,-0.2934660017,-0.3811151385,0.1202429309,-0.4771874249,0.0334380567,-0.0729047656,0.1276377141,-0.1384719312,0.5867292881,0.6054286957,-0.5198785067,-0.2441480756,-0.4882961512,0.1831110567,-0.4089480340,-0.8648945689,-0.2934660017,-0.3811151385,0.1202429309,-0.4771874249,0.0334380567,-0.0729047656,0.1276377141,-0.1384719312,0.5867292881,0.6054286957,-0.5198785067,0.0000000000,0.0000000000,0.0000000000,0.0000000000,0.0000000000,0.0000000000,-0.8105716109,0.3276467323,-0.3730582595,0.9852366447,-0.1664503068,-0.0459541082,0.2467627376,0.6795771718,0.1242616847,-0.6797685027,
7017.064,0.1220740378,-0.0610370189,0.9765923023,0.0639667958,0.0025635548,-1.0108951330,-0.1546678096,-0.0444349498,-0.4284798801,0.0011839867,0.0062877713,-0.0128743649,0.0310960505,0.0924933925,-0.9953383803,0.0047604791,-0.2441480756,-0.1220740378,0.3051851094,-0.4118778110,-0.8657490611,-0.2946867347,-0.3801385462,0.1196325570,-0.4780419469,0.0304266810,-0.0734001994,0.1258273125,-0.1383393258,0.5862067938,0.6056913137,-0.5201972723,-0.2441480756,-0.1220740378,0.3051851094,-0.4118778110,-0.8657490611,-0.2946867347,-0.3801385462,0.1196325570,-0.4780419469,0.0304266810,-0.0734001994,0.1258273125,-0.1383393258,0.5862067938,0.6056913137,-0.5201972723,0.0000000000,0.0000000000,0.0000000000,0.0000000000,0.0000000000,0.0000000000,-0.8122806549,0.3266701400,-0.3711050749,0.9852365255,-0.1664505601,-0.0459543467,0.2465902865,0.6796086431,0.1240890771,-0.6798311472,
7017.077,0.1220740378,-0.0610370189,0.9765923023,0.0650654659,0.0037842952,-1.0113834143,-0.1530808508,-0.0411389507,-0.4234748483,0.0022868216,0.0075031933,-0.0133623481,0.0310942419,0.0924889594,-0.9953388572,0.0047574984,-0.4272591472,0.3051851094,0.9155552983,-0.4101687670,-0.8600115776,-0.2933439016,-0.3767204881,0.1212195233,-0.4801172018,0.0321109891,-0.0673695207,0.1266435385,-0.1381991506,0.5857520700,0.6059138179,-0.5204875469,-0.4272591472,0.3051851094,0.9155552983,-0.4101687670,-0.8600115776,-0.2933439016,-0.3767204881,0.1212195233,-0.4801172018,0.0321109891,-0.0673695207,0.1266435385,-0.1381991506,0.5857520700,0.6059138179,-0.5204875469,0.0000000000,0.0000000000,0.0000000000,0.0000000000,0.0000000000,0.0000000000,-0.8095950484,0.3305765092,-0.3750114441,0.9852365851,-0.1664508134,-0.0459545255,0.2464273125,0.6796383858,0.1239259541,-0.6798903346,
7017.090,0.1220740378,-0.0610370189,0.9765923023,0.0637226477,0.0025635548,-1.0115054846,-0.1536912173,-0.0422376171,-0.4273812175,0.0009547770,0.0062831887,-0.0134837627,0.0310887992,0.0924962834,-0.9953384399,0.0047575929,-0.5493331552,0.1831110567,1.2817773819,-0.4132206142,-0.8548845053,-0.2933439016,-0.3774529397,0.1180455983,-0.4803613424,0.0291150510,-0.0620018840,0.1261305809,-0.1380192935,0.5853202343,0.6061193943,-0.5207815766,-0.5493331552,0.1831110567,1.2817773819,-0.4132206142,-0.8548845053,-0.2933439016,-0.3774529397,0.1180455983,-0.4803613424,0.0291150510,-0.0620018840,0.1261305809,-0.1380192935,0.5853202343,0.6061193943,-0.5207815766,0.0000000000,0.0000000000,0.0000000000,0.0000000000,0.0000000000,0.0000000000,-0.8108157516,0.3300881982,-0.3730582595,0.9852362871,-0.1664510369,-0.0459544063,0.2462657541,0.6796677113,0.1237642691,-0.6799488068,
7017.103,0.1220740378,0.0000000000,1.0376293659,0.0623798333,0.0026856288,-1.0111392736,-0.1578417271,-0.0438245796,-0.4320200086,-0.0003814064,0.0064060502,-0.0131171942,0.0310854129,0.0925055593,-0.9953376055,0.0047579678,-0.6103702188,0.5493331552,1.7090365887,-0.4127323329,-0.8541520238,-0.2939542830,-0.3786736727,0.1178014502,-0.4843897820,0.0296898782,-0.0610690713,0.1250501573,-0.1378404945,0.5849356055,0.6062967181,-0.5210545063,-0.6103702188,0.5493331552,1.7090365887,-0.4127323329,-0.8541520238,-0.2939542830,-0.3786736727,0.1178014502,-0.4843897820,0.0296898782,-0.0610690713,0.1250501573,-0.1378404945,0.5849356055,0.6062967181,-0.5210545063,0.0000000000,0.0000000000,0.0000000000,0.0000000000,0.0000000000,0.0000000000,-0.8110598922,0.3281350136,-0.3711050749,0.9852364659,-0.1664513052,-0.0459548831,0.2461014390,0.6796976328,0.1235998049,-0.6800084710,
7017.116,0.1220740378,-0.0610370189,0.9765923023,0.0631122813,0.0036622211,-1.0107730627,-0.1536912173,-0.0444349498,-0.4325083196,0.0003645197,0.0073779309,-0.0127500892,0.0310787465,0.0925404429,-0.9953345656,0.0047560851,-0.8545182943,0.9765923023,2.5635547638,-0.4243293703,-0.8531754613,-0.2946867347,-0.3764763474,0.1178014502,-0.4809717238,0.0183141530,-0.0600025058,0.1239131689,-0.1376110017,0.5846291780,0.6064252853,-0.5213091969,-0.8545182943,0.9765923023,2.5635547638,-0.4243293703,-0.8531754613,-0.2946867347,-0.3764763474,0.1178014502,-0.4809717238,0.0183141530,-0.0600025058,0.1239131689,-0.1376110017,0.5846291780,0.6064252853,-0.5213091969,0.0000000000,0.0000000000,0.0000000000,0.0000000000,0.0000000000,0.0000000000,-0.8108157516,0.3295999169,-0.3750114441,0.9852364063,-0.1664515436,-0.0459550619,0.2459368408,0.6797274947,0.1234350875,-0.6800680757,
7017.129,0.1220740378,-0.0610370189,0.9765923023,0.0636005774,0.0032959990,-1.0111392736,-0.1557664722,-0.0446790978,-0.4309213459,0.0008639321,0.0070088333,-0.0131155849,0.0310731847,0.0925723612,-0.9953317642,0.0047551333,-0.6714072227,2.0752587318,3.0518510342,-0.4246955812,-0.8586688042,-0.2929776907,-0.3736686409,0.1210974455,-0.4809717238,0.0181494355,-0.0654196739,0.1252650023,-0.1374381334,0.5843981504,0.6065008044,-0.5215260386,-0.6714072227,2.0752587318,3.0518510342,-0.4246955812,-0.8586688042,-0.2929776907,-0.3736686409,0.1210974455,-0.4809717238,0.0181494355,-0.0654196739,0.1252650023,-0.1374381334,0.5843981504,0.6065008044,-0.5215260386,0.0000000000,0.0000000000,0.0000000000,0.0000000000,0.0000000000,0.0000000000,-0.8117923737,0.3256935477,-0.3593859673,0.9852362871,-0.1664517969,-0.0459551215,0.2457841039,0.6797551513,0.1232822239,-0.6801233292,
7017.142,0.1220740378,-0.0610370189,1.0376293659,0.0636005774,0.0030518509,-1.0116275549,-0.1530808508,-0.0456556901,-0.4268929064,0.0008751675,0.0067637051,-0.0136031508,0.0310673937,0.0926208869,-0.9953275323,0.0047556371,-0.5493331552,3.0518510342,3.4180731773,-0.4188360274,-0.8628193140,-0.2902920544,-0.3768425584,0.1191442609,-0.4804834127,0.0241606534,-0.0694918036,0.1276415288,-0.1373174191,0.5842146277,0.6065502763,-0.5217059851,-0.5493331552,3.0518510342,3.4180731773,-0.4188360274,-0.8628193140,-0.2902920544,-0.3768425584,0.1191442609,-0.4804834127,0.0241606534,-0.0694918036,0.1276415288,-0.1373174191,0.5842146277,0.6065502763,-0.5217059851,0.0000000000,0.0000000000,0.0000000000,0.0000000000,0.0000000000,0.0000000000,-0.8108157516,0.3286233246,-0.3574327826,0.9852362871,-0.1664520651,-0.0459553003,0.2456460148,0.6797801852,0.1231440008,-0.6801732779,
7017.155,0.1220740378,-0.0610370189,0.9765923023,0.0645771697,0.0034180731,-1.0102847815,-0.1511276662,-0.0445570238,-0.4261604548,0.0018577054,0.0071264505,-0.0122600198,0.0310643781,0.0926664844,-0.9953233004,0.0047550537,-0.3662221134,4.7608876228,3.4180731773,-0.4032105505,-0.8688009381,-0.2982268631,-0.3734244704,0.1153599694,-0.4784081578,0.0397321880,-0.0753573775,0.1195438206,-0.1373299956,0.5841041803,0.6065895557,-0.5217807293,-0.3662221134,4.7608876228,3.4180731773,-0.4032105505,-0.8688009381,-0.2982268631,-0.3734244704,0.1153599694,-0.4784081578,0.0397321880,-0.0753573775,0.1195438206,-0.1373299956,0.5841041803,0.6065895557,-0.5217807293,0.0000000000,0.0000000000,0.0000000000,0.0000000000,0.0000000000,0.0000000000,-0.8125247955,0.3256935477,-0.3750114441,0.9852361679,-0.1664523184,-0.0459553003,0.2454695404,0.6798120737,0.1229674369,-0.6802369952,
7017.168,0.1220740378,-0.0610370189,0.9765923023,0.0637226477,0.0030518509,-1.0122379065,-0.1530808508,-0.0460219122,-0.4322641790,0.0010138974,0.0067586079,-0.0142124295,0.0310588405,0.0927233100,-0.9953181744,0.0047555217,-0.6714072227,4.8829617500,3.2349619865,-0.3906369209,-0.8744163513,-0.3105563521,-0.3785516024,0.1186559647,-0.4818262160,0.0521472096,-0.0808550715,0.1071588993,-0.1373576224,0.5839865208,0.6066799760,-0.5218000412,-0.6714072227,4.8829617500,3.2349619865,-0.3906369209,-0.8744163513,-0.3105563521,-0.3785516024,0.1186559647,-0.4818262160,0.0521472096,-0.0808550715,0.1071588993,-0.1373576224,0.5839865208,0.6066799760,-0.5218000412,0.0000000000,0.0000000000,0.0000000000,0.0000000000,0.0000000000,0.0000000000,-0.8115482330,0.3222754598,-0.3554795980,0.9852362275,-0.1664525717,-0.0459556580,0.2453138679,0.6798402071,0.1228116527,-0.6802932620,
7017.181,0.1220740378,0.0000000000,0.9765923023,0.0645771697,0.0042725913,-1.0100406408,-0.1519821733,-0.0456556901,-0.4318979383,0.0018635541,0.0079716686,-0.0120154619,0.0310613569,0.0927787870,-0.9953129292,0.0047536539,-1.7700735331,3.4791100025,2.9908139706,-0.3823359013,-0.8724631667,-0.3192236125,-0.3808709979,0.1210974455,-0.4820703864,0.0603206158,-0.0788487792,0.0985254943,-0.1372693926,0.5838037133,0.6068695784,-0.5218070149,-1.7700735331,3.4791100025,2.9908139706,-0.3823359013,-0.8724631667,-0.3192236125,-0.3808709979,0.1210974455,-0.4820703864,0.0603206158,-0.0788487792,0.0985254943,-0.1372693926,0.5838037133,0.6068695784,-0.5218070149,0.0000000000,0.0000000000,0.0000000000,0.0000000000,0.0000000000,0.0000000000,-0.8100833297,0.3237403631,-0.3750114441,0.9852360487,-0.1664528102,-0.0459557176,0.2451340258,0.6798725724,0.1226317436,-0.6803581119,
7017.194,0.1220740378,0.0000000000,0.9765923023,0.0648213178,0.0041505173,-1.0104068518,-0.1500289887,-0.0410168767,-0.4358043075,0.0021017566,0.0078425631,-0.0123819709,0.0310646482,0.0927776247,-0.9953130484,0.0047503919,-4.6998505592,-1.8311105967,3.1128878593,-0.3879512846,-0.8716086149,-0.3183690906,-0.3820917308,0.1189001128,-0.4814600050,0.0550078452,-0.0781744719,0.0994018316,-0.1367328018,0.5834223032,0.6072453856,-0.5219374299,-4.6998505592,-1.8311105967,3.1128878593,-0.3879512846,-0.8716086149,-0.3183690906,-0.3820917308,0.1189001128,-0.4814600050,0.0550078452,-0.0781744719,0.0994018316,-0.1367328018,0.5834223032,0.6072453856,-0.5219374299,0.0000000000,0.0000000000,0.0000000000,0.0000000000,0.0000000000,0.0000000000,-0.8125247955,0.3266701400,-0.3535264134,0.9852361679,-0.1664530933,-0.0459560156,0.2449978441,0.6798971295,0.1224954352,-0.6804072857,
7017.207,0.1220740378,0.0000000000,0.9765923023,0.0645771697,0.0031739250,-1.0116275549,-0.1546678096,-0.0415051728,-0.4345835745,0.0018533021,0.0068638190,-0.0136029720,0.0310669355,0.0927696228,-0.9953137040,0.0047492711,-5.9205908775,-4.0284433365,3.3570361137,-0.3955198824,-0.8692892194,-0.3108004928,-0.3795281947,0.1239051521,-0.4843897820,0.0479755700,-0.0761467814,0.1069557667,-0.1360052973,0.5829789639,0.6076652408,-0.5221344829,-5.9205908775,-4.0284433365,3.3570361137,-0.3955198824,-0.8692892194,-0.3108004928,-0.3795281947,0.1239051521,-0.4843897820,0.0479755700,-0.0761467814,0.1069557667,-0.1360052973,0.5829789639,0.6076652408,-0.5221344829,0.0000000000,0.0000000000,0.0000000000,0.0000000000,0.0000000000,0.0000000000,-0.8088625669,0.3291116059,-0.3535264134,0.9852359295,-0.1664533466,-0.0459560156,0.2448731363,0.6799194813,0.1223706007,-0.6804521680,
7017.220,0.1220740378,0.0000000000,1.0376293659,0.0636005774,0.0026856288,-1.0106509924,-0.1521042585,-0.0408948027,-0.4320200086,0.0008769631,0.0063764458,-0.0126264095,0.0310668312,0.0927562788,-0.9953148961,0.0047493032,-6.8361463547,-5.3102207184,3.4791100025,-0.3963744044,-0.8708761930,-0.3112888038,-0.3791619539,0.1213415936,-0.4881740808,0.0477653146,-0.0781009197,0.1064795554,-0.1351675987,0.5825039148,0.6081253886,-0.5223461986,-6.8361463547,-5.3102207184,3.4791100025,-0.3963744044,-0.8708761930,-0.3112888038,-0.3791619539,0.1213415936,-0.4881740808,0.0477653146,-0.0781009197,0.1064795554,-0.1351675987,0.5825039148,0.6081253886,-0.5223461986,0.0000000000,0.0000000000,0.0000000000,0.0000000000,0.0000000000,0.0000000000,-0.8103274703,0.3281350136,-0.3554795980,0.9852361083,-0.1664536446,-0.0459563732,0.2447414547,0.6799432039,0.1222387999,-0.6804996729,
7017.233,0.1220740378,0.0000000000,0.9765923023,0.0628681332,0.0041505173,-1.0110172033,-0.1541795135,-0.0471205786,-0.4318979383,0.0001484379,0.0078343581,-0.0129923224,0.0310648791,0.0928236097,-0.9953086972,0.0047477474,-8.8503675461,-7.6296272278,3.3570361137,-0.4016235769,-0.8706320524,-0.3162938356,-0.3802606165,0.1221961156,-0.4812158644,0.0433273613,-0.0783785582,0.1016014814,-0.1340899467,0.5819368362,0.6087204218,-0.5225631595,-8.8503675461,-7.6296272278,3.3570361137,-0.4016235769,-0.8706320524,-0.3162938356,-0.3802606165,0.1221961156,-0.4812158644,0.0433273613,-0.0783785582,0.1016014814,-0.1340899467,0.5819368362,0.6087204218,-0.5225631595,0.0000000000,0.0000000000,0.0000000000,0.0000000000,0.0000000000,0.0000000000,-0.8105716109,0.3232520521,-0.3535264134,0.9852360487,-0.1664539129,-0.0459566116,0.2445966154,0.6799691916,0.1220938712,-0.6805518270,
7017.246,0.1220740378,0.0000000000,0.9765923023,0.0627460554,0.0048829615,-1.0108951330,-0.1528366953,-0.0399182104,-0.4336069822,0.0000308231,0.0085562356,-0.0128699541,0.0310632568,0.0928000957,-0.9953109622,0.0047415434,-9.8879966736,-8.4841451645,3.2959990501,-0.4117557406,-0.8664815426,-0.3226416707,-0.3841669858,0.1226844117,-0.4807275534,0.0340984464,-0.0748556256,0.0954797864,-0.1328894645,0.5813484192,0.6093751192,-0.5227615833,-9.8879966736,-8.4841451645,3.2959990501,-0.4117557406,-0.8664815426,-0.3226416707,-0.3841669858,0.1226844117,-0.4807275534,0.0340984464,-0.0748556256,0.0954797864,-0.1328894645,0.5813484192,0.6093751192,-0.5227615833,0.0000000000,0.0000000000,0.0000000000,0.0000000000,0.0000000000,0.0000000000,-0.8095950484,0.3252052367,-0.3730582595,0.9852358103,-0.1664541215,-0.0459564924,0.2444284707,0.6799992323,0.1219256893,-0.6806122065,
7017.259,0.1220740378,0.0000000000,0.9765923023,0.0631122813,0.0025635548,-1.0102847815,-0.1513718069,-0.0415051728,-0.4327524602,0.0003995076,0.0062377644,-0.0122594833,0.0310619790,0.0928020850,-0.9953107834,0.0047419574,-10.6204414368,-8.1789608002,3.2349619865,-0.4139530659,-0.8644062877,-0.3314310014,-0.3838007748,0.1198767051,-0.4807275534,0.0327740908,-0.0734767914,0.0870762765,-0.1316674054,0.5807933807,0.6100622416,-0.5228862762,-10.6204414368,-8.1789608002,3.2349619865,-0.4139530659,-0.8644062877,-0.3314310014,-0.3838007748,0.1198767051,-0.4807275534,0.0327740908,-0.0734767914,0.0870762765,-0.1316674054,0.5807933807,0.6100622416,-0.5228862762,0.0000000000,0.0000000000,0.0000000000,0.0000000000,0.0000000000,0.0000000000,-0.8122806549,0.3237403631,-0.3750114441,0.9852358103,-0.1664543748,-0.0459567308,0.2442515641,0.6800308824,0.1217487454,-0.6806758046,
7017.272,0.1220740378,0.0000000000,0.9155552983,0.0642109439,0.0020752586,-1.0108951330,-0.1541795135,-0.0428479873,-0.4331187010,0.0014953390,0.0057521528,-0.0128699541,0.0310631841,0.0928186104,-0.9953092933,0.0047439411,-11.6580705643,-7.7517013550,3.2959990501,-0.4069948494,-0.8679463863,-0.3342387080,-0.3846552968,0.1232947782,-0.4853663743,0.0405427516,-0.0777777433,0.0848392248,-0.1304372996,0.5802750587,0.6107888818,-0.5229217410,-11.6580705643,-7.7517013550,3.2959990501,-0.4069948494,-0.8679463863,-0.3342387080,-0.3846552968,0.1232947782,-0.4853663743,0.0405427516,-0.0777777433,0.0848392248,-0.1304372996,0.5802750587,0.6107888818,-0.5229217410,0.0000000000,0.0000000000,0.0000000000,0.0000000000,0.0000000000,0.0000000000,-0.8120365143,0.3237403631,-0.3711050749,0.9852357507,-0.1664545983,-0.0459570289,0.2440816611,0.6800612211,0.1215788051,-0.6807368398,
7017.285,0.1220740378,0.0000000000,0.9765923023,0.0649433881,0.0014648885,-1.0115054846,-0.1522263288,-0.0397961363,-0.4317758679,0.0022216290,0.0051481375,-0.0134807229,0.0310660712,0.0927954018,-0.9953112006,0.0047466694,-13.9164400101,-8.4231090546,3.2349619865,-0.3985717297,-0.8779565096,-0.3375347257,-0.3828241825,0.1275673658,-0.4862208962,0.0497619510,-0.0886813402,0.0823748112,-0.1290920973,0.5797441006,0.6116330028,-0.5228579640,-13.9164400101,-8.4231090546,3.2349619865,-0.3985717297,-0.8779565096,-0.3375347257,-0.3828241825,0.1275673658,-0.4862208962,0.0497619510,-0.0886813402,0.0823748112,-0.1290920973,0.5797441006,0.6116330028,-0.5228579640,0.0000000000,0.0000000000,0.0000000000,0.0000000000,0.0000000000,0.0000000000,-0.8125247955,0.3266701400,-0.3535264134,0.9852356911,-0.1664548665,-0.0459571481,0.2439506203,0.6800845861,0.1214476824,-0.6807838678,
7017.298,0.1220740378,0.0000000000,0.9765923023,0.0649433881,0.0029297769,-1.0107730627,-0.1525925547,-0.0440687276,-0.4325083196,0.0022152290,0.0066121151,-0.0127487183,0.0310691446,0.0928276405,-0.9953083396,0.0047475179,-15.6254768372,-10.3762931824,2.9908139706,-0.3895382583,-0.8867458105,-0.3446150124,-0.3797723353,0.1262245625,-0.4865871072,0.0596435666,-0.0984500647,0.0762264431,-0.1276003718,0.5791323185,0.6125927567,-0.5227785707,-15.6254768372,-10.3762931824,2.9908139706,-0.3895382583,-0.8867458105,-0.3446150124,-0.3797723353,0.1262245625,-0.4865871072,0.0596435666,-0.0984500647,0.0762264431,-0.1276003718,0.5791323185,0.6125927567,-0.5227785707,0.0000000000,0.0000000000,0.0000000000,0.0000000000,0.0000000000,0.0000000000,-0.8088625669,0.3252052367,-0.3750114441,0.9852356911,-0.1664551049,-0.0459573865,0.2437831312,0.6801144481,0.1212801710,-0.6808439493,
7017.311,0.1220740378,0.0000000000,0.9765923023,0.0650654659,0.0031739250,-1.0108951330,-0.1564989239,-0.0472426526,-0.4365367591,0.0023304224,0.0068541500,-0.0128712654,0.0310723931,0.0928875431,-0.9953024387,0.0047486578,-17.7617721558,-13.1229591370,2.6245918274,-0.3848994374,-0.8891872764,-0.3571886420,-0.3858760297,0.1230506301,-0.4858546853,0.0652478337,-0.1020062566,0.0647062063,-0.1258705556,0.5783934593,0.6137198210,-0.5226941705,-17.7617721558,-13.1229591370,2.6245918274,-0.3848994374,-0.8891872764,-0.3571886420,-0.3858760297,0.1230506301,-0.4858546853,0.0652478337,-0.1020062566,0.0647062063,-0.1258705556,0.5783934593,0.6137198210,-0.5226941705,0.0000000000,0.0000000000,0.0000000000,0.0000000000,0.0000000000,0.0000000000,-0.8105716109,0.3247169554,-0.3711050749,0.9852355719,-0.1664553732,-0.0459573865,0.2436197400,0.6801434755,0.1211167648,-0.6809024215,
7017.324,0.1220740378,0.0000000000,0.9765923023,0.0650654659,0.0040284432,-1.0107730627,-0.1528366953,-0.0444349498,-0.4298226833,0.0023235008,0.0077023460,-0.0127495527,0.0310759600,0.0929240882,-0.9952990413,0.0047469721,-22.2174739838,-18.4942169189,1.7090365887,-0.3964964747,-0.8789330721,-0.3624378145,-0.3878292143,0.1287881136,-0.4906155467,0.0549414754,-0.0931679606,0.0607142746,-0.1236478090,0.5774315000,0.6151359677,-0.5226233602,-22.2174739838,-18.4942169189,1.7090365887,-0.3964964747,-0.8789330721,-0.3624378145,-0.3878292143,0.1287881136,-0.4906155467,0.0549414754,-0.0931679606,0.0607142746,-0.1236478090,0.5774315000,0.6151359677,-0.5226233602,0.0000000000,0.0000000000,0.0000000000,0.0000000000,0.0000000000,0.0000000000,-0.8117923737,0.3276467323,-0.3711050749,0.9852355719,-0.1664556265,-0.0459575057,0.2434662431,0.6801707745,0.1209632307,-0.6809573770,
7017.337,0.1220740378,0.0000000000,0.9155552983,0.0651875362,0.0043946654,-1.0111392736,-0.1558885425,-0.0393078402,-0.4311655164,0.0024381801,0.0080598071,-0.0131161809,0.0310802199,0.0928894430,-0.9953020811,0.0047418717,-23.9875488281,-19.6539192200,1.5869624615,-0.4126102626,-0.8702658415,-0.3587755859,-0.3866084814,0.1276894510,-0.4873195589,0.0402658284,-0.0860722065,0.0657521784,-0.1212529689,0.5764405727,0.6166228056,-0.5225263834,-23.9875488281,-19.6539192200,1.5869624615,-0.4126102626,-0.8702658415,-0.3587755859,-0.3866084814,0.1276894510,-0.4873195589,0.0402658284,-0.0860722065,0.0657521784,-0.1212529689,0.5764405727,0.6166228056,-0.5225263834,0.0000000000,0.0000000000,0.0000000000,0.0000000000,0.0000000000,0.0000000000,-0.8098391891,0.3310647905,-0.3730582595,0.9852355719,-0.1664558947,-0.0459578037,0.2433231026,0.6801961660,0.1208200380,-0.6810086370,
7017.350,0.1220740378,0.0610370189,0.9155552983,0.0649433881,0.0043946654,-1.0107730627,-0.1544236541,-0.0456556901,-0.4289681613,0.0021771193,0.0080510844,-0.0127510428,0.0310888048,0.0929424912,-0.9952968955,0.0047399728,-25.2693252563,-19.6539192200,1.6479995251,-0.4295785427,-0.8625751734,-0.3567003310,-0.3895382583,0.1285439581,-0.4836573303,0.0248228908,-0.0800911188,0.0693485439,-0.1187558025,0.5754691362,0.6181449890,-0.5223721266,-25.2693252563,-19.6539192200,1.6479995251,-0.4295785427,-0.8625751734,-0.3567003310,-0.3895382583,0.1285439581,-0.4836573303,0.0248228908,-0.0800911188,0.0693485439,-0.1187558025,0.5754691362,0.6181449890,-0.5223721266,0.0000000000,0.0000000000,0.0000000000,0.0000000000,0.0000000000,0.0000000000,-0.8088625669,0.3276467323,-0.3711050749,0.9852353930,-0.1664561629,-0.0459577441,0.2431729138,0.6802227497,0.1206698343,-0.6810622811,
7017.363,0.1220740378,0.0000000000,0.9765923023,0.0638447255,0.0030518509,-1.0106509924,-0.1544236541,-0.0458998382,-0.4234748483,0.0010776669,0.0067068916,-0.0126289725,0.0310890134,0.0929944441,-0.9952920079,0.0047409465,-27.0394001007,-16.7851810455,2.4414808750,-0.4487441778,-0.8493911624,-0.3565782607,-0.3895382583,0.1315958202,-0.4859767556,0.0071725249,-0.0688676238,0.0714423358,-0.1162563488,0.5747147799,0.6196424365,-0.5219905972,-27.0394001007,-16.7851810455,2.4414808750,-0.4487441778,-0.8493911624,-0.3565782607,-0.3895382583,0.1315958202,-0.4859767556,0.0071725249,-0.0688676238,0.0714423358,-0.1162563488,0.5747147799,0.6196424365,-0.5219905972,0.0000000000,0.0000000000,0.0000000000,0.0000000000,0.0000000000,0.0000000000,-0.8115482330,0.3286233246,-0.3730582595,0.9852353334,-0.1664564162,-0.0459579825,0.2430219799,0.6802494526,0.1205188781,-0.6811162233,
7017.376,0.1220740378,0.0000000000,0.9155552983,0.0631122813,0.0018311106,-1.0101627111,-0.1557664722,-0.0426038392,-0.4271370471,0.0003478602,0.0054901382,-0.0121405721,0.0310874730,0.0930035636,-0.9952911735,0.0047430941,-27.8328800201,-15.4423656464,2.9908139706,-0.4432508349,-0.8497573733,-0.3541367948,-0.3899044693,0.1315958202,-0.4867091775,0.0141334534,-0.0712823272,0.0760415494,-0.1137877554,0.5740519762,0.6211254001,-0.5215008855,-27.8328800201,-15.4423656464,2.9908139706,-0.4432508349,-0.8497573733,-0.3541367948,-0.3899044693,0.1315958202,-0.4867091775,0.0141334534,-0.0712823272,0.0760415494,-0.1137877554,0.5740519762,0.6211254001,-0.5215008855,0.0000000000,0.0000000000,0.0000000000,0.0000000000,0.0000000000,0.0000000000,-0.8105716109,0.3295999169,-0.3750114441,0.9852355123,-0.1664566994,-0.0459583402,0.2428726405,0.6802759171,0.1203695163,-0.6811696291,
7017.389,0.0610370189,0.0000000000,0.9765923023,0.0632343516,0.0026856288,-1.0099185705,-0.1541795135,-0.0472426526,-0.4290902317,0.0004718900,0.0063344329,-0.0118962526,0.0310866404,0.0930717885,-0.9952849746,0.0047400407,-28.7484359741,-14.6488847733,3.3570361137,-0.4401989877,-0.8500015140,-0.3523056805,-0.3906369209,0.1323282570,-0.4859767556,0.0186309516,-0.0736634731,0.0801880658,-0.1113152131,0.5734454393,0.6226161122,-0.5209242105,-28.7484359741,-14.6488847733,3.3570361137,-0.4401989877,-0.8500015140,-0.3523056805,-0.3906369209,0.1323282570,-0.4859767556,0.0186309516,-0.0736634731,0.0801880658,-0.1113152131,0.5734454393,0.6226161122,-0.5209242105,0.0000000000,0.0000000000,0.0000000000,0.0000000000,0.0000000000,0.0000000000,-0.8088625669,0.3271584213,-0.3750114441,0.9852351546,-0.1664568931,-0.0459581614,0.2427169085,0.6803032756,0.1202138141,-0.6812250614,
7017.402,0.0610370189,0.0000000000,0.9765923023,0.0623798333,0.0018311106,-1.0108951330,-0.1564989239,-0.0469985045,-0.4254280329,-0.0003761239,0.0054739728,-0.0128723979,0.0310834050,0.0931299552,-0.9952794909,0.0047385958,-30.7016201019,-13.0619220734,3.1128878593,-0.4201788306,-0.8617206216,-0.3662221134,-0.3913693726,0.1356242597,-0.4902493358,0.0398320258,-0.0876171589,0.0690120161,-0.1088986024,0.5729086995,0.6242083311,-0.5201192498,-30.7016201019,-13.0619220734,3.1128878593,-0.4201788306,-0.8617206216,-0.3662221134,-0.3913693726,0.1356242597,-0.4902493358,0.0398320258,-0.0876171589,0.0690120161,-0.1088986024,0.5729086995,0.6242083311,-0.5201192498,0.0000000000,0.0000000000,0.0000000000,0.0000000000,0.0000000000,0.0000000000,-0.8110598922,0.3295999169,-0.3750114441,0.9852356315,-0.1664572358,-0.0459589362,0.2425687909,0.6803295612,0.1200656593,-0.6812781096,
7017.415,0.1220740378,0.0000000000,0.9765923023,0.0642109439,0.0039063692,-1.0105289221,-0.1540574431,-0.0452894680,-0.4343394339,0.0014522821,0.0075436980,-0.0125063062,0.0310848057,0.0931716859,-0.9952756763,0.0047372687,-32.3496208191,-13.5502185822,2.5635547638,-0.4047975242,-0.8679463863,-0.3805047870,-0.3927121758,0.1413617432,-0.4930570424,0.0562752783,-0.0961481333,0.0576878190,-0.1064362302,0.5723298192,0.6259218454,-0.5192061663,-32.3496208191,-13.5502185822,2.5635547638,-0.4047975242,-0.8679463863,-0.3805047870,-0.3927121758,0.1413617432,-0.4930570424,0.0562752783,-0.0961481333,0.0576878190,-0.1064362302,0.5723298192,0.6259218454,-0.5192061663,0.0000000000,0.0000000000,0.0000000000,0.0000000000,0.0000000000,0.0000000000,-0.8098391891,0.3305765092,-0.3691518903,0.9852351546,-0.1664573848,-0.0459587574,0.2424345613,0.6803529859,0.1199314371,-0.6813257933,
7017.428,0.1220740378,0.0000000000,0.9765923023,0.0642109439,0.0039063692,-1.0106509924,-0.1507614404,-0.0429700613,-0.4299447536,0.0014496595,0.0075381929,-0.0126285553,0.0310862660,0.0931940749,-0.9952734709,0.0047353492,-34.6079902649,-15.4423656464,2.0142216682,-0.4121219516,-0.8606219888,-0.3928342462,-0.3932004869,0.1396526992,-0.4995269775,0.0501152277,-0.0913102031,0.0484914780,-0.1037773192,0.5716829300,0.6277619600,-0.5182349086,-34.6079902649,-15.4423656464,2.0142216682,-0.4121219516,-0.8606219888,-0.3928342462,-0.3932004869,0.1396526992,-0.4995269775,0.0501152277,-0.0913102031,0.0484914780,-0.1037773192,0.5716829300,0.6277619600,-0.5182349086,0.0000000000,0.0000000000,0.0000000000,0.0000000000,0.0000000000,0.0000000000,-0.8103274703,0.3281350136,-0.3750114441,0.9852352738,-0.1664576679,-0.0459591150,0.2422833741,0.6803796291,0.1197802573,-0.6813797355,
7017.441,0.1220740378,0.0000000000,0.9765923023,0.0637226477,0.0047608875,-1.0112613440,-0.1533249915,-0.0423596911,-0.4283578098,0.0009613410,0.0083830254,-0.0132388473,0.0310866982,0.0932009742,-0.9952728152,0.0047307424,-38.2091751099,-17.9448833466,2.4414808750,-0.4460585415,-0.8432874680,-0.3957640231,-0.3944212198,0.1420941800,-0.4936674237,0.0177533925,-0.0768796206,0.0489471853,-0.1007064804,0.5709980130,0.6297304630,-0.5172065496,-38.2091751099,-17.9448833466,2.4414808750,-0.4460585415,-0.8432874680,-0.3957640231,-0.3944212198,0.1420941800,-0.4936674237,0.0177533925,-0.0768796206,0.0489471853,-0.1007064804,0.5709980130,0.6297304630,-0.5172065496,0.0000000000,0.0000000000,0.0000000000,0.0000000000,0.0000000000,0.0000000000,-0.8103274703,0.3256935477,-0.3750114441,0.9852350950,-0.1664578766,-0.0459591746,0.2421247214,0.6804074049,0.1196216494,-0.6814361215,
7017.454,0.1220740378,0.0000000000,1.0376293659,0.0646992400,0.0043946654,-1.0108951330,-0.1540574431,-0.0421155430,-0.4297006130,0.0019330084,0.0080096368,-0.0128729343,0.0310895033,0.0931968838,-0.9952732325,0.0047272751,-39.3688774109,-18.0669574738,3.2349619865,-0.4537492096,-0.8393810987,-0.3930784166,-0.3972289264,0.1478316635,-0.5037995577,0.0117940307,-0.0760557652,0.0551100671,-0.0975416750,0.5703712106,0.6316760182,-0.5161311626,-39.3688774109,-18.0669574738,3.2349619865,-0.4537492096,-0.8393810987,-0.3930784166,-0.3972289264,0.1478316635,-0.5037995577,0.0117940307,-0.0760557652,0.0551100671,-0.0975416750,0.5703712106,0.6316760182,-0.5161311626,0.0000000000,0.0000000000,0.0000000000,0.0000000000,0.0000000000,0.0000000000,-0.8117923737,0.3242286444,-0.3730582595,0.9852350950,-0.1664581448,-0.0459593534,0.2419640124,0.6804355979,0.1194609851,-0.6814932823,
7017.467,0.1220740378,0.0000000000,0.9765923023,0.0643330216,0.0023194067,-1.0101627111,-0.1552781761,-0.0429700613,-0.4327524602,0.0015634596,0.0059368191,-0.0121406913,0.0310910158,0.0932048187,-0.9952722788,0.0047288956,-40.4065055847,-17.8838462830,4.0894804001,-0.4526505470,-0.8386486173,-0.3913693726,-0.3951536715,0.1449018866,-0.4959868193,0.0147235990,-0.0785615444,0.0604006946,-0.0943064988,0.5697922111,0.6336131096,-0.5149963498,-40.4065055847,-17.8838462830,4.0894804001,-0.4526505470,-0.8386486173,-0.3913693726,-0.3951536715,0.1449018866,-0.4959868193,0.0147235990,-0.0785615444,0.0604006946,-0.0943064988,0.5697922111,0.6336131096,-0.5149963498,0.0000000000,0.0000000000,0.0000000000,0.0000000000,0.0000000000,0.0000000000,-0.8105716109,0.3242286444,-0.3730582595,0.9852349758,-0.1664583832,-0.0459594131,0.2418048531,0.6804634333,0.1193018854,-0.6815497875,
7017.480,0.1220740378,0.0000000000,0.9155552983,0.0632343516,0.0040284432,-1.0106509924,-0.1554002464,-0.0424817652,-0.4267708361,0.0004669428,0.0076391799,-0.0126288533,0.0310902074,0.0932128429,-0.9952718019,0.0047257193,-42.7259140015,-17.5176239014,4.4557023048,-0.4201788306,-0.8520767689,-0.4006469846,-0.3962523341,0.1503952146,-0.5018463731,0.0488913059,-0.0953835249,0.0550432801,-0.0910465047,0.5692446828,0.6356486082,-0.5136783123,-42.7259140015,-17.5176239014,4.4557023048,-0.4201788306,-0.8520767689,-0.4006469846,-0.3962523341,0.1503952146,-0.5018463731,0.0488913059,-0.0953835249,0.0550432801,-0.0910465047,0.5692446828,0.6356486082,-0.5136783123,0.0000000000,0.0000000000,0.0000000000,0.0000000000,0.0000000000,0.0000000000,-0.8115482330,0.3286233246,-0.3750114441,0.9852349758,-0.1664586216,-0.0459597111,0.2416575849,0.6804891825,0.1191546470,-0.6816021204,
7017.493,0.1220740378,0.0000000000,0.9155552983,0.0637226477,0.0026856288,-1.0101627111,-0.1551561058,-0.0443128757,-0.4279915690,0.0009548813,0.0062963497,-0.0121406317,0.0310902391,0.0932449698,-0.9952685833,0.0047267331,-45.0453186035,-19.8980674744,3.9063692093,-0.4033326209,-0.8539078832,-0.4104129076,-0.4012573659,0.1489303261,-0.4974516928,0.0674766004,-0.1007432938,0.0493100882,-0.0875920728,0.5685483813,0.6378542185,-0.5123144984,-45.0453186035,-19.8980674744,3.9063692093,-0.4033326209,-0.8539078832,-0.4104129076,-0.4012573659,0.1489303261,-0.4974516928,0.0674766004,-0.1007432938,0.0493100882,-0.0875920728,0.5685483813,0.6378542185,-0.5123144984,0.0000000000,0.0000000000,0.0000000000,0.0000000000,0.0000000000,0.0000000000,-0.8100833297,0.3247169554,-0.3750114441,0.9852349758,-0.1664588898,-0.0459598899,0.2414989024,0.6805168986,0.1189960241,-0.6816584468,
7017.506,0.1220740378,0.0610370189,0.9155552983,0.0636005774,0.0025635548,-1.0104068518,-0.1534470618,-0.0416272469,-0.4317758679,0.0008224770,0.0061748680,-0.0123853683,0.0310953576,0.0932460353,-0.9952683449,0.0047275443,-48.0361328125,-24.2927341461,3.4791100025,-0.4216437340,-0.8396252394,-0.4209112823,-0.4001587033,0.1556444019,-0.5072176456,0.0512897670,-0.0902878046,0.0428654253,-0.0837430358,0.5676935911,0.6402001381,-0.5109782219,-48.0361328125,-24.2927341461,3.4791100025,-0.4216437340,-0.8396252394,-0.4209112823,-0.4001587033,0.1556444019,-0.5072176456,0.0512897670,-0.0902878046,0.0428654253,-0.0837430358,0.5676935911,0.6402001381,-0.5109782219,0.0000000000,0.0000000000,0.0000000000,0.0000000000,0.0000000000,0.0000000000,-0.8091067076,0.3276467323,-0.3554795980,0.9852349162,-0.1664591432,-0.0459600687,0.2413829118,0.6805371046,0.1188800186,-0.6816995740,
7017.519,0.1220740378,0.0610370189,0.9765923023,0.0637226477,0.0023194067,-1.0115054846,-0.1578417271,-0.0449232459,-0.4297006130,0.0009340495,0.0059331967,-0.0134847164,0.0311003551,0.0932719782,-0.9952657223,0.0047300803,-51.2100601196,-25.2082881927,4.8829617500,-0.5202795267,-0.7877437472,-0.4380016625,-0.4032105505,0.1569872200,-0.5023346543,-0.0445163548,-0.0429340005,0.0301516354,-0.0793974996,0.5669885278,0.6425299644,-0.5095285773,-51.2100601196,-25.2082881927,4.8829617500,-0.5202795267,-0.7877437472,-0.4380016625,-0.4032105505,0.1569872200,-0.5023346543,-0.0445163548,-0.0429340005,0.0301516354,-0.0793974996,0.5669885278,0.6425299644,-0.5095285773,0.0000000000,0.0000000000,0.0000000000,0.0000000000,0.0000000000,0.0000000000,-0.8115482330,0.3286233246,-0.3730582595,0.9852346778,-0.1664593518,-0.0459599495,0.2412407100,0.6805617809,0.1187378764,-0.6817498803,
7017.532,0.1220740378,0.0610370189,0.9155552983,0.0632343516,0.0035401471,-1.0110172033,-0.1554002464,-0.0430921353,-0.4347056448,0.0004374981,0.0071497015,-0.0129969120,0.0311045982,0.0932856798,-0.9952644110,0.0047287843,-50.9659118652,-20.3253269196,6.7751092911,-0.5431073904,-0.7788323760,-0.4318979383,-0.4041871428,0.1588183194,-0.4990386665,-0.0645622909,-0.0387554169,0.0409001112,-0.0752208903,0.5666008592,0.6446755528,-0.5078806877,-50.9659118652,-20.3253269196,6.7751092911,-0.5431073904,-0.7788323760,-0.4318979383,-0.4041871428,0.1588183194,-0.4990386665,-0.0645622909,-0.0387554169,0.0409001112,-0.0752208903,0.5666008592,0.6446755528,-0.5078806877,0.0000000000,0.0000000000,0.0000000000,0.0000000000,0.0000000000,0.0000000000,-0.8095950484,0.3276467323,-0.3730582595,0.9852348566,-0.1664596349,-0.0459603667,0.2410972565,0.6805868149,0.1185944527,-0.6818007827,
7017.545,0.1220740378,0.0000000000,0.9765923023,0.0633564293,0.0012207404,-1.0106509924,-0.1524704695,-0.0435804315,-0.4306772053,0.0005613491,0.0048382031,-0.0126306415,0.0311032329,0.0933100209,-0.9952620864,0.0047334009,-49.9893188477,-14.4657735825,8.7893304825,-0.5388348103,-0.7878658175,-0.4222540855,-0.4039430022,0.1646778733,-0.5014801621,-0.0577577949,-0.0525875688,0.0554332733,-0.0713755190,0.5665536523,0.6466097832,-0.5060255527,-49.9893188477,-14.4657735825,8.7893304825,-0.5388348103,-0.7878658175,-0.4222540855,-0.4039430022,0.1646778733,-0.5014801621,-0.0577577949,-0.0525875688,0.0554332733,-0.0713755190,0.5665536523,0.6466097832,-0.5060255527,0.0000000000,0.0000000000,0.0000000000,0.0000000000,0.0000000000,0.0000000000,-0.8108157516,0.3266701400,-0.3535264134,0.9852347374,-0.1664599031,-0.0459604859,0.2409820110,0.6806067824,0.1184792072,-0.6818415523,
7017.558,0.1220740378,0.0610370189,0.9765923023,0.0653096139,0.0023194067,-1.0104068518,-0.1543015838,-0.0427259132,-0.4332407713,0.0024959594,0.0059393076,-0.0123876929,0.0311123431,0.0933169127,-0.9952611327,0.0047357003,-49.9282798767,-7.3244423866,11.1087369919,-0.4947660863,-0.8078860044,-0.4332407713,-0.4093142450,0.1654103249,-0.5056306720,-0.0116736591,-0.0775183439,0.0499122739,-0.0679421574,0.5669015050,0.6484158039,-0.5037929416,-49.9282798767,-7.3244423866,11.1087369919,-0.4947660863,-0.8078860044,-0.4332407713,-0.4093142450,0.1654103249,-0.5056306720,-0.0116736591,-0.0775183439,0.0499122739,-0.0679421574,0.5669015050,0.6484158039,-0.5037929416,0.0000000000,0.0000000000,0.0000000000,0.0000000000,0.0000000000,0.0000000000,-0.8103274703,0.3271584213,-0.3730582595,0.9852346778,-0.1664601564,-0.0459607244,0.2408376932,0.6806318164,0.1183349416,-0.6818926334,
7017.571,0.1220740378,0.0000000000,0.9155552983,0.0638447255,0.0030518509,-1.0111392736,-0.1545457393,-0.0485854670,-0.4317758679,0.0010306314,0.0066699055,-0.0131201148,0.0311122332,0.0934046134,-0.9952529073,0.0047375429,-50.8438377380,-5.8595538139,11.2308111191,-0.4754783809,-0.8092287779,-0.4448378086,-0.4124881625,0.1691946238,-0.5089266896,0.0094227493,-0.0838689208,0.0440110564,-0.0645862892,0.5673053861,0.6502559781,-0.5014021993,-50.8438377380,-5.8595538139,11.2308111191,-0.4754783809,-0.8092287779,-0.4448378086,-0.4124881625,0.1691946238,-0.5089266896,0.0094227493,-0.0838689208,0.0440110564,-0.0645862892,0.5673053861,0.6502559781,-0.5014021993,0.0000000000,0.0000000000,0.0000000000,0.0000000000,0.0000000000,0.0000000000,-0.8122806549,0.3276467323,-0.3730582595,0.9852345586,-0.1664603800,-0.0459607840,0.2406944484,0.6806566119,0.1181917712,-0.6819432378,
7017.584,0.1220740378,0.0000000000,0.9765923023,0.0654316843,0.0025635548,-1.0100406408,-0.1538132876,-0.0455336161,-0.4257942438,0.0026090294,0.0061828382,-0.0120220184,0.0311162211,0.0934509560,-0.9952484369,0.0047400049,-52.1866493225,-5.6764426231,11.1697740555,-0.4679097831,-0.8056886792,-0.4598529041,-0.4076052010,0.1774956584,-0.5085604191,0.0187259614,-0.0854951739,0.0348727107,-0.0612029098,0.5677226782,0.6521484852,-0.4988901615,-52.1866493225,-5.6764426231,11.1697740555,-0.4679097831,-0.8056886792,-0.4598529041,-0.4076052010,0.1774956584,-0.5085604191,0.0187259614,-0.0854951739,0.0348727107,-0.0612029098,0.5677226782,0.6521484852,-0.4988901615,0.0000000000,0.0000000000,0.0000000000,0.0000000000,0.0000000000,0.0000000000,-0.8105716109,0.3320413828,-0.3730582595,0.9852345586,-0.1664606482,-0.0459610820,0.2405676991,0.6806785464,0.1180650517,-0.6819880605,
7017.597,0.0610370189,0.0000000000,0.9765923023,0.0655537620,0.0029297769,-1.0112613440,-0.1550340354,-0.0446790978,-0.4309213459,0.0027223825,0.0065378570,-0.0132432580,0.0311209522,0.0934807584,-0.9952455163,0.0047357664,-55.6657600403,-7.7517013550,11.2918481827,-0.4697408974,-0.7905514836,-0.4885402918,-0.4093142450,0.1811578721,-0.5039216280,0.0188127458,-0.0759560466,0.0123707056,-0.0575011186,0.5680791140,0.6542057991,-0.4962238371,-55.6657600403,-7.7517013550,11.2918481827,-0.4697408974,-0.7905514836,-0.4885402918,-0.4093142450,0.1811578721,-0.5039216280,0.0188127458,-0.0759560466,0.0123707056,-0.0575011186,0.5680791140,0.6542057991,-0.4962238371,0.0000000000,0.0000000000,0.0000000000,0.0000000000,0.0000000000,0.0000000000,-0.8122806549,0.3330179751,-0.3750114441,0.9852345586,-0.1664609015,-0.0459612608,0.2404406518,0.6807005405,0.1179380417,-0.6820329428,
7017.610,0.1220740378,0.0000000000,0.9765923023,0.0660420582,0.0030518509,-1.0108951330,-0.1549119502,-0.0461439863,-0.4314096570,0.0031994730,0.0066588121,-0.0128777027,0.0311263558,0.0935298428,-0.9952407479,0.0047372696,-57.3747978210,-9.7659235001,11.9632558823,-0.4820703864,-0.7822504640,-0.4869533479,-0.4104129076,0.1829889864,-0.5083162785,0.0087114573,-0.0735318661,0.0200885832,-0.0535614155,0.5683944225,0.6562718153,-0.4935688376,-57.3747978210,-9.7659235001,11.9632558823,-0.4820703864,-0.7822504640,-0.4869533479,-0.4104129076,0.1829889864,-0.5083162785,0.0087114573,-0.0735318661,0.0200885832,-0.0535614155,0.5683944225,0.6562718153,-0.4935688376,0.0000000000,0.0000000000,0.0000000000,0.0000000000,0.0000000000,0.0000000000,-0.8098391891,0.3344828784,-0.3730582595,0.9852344394,-0.1664611399,-0.0459613800,0.2403237224,0.6807206869,0.1178211272,-0.6820741892,
7017.623,0.1220740378,0.0000000000,0.9765923023,0.0650654659,0.0037842952,-1.0116275549,-0.1568651348,-0.0423596911,-0.4295785427,0.0022167787,0.0073865387,-0.0136104822,0.0311296470,0.0935243890,-0.9952411056,0.0047350363,-58.4124259949,-10.7425155640,12.7567367554,-0.4934232533,-0.7708975673,-0.4823145270,-0.4105349779,0.1888485402,-0.5073397160,-0.0001748502,-0.0682882071,0.0307975411,-0.0494643860,0.5687078834,0.6583095789,-0.4909147322,-58.4124259949,-10.7425155640,12.7567367554,-0.4934232533,-0.7708975673,-0.4823145270,-0.4105349779,0.1888485402,-0.5073397160,-0.0001748502,-0.0682882071,0.0307975411,-0.0494643860,0.5687078834,0.6583095789,-0.4909147322,0.0000000000,0.0000000000,0.0000000000,0.0000000000,0.0000000000,0.0000000000,-0.8088625669,0.3330179751,-0.3593859673,0.9852344394,-0.1664614379,-0.0459616184,0.2402255088,0.6807376146,0.1177228838,-0.6821088791,
7017.636,0.1220740378,0.0000000000,0.9765923023,0.0644550920,0.0042725913,-1.0116275549,-0.1551561058,-0.0450453199,-0.4294564724,0.0016033202,0.0078677312,-0.0136107206,0.0311313514,0.0935588777,-0.9952378273,0.0047327224,-59.5110931396,-10.5594043732,13.7333288193,-0.4930570424,-0.7666249871,-0.4933011830,-0.4155400395,0.1906796545,-0.5099032521,0.0027395487,-0.0703735352,0.0259811580,-0.0452889353,0.5690749884,0.6603322625,-0.4881677330,-59.5110931396,-10.5594043732,13.7333288193,-0.4930570424,-0.7666249871,-0.4933011830,-0.4155400395,0.1906796545,-0.5099032521,0.0027395487,-0.0703735352,0.0259811580,-0.0452889353,0.5690749884,0.6603322625,-0.4881677330,0.0000000000,0.0000000000,0.0000000000,0.0000000000,0.0000000000,0.0000000000,-0.8110598922,0.3325296938,-0.3535264134,0.9852343798,-0.1664617360,-0.0459617972,0.2401346266,0.6807532907,0.1176319569,-0.6821409464,
7017.649,0.1220740378,0.0000000000,0.9765923023,0.0644550920,0.0032959990,-1.0111392736,-0.1555223316,-0.0435804315,-0.4251838624,0.0016001016,0.0068888851,-0.0131225586,0.0311329905,0.0935740620,-0.9952363372,0.0047322260,-59.8773155212,-10.0100708008,14.2216253281,-0.5018463731,-0.7601550221,-0.4981841445,-0.4187139571,0.1942197978,-0.5114902258,-0.0034711063,-0.0704132318,0.0272773504,-0.0410987623,0.5694836974,0.6623163223,-0.4853659868,-59.8773155212,-10.0100708008,14.2216253281,-0.5018463731,-0.7601550221,-0.4981841445,-0.4187139571,0.1942197978,-0.5114902258,-0.0034711063,-0.0704132318,0.0272773504,-0.0410987623,0.5694836974,0.6623163223,-0.4853659868,0.0000000000,0.0000000000,0.0000000000,0.0000000000,0.0000000000,0.0000000000,-0.8117923737,0.3305765092,-0.3554795980,0.9852343798,-0.1664620191,-0.0459619761,0.2400336713,0.6807706952,0.1175309867,-0.6821765304,
7017.662,0.1220740378,-0.0610370189,0.9155552983,0.0631122813,0.0041505173,-1.0106509924,-0.1551561058,-0.0446790978,-0.4290902317,0.0002711266,0.0077362610,-0.0126333833,0.0311262570,0.0936090127,-0.9952332973,0.0047291121,-60.1824989319,-8.7893304825,14.7099218369,-0.5162510872,-0.7490463257,-0.5099032521,-0.4187139571,0.1984923929,-0.5110019445,-0.0153124928,-0.0659949780,0.0218203068,-0.0369217657,0.5699754953,0.6642543077,-0.4824676216,-60.1824989319,-8.7893304825,14.7099218369,-0.5162510872,-0.7490463257,-0.5099032521,-0.4187139571,0.1984923929,-0.5110019445,-0.0153124928,-0.0659949780,0.0218203068,-0.0369217657,0.5699754953,0.6642543077,-0.4824676216,0.0000000000,0.0000000000,0.0000000000,0.0000000000,0.0000000000,0.0000000000,-0.8117923737,0.3315531015,-0.3535264134,0.9852342010,-0.1664622724,-0.0459620357,0.2399398834,0.6807867885,0.1174371764,-0.6822095513,
7017.675,0.1220740378,0.0000000000,0.9155552983,0.0636005774,0.0034180731,-1.0106509924,-0.1545457393,-0.0463881344,-0.4288460910,0.0007601678,0.0070003276,-0.0126333237,0.0311257727,0.0936678499,-0.9952277541,0.0047291801,-60.0604248047,-3.3570361137,16.0527362823,-0.5283364654,-0.7234107256,-0.5309000015,-0.4211554229,0.2028870583,-0.5062410235,-0.0251435041,-0.0473179221,0.0075428486,-0.0329623558,0.5707784295,0.6660912037,-0.4792619944,-60.0604248047,-3.3570361137,16.0527362823,-0.5283364654,-0.7234107256,-0.5309000015,-0.4211554229,0.2028870583,-0.5062410235,-0.0251435041,-0.0473179221,0.0075428486,-0.0329623558,0.5707784295,0.6660912037,-0.4792619944,0.0000000000,0.0000000000,0.0000000000,0.0000000000,0.0000000000,0.0000000000,-0.8105716109,0.3330179751,-0.3535264134,0.9852341413,-0.1664625704,-0.0459622145,0.2398524135,0.6808018088,0.1173496619,-0.6822403669,
7017.688,0.1831110567,-0.0610370189,0.9765923023,0.0631122813,0.0034180731,-1.0096743107,-0.1546678096,-0.0390636921,-0.4316537976,0.0002853796,0.0070081395,-0.0116558671,0.0311188772,0.0936247036,-0.9952320457,0.0047310865,-59.8162803650,-0.2441480756,16.4799957275,-0.5196691751,-0.7182836533,-0.5412762761,-0.4198126197,0.2100894153,-0.5124667883,-0.0145289898,-0.0492227674,0.0040793419,-0.0292122718,0.5717318058,0.6678656340,-0.4758874178,-59.8162803650,-0.2441480756,16.4799957275,-0.5196691751,-0.7182836533,-0.5412762761,-0.4198126197,0.2100894153,-0.5124667883,-0.0145289898,-0.0492227674,0.0040793419,-0.0292122718,0.5717318058,0.6678656340,-0.4758874178,0.0000000000,0.0000000000,0.0000000000,0.0000000000,0.0000000000,0.0000000000,-0.8115482330,0.3325296938,-0.3554795980,0.9852340817,-0.1664628536,-0.0459623933,0.2397597134,0.6808177233,0.1172569320,-0.6822730303,
7017.701,0.1831110567,-0.0610370189,0.9765923023,0.0639667958,0.0028077029,-1.0102847815,-0.1539353579,-0.0457777642,-0.4250617921,0.0011493117,0.0064085717,-0.0122657418,0.0311134439,0.0936732665,-0.9952276349,0.0047375415,-59.8773155212,2.1362955570,16.6020698547,-0.5073397160,-0.7179174423,-0.5499435663,-0.4204230011,0.2113101631,-0.5158848763,-0.0005505085,-0.0559428930,0.0024808645,-0.0256324373,0.5727717280,0.6696183681,-0.4723671675,-59.8773155212,2.1362955570,16.6020698547,-0.5073397160,-0.7179174423,-0.5499435663,-0.4204230011,0.2113101631,-0.5158848763,-0.0005505085,-0.0559428930,0.0024808645,-0.0256324373,0.5727717280,0.6696183681,-0.4723671675,0.0000000000,0.0000000000,0.0000000000,0.0000000000,0.0000000000,0.0000000000,-0.8093508482,0.3286233246,-0.3750114441,0.9852340817,-0.1664630920,-0.0459626317,0.2396238744,0.6808410287,0.1171211824,-0.6823208332,
7017.714,0.1220740378,0.0000000000,0.9765923023,0.0638447255,0.0039063692,-1.0101627111,-0.1539353579,-0.0461439863,-0.4304330647,0.0010265559,0.0075019174,-0.0121437311,0.0311137941,0.0937248617,-0.9952227473,0.0047365376,-61.2201309204,2.0142216682,16.0527362823,-0.5062410235,-0.7082735896,-0.5699636936,-0.4183477163,0.2126529813,-0.5160069466,0.0020999312,-0.0535697937,-0.0103501081,-0.0220073983,0.5737769604,0.6714394093,-0.4687311351,-61.2201309204,2.0142216682,16.0527362823,-0.5062410235,-0.7082735896,-0.5699636936,-0.4183477163,0.2126529813,-0.5160069466,0.0020999312,-0.0535697937,-0.0103501081,-0.0220073983,0.5737769604,0.6714394093,-0.4687311351,0.0000000000,0.0000000000,0.0000000000,0.0000000000,0.0000000000,0.0000000000,-0.8113040328,0.3291116059,-0.3730582595,0.9852340817,-0.1664633453,-0.0459628105,0.2394921482,0.6808636189,0.1169895306,-0.6823671460,
7017.727,0.1220740378,0.0000000000,0.9765923023,0.0637226477,0.0028077029,-1.0099185705,-0.1578417271,-0.0434583575,-0.4322641790,0.0009043068,0.0064033824,-0.0118995905,0.0311138500,0.0937291682,-0.9952223301,0.0047367457,-61.8305015564,1.6479995251,15.8696250916,-0.5244300961,-0.7018036246,-0.5775322914,-0.4161503911,0.2188787460,-0.5131992698,-0.0144873261,-0.0545189977,-0.0107939243,-0.0183143225,0.5747486949,0.6732585430,-0.4650757015,-61.8305015564,1.6479995251,15.8696250916,-0.5244300961,-0.7018036246,-0.5775322914,-0.4161503911,0.2188787460,-0.5131992698,-0.0144873261,-0.0545189977,-0.0107939243,-0.0183143225,0.5747486949,0.6732585430,-0.4650757015,0.0000000000,0.0000000000,0.0000000000,0.0000000000,0.0000000000,0.0000000000,-0.8095950484,0.3305765092,-0.3750114441,0.9852339029,-0.1664635837,-0.0459629297,0.2393639684,0.6808854938,0.1168614328,-0.6824121475,
7017.740,0.1220740378,0.0000000000,1.0376293659,0.0640888736,0.0025635548,-1.0115054846,-0.1566209942,-0.0449232459,-0.4348277152,0.0012690797,0.0061612627,-0.0134865642,0.0311143752,0.0937499478,-0.9952204823,0.0047384724,-62.3187980652,1.7090365887,16.1748104095,-0.5258949399,-0.6864222884,-0.5835139155,-0.4203009009,0.2236396372,-0.5160069466,-0.0143314004,-0.0467309356,-0.0096622109,-0.0145786935,0.5757281184,0.6750607491,-0.4613692760,-62.3187980652,1.7090365887,16.1748104095,-0.5258949399,-0.6864222884,-0.5835139155,-0.4203009009,0.2236396372,-0.5160069466,-0.0143314004,-0.0467309356,-0.0096622109,-0.0145786935,0.5757281184,0.6750607491,-0.4613692760,0.0000000000,0.0000000000,0.0000000000,0.0000000000,0.0000000000,0.0000000000,-0.8105716109,0.3300881982,-0.3750114441,0.9852340817,-0.1664638668,-0.0459633470,0.2392342240,0.6809077263,0.1167317480,-0.6824578047,
7017.753,0.1220740378,0.0610370189,0.9765923023,0.0644550920,0.0039063692,-1.0105289221,-0.1539353579,-0.0434583575,-0.4356822371,0.0016211122,0.0074987770,-0.0125108957,0.0311216284,0.0937649161,-0.9952186942,0.0047369697,-61.8915367126,3.7232582569,17.6396980286,-0.5448164344,-0.6593219042,-0.5858333111,-0.4221320152,0.2304757833,-0.5144199729,-0.0315975547,-0.0274665356,-0.0048259497,-0.0108683901,0.5768722892,0.6767318845,-0.4575785995,-61.8915367126,3.7232582569,17.6396980286,-0.5448164344,-0.6593219042,-0.5858333111,-0.4221320152,0.2304757833,-0.5144199729,-0.0315975547,-0.0274665356,-0.0048259497,-0.0108683901,0.5768722892,0.6767318845,-0.4575785995,0.0000000000,0.0000000000,0.0000000000,0.0000000000,0.0000000000,0.0000000000,-0.8125247955,0.3305765092,-0.3730582595,0.9852337837,-0.1664641201,-0.0459633470,0.2391085178,0.6809291244,0.1166061237,-0.6825018525,
7017.766,0.1220740378,0.0000000000,0.9155552983,0.0651875362,0.0030518509,-1.0099185705,-0.1545457393,-0.0432142094,-0.4309213459,0.0023462102,0.0066425339,-0.0119010210,0.0311252940,0.0937812105,-0.9952171445,0.0047369655,-61.0980567932,6.8971829414,18.4942169189,-0.5323649049,-0.6623737216,-0.5916928649,-0.4195684791,0.2345042229,-0.5162510872,-0.0178154707,-0.0383747220,-0.0034199357,-0.0073986738,0.5781695247,0.6783070564,-0.4536615312,-61.0980567932,6.8971829414,18.4942169189,-0.5323649049,-0.6623737216,-0.5916928649,-0.4195684791,0.2345042229,-0.5162510872,-0.0178154707,-0.0383747220,-0.0034199357,-0.0073986738,0.5781695247,0.6783070564,-0.4536615312,0.0000000000,0.0000000000,0.0000000000,0.0000000000,0.0000000000,0.0000000000,-0.8120365143,0.3349711597,-0.3711050749,0.9852339029,-0.1664644182,-0.0459637642,0.2390015572,0.6809474230,0.1164991707,-0.6825394630,
7017.779,0.1220740378,0.0000000000,0.9765923023,0.0642109439,0.0036622211,-1.0096743107,-0.1567430645,-0.0449232459,-0.4383678734,0.0013670847,0.0072488366,-0.0116569400,0.0311266296,0.0938059017,-0.9952147603,0.0047358312,-60.8539085388,9.0945158005,18.9214763641,-0.5218665004,-0.6600543261,-0.5969420671,-0.4243293703,0.2357249707,-0.5144199729,-0.0062491894,-0.0439664721,-0.0013148785,-0.0040752771,0.5795376301,0.6798481941,-0.4496329725,-60.8539085388,9.0945158005,18.9214763641,-0.5218665004,-0.6600543261,-0.5969420671,-0.4243293703,0.2357249707,-0.5144199729,-0.0062491894,-0.0439664721,-0.0013148785,-0.0040752771,0.5795376301,0.6798481941,-0.4496329725,0.0000000000,0.0000000000,0.0000000000,0.0000000000,0.0000000000,0.0000000000,-0.8093508482,0.3320413828,-0.3750114441,0.9852337241,-0.1664646417,-0.0459637046,0.2388808131,0.6809679270,0.1163785085,-0.6825817227,
7017.792,0.1220740378,0.0000000000,0.9765923023,0.0645771697,0.0029297769,-1.0112613440,-0.1549119502,-0.0455336161,-0.4316537976,0.0017294884,0.0065159886,-0.0132441521,0.0311283655,0.0938455090,-0.9952109456,0.0047370493,-60.9759826660,12.4515514374,19.5318470001,-0.5128330588,-0.6400341988,-0.6156193614,-0.4218878746,0.2417065948,-0.5116122961,0.0034933090,-0.0320470333,-0.0123348832,-0.0009230143,0.5810684562,0.6813556552,-0.4453727603,-60.9759826660,12.4515514374,19.5318470001,-0.5128330588,-0.6400341988,-0.6156193614,-0.4218878746,0.2417065948,-0.5116122961,0.0034933090,-0.0320470333,-0.0123348832,-0.0009230143,0.5810684562,0.6813556552,-0.4453727603,0.0000000000,0.0000000000,0.0000000000,0.0000000000,0.0000000000,0.0000000000,-0.8098391891,0.3335062861,-0.3711050749,0.9852338433,-0.1664649695,-0.0459641218,0.2387714982,0.6809865832,0.1162692159,-0.6826201081,
7017.805,0.1220740378,0.0000000000,1.0376293659,0.0648213178,0.0036622211,-1.0113834143,-0.1564989239,-0.0429700613,-0.4320200086,0.0019687042,0.0072450885,-0.0133665204,0.0311309975,0.0938416645,-0.9952112436,0.0047354954,-61.0370178223,13.7943658829,19.7759933472,-0.4943998456,-0.6334421635,-0.6275826097,-0.4196905494,0.2452467382,-0.5089266896,0.0223962665,-0.0336402655,-0.0165594220,0.0021260064,0.5826403499,0.6828513145,-0.4410032630,-61.0370178223,13.7943658829,19.7759933472,-0.4943998456,-0.6334421635,-0.6275826097,-0.4196905494,0.2452467382,-0.5089266896,0.0223962665,-0.0336402655,-0.0165594220,0.0021260064,0.5826403499,0.6828513145,-0.4410032630,0.0000000000,0.0000000000,0.0000000000,0.0000000000,0.0000000000,0.0000000000,-0.8108157516,0.3339945674,-0.3730582595,0.9852334261,-0.1664651930,-0.0459639430,0.2386605144,0.6810053587,0.1161583066,-0.6826588511,
7017.818,0.1220740378,0.0000000000,0.9765923023,0.0634784997,0.0028077029,-1.0111392736,-0.1554002464,-0.0440687276,-0.4359263778,0.0006274730,0.0063907867,-0.0131223202,0.0311301127,0.0938596353,-0.9952095747,0.0047360910,-61.4032402039,13.9774770737,19.7149562836,-0.4737693369,-0.6270943284,-0.6375926733,-0.4226203263,0.2507400811,-0.5144199729,0.0433392823,-0.0355601907,-0.0188262463,0.0051377402,0.5841910243,0.6843595505,-0.4365665615,-61.4032402039,13.9774770737,19.7149562836,-0.4737693369,-0.6270943284,-0.6375926733,-0.4226203263,0.2507400811,-0.5144199729,0.0433392823,-0.0355601907,-0.0188262463,0.0051377402,0.5841910243,0.6843595505,-0.4365665615,0.0000000000,0.0000000000,0.0000000000,0.0000000000,0.0000000000,0.0000000000,-0.8105716109,0.3325296938,-0.3750114441,0.9852339625,-0.1664655507,-0.0459645987,0.2385423779,0.6810256243,0.1160402149,-0.6827003956,
7017.831,0.1220740378,-0.0610370189,0.9765923023,0.0644550920,0.0030518509,-1.0104068518,-0.1535691470,-0.0449232459,-0.4348277152,0.0016112477,0.0066339360,-0.0123894215,0.0311264135,0.0938945115,-0.9952063560,0.0047363462,-62.6850166321,11.4749593735,20.0201416016,-0.5108798742,-0.5993835330,-0.6538285613,-0.4193243086,0.2559892535,-0.5079500675,0.0069471598,-0.0165005326,-0.0275020003,0.0084673297,0.5856727362,0.6858533621,-0.4321631789,-62.6850166321,11.4749593735,20.0201416016,-0.5108798742,-0.5993835330,-0.6538285613,-0.4193243086,0.2559892535,-0.5079500675,0.0069471598,-0.0165005326,-0.0275020003,0.0084673297,0.5856727362,0.6858533621,-0.4321631789,0.0000000000,0.0000000000,0.0000000000,0.0000000000,0.0000000000,0.0000000000,-0.8113040328,0.3369243443,-0.3711050749,0.9852335453,-0.1664657742,-0.0459644198,0.2384450883,0.6810420156,0.1159429625,-0.6827343106,
7017.844,0.1220740378,0.0000000000,1.0376293659,0.0646992400,0.0035401471,-1.0118716955,-0.1566209942,-0.0455336161,-0.4348277152,0.0018512011,0.0071195173,-0.0138545632,0.0311284997,0.0939223990,-0.9952036738,0.0047360645,-62.0136108398,12.5125885010,21.6071052551,-0.5446943641,-0.5761894584,-0.6567583084,-0.4203009009,0.2603839338,-0.5201574564,-0.0260028243,-0.0021988750,-0.0229818821,0.0118213175,0.5873084068,0.6871687770,-0.4277523160,-62.0136108398,12.5125885010,21.6071052551,-0.5446943641,-0.5761894584,-0.6567583084,-0.4203009009,0.2603839338,-0.5201574564,-0.0260028243,-0.0021988750,-0.0229818821,0.0118213175,0.5873084068,0.6871687770,-0.4277523160,0.0000000000,0.0000000000,0.0000000000,0.0000000000,0.0000000000,0.0000000000,-0.4985503852,0.3359477520,-0.3750114441,0.9852333069,-0.1664661169,-0.0459644794,0.2385319918,0.6810271740,0.1160293669,-0.6827039719,
7017.857,0.1220740378,0.0000000000,1.0376293659,0.0659199804,0.0036622211,-1.0110172033,-0.1519821733,-0.0467543565,-0.4327524602,0.0030614957,0.0072382772,-0.0130006671,0.0311335828,0.0939811990,-0.9951979518,0.0047367457,-60.1824989319,15.8696250916,23.8654747009,-0.5584887266,-0.5594652891,-0.6595660448,-0.4188360274,0.2639240623,-0.5106356740,-0.0390678048,0.0055128932,-0.0183354616,0.0150044793,0.5891789198,0.6882786751,-0.4232724607,-60.1824989319,15.8696250916,23.8654747009,-0.5584887266,-0.5594652891,-0.6595660448,-0.4188360274,0.2639240623,-0.5106356740,-0.0390678048,0.0055128932,-0.0183354616,0.0150044793,0.5891789198,0.6882786751,-0.4232724607,0.0000000000,0.0000000000,0.0000000000,0.0000000000,0.0000000000,0.0000000000,-0.8122806549,0.3369243443,-0.3711050749,0.9852335453,-0.1664664447,-0.0459647775,0.2384342104,0.6810438633,0.1159315854,-0.6827382445,
7017.870,0.1220740378,-0.0610370189,0.9765923023,0.0639667958,0.0030518509,-1.0104068518,-0.1541795135,-0.0449232459,-0.4311655164,0.0011179224,0.0066269445,-0.0123897195,0.0311286766,0.0940144956,-0.9951949716,0.0047368542,-56.0930213928,24.1096229553,27.7108058929,-0.5343180895,-0.5444502234,-0.6683553457,-0.4174932241,0.2691732645,-0.5124667883,-0.0148606896,0.0115575194,-0.0193631649,0.0175879467,0.5915719271,0.6890450120,-0.4185625017,-56.0930213928,24.1096229553,27.7108058929,-0.5343180895,-0.5444502234,-0.6683553457,-0.4174932241,0.2691732645,-0.5124667883,-0.0148606896,0.0115575194,-0.0193631649,0.0175879467,0.5915719271,0.6890450120,-0.4185625017,0.0000000000,0.0000000000,0.0000000000,0.0000000000,0.0000000000,0.0000000000,-0.4992828071,0.3325296938,-0.3730582595,0.9852333069,-0.1664668024,-0.0459647775,0.2385140806,0.6810302138,0.1160109714,-0.6827103496,
7017.883,0.1220740378,0.0000000000,0.9155552983,0.0632343516,0.0030518509,-1.0104068518,-0.1528366953,-0.0451673940,-0.4322641790,0.0003879666,0.0066253142,-0.0123895407,0.0311272927,0.0940600634,-0.9951907992,0.0047373497,-54.5060577393,27.1004371643,29.0536212921,-0.5215002894,-0.5317544937,-0.6881313324,-0.4150517285,0.2719809711,-0.5138096213,-0.0023567080,0.0152496696,-0.0312873125,0.0199381951,0.5941437483,0.6896807551,-0.4137395918,-54.5060577393,27.1004371643,29.0536212921,-0.5215002894,-0.5317544937,-0.6881313324,-0.4150517285,0.2719809711,-0.5138096213,-0.0023567080,0.0152496696,-0.0312873125,0.0199381951,0.5941437483,0.6896807551,-0.4137395918,0.0000000000,0.0000000000,0.0000000000,0.0000000000,0.0000000000,0.0000000000,-0.4963530302,0.3354594707,-0.3691518903,0.9852333069,-0.1664672345,-0.0459651351,0.2386118323,0.6810136437,0.1161081642,-0.6826763153,
7017.896,0.1220740378,-0.0610370189,0.9155552983,0.0632343516,0.0032959990,-1.0100406408,-0.1545457393,-0.0441908017,-0.4343394339,0.0004009902,0.0068666269,-0.0120225549,0.0311208107,0.0940869004,-0.9951884151,0.0047361632,-53.4684295654,28.2601394653,29.7860660553,-0.5168614984,-0.5196691751,-0.6987518072,-0.4143192768,0.2780846655,-0.5100253224,0.0018038154,0.0183016062,-0.0341184139,0.0221933089,0.5967723727,0.6902344823,-0.4088896513,-53.4684295654,28.2601394653,29.7860660553,-0.5168614984,-0.5196691751,-0.6987518072,-0.4143192768,0.2780846655,-0.5100253224,0.0018038154,0.0183016062,-0.0341184139,0.0221933089,0.5967723727,0.6902344823,-0.4088896513,0.0000000000,0.0000000000,0.0000000000,0.0000000000,0.0000000000,0.0000000000,-0.4963530302,0.3393658400,-0.3711050749,0.9852332473,-0.1664676070,-0.0459653139,0.2387170643,0.6809957027,0.1162128374,-0.6826395988,
7017.909,0.1220740378,-0.0610370189,0.9155552983,0.0622577593,0.0028077029,-1.0106509924,-0.1534470618,-0.0443128757,-0.4295785427,-0.0005576536,0.0063779294,-0.0126317739,0.0311117303,0.0941197053,-0.9951855540,0.0047361422,-51.6983566284,28.8094730377,30.0912494659,-0.4937894940,-0.5086824894,-0.7130344510,-0.4144413471,0.2806482017,-0.5163731575,0.0241845250,0.0203754902,-0.0407543182,0.0242936518,0.5994241238,0.6907060146,-0.4040665329,-51.6983566284,28.8094730377,30.0912494659,-0.4937894940,-0.5086824894,-0.7130344510,-0.4144413471,0.2806482017,-0.5163731575,0.0241845250,0.0203754902,-0.0407543182,0.0242936518,0.5994241238,0.6907060146,-0.4040665329,0.0000000000,0.0000000000,0.0000000000,0.0000000000,0.0000000000,0.0000000000,-0.5000152588,0.3398541212,-0.3711050749,0.9852330685,-0.1664680094,-0.0459653139,0.2388210297,0.6809779406,0.1163162515,-0.6826032400,
7017.922,0.1220740378,-0.0610370189,0.9765923023,0.0640888736,0.0025635548,-1.0106509924,-0.1560106277,-0.0446790978,-0.4331187010,0.0012823194,0.0061352565,-0.0126311779,0.0311071277,0.0941431224,-0.9951835871,0.0047371895,-51.1490211487,27.4056205750,29.7860660553,-0.4886623621,-0.5050203204,-0.7173070312,-0.4079714417,0.2827234864,-0.5077059269,0.0286546350,0.0151823163,-0.0376536846,0.0264264755,0.6019725204,0.6911582351,-0.3993431628,-51.1490211487,27.4056205750,29.7860660553,-0.4886623621,-0.5050203204,-0.7173070312,-0.4079714417,0.2827234864,-0.5077059269,0.0286546350,0.0151823163,-0.0376536846,0.0264264755,0.6019725204,0.6911582351,-0.3993431628,0.0000000000,0.0000000000,0.0000000000,0.0000000000,0.0000000000,0.0000000000,-0.4968413413,0.3388775289,-0.3730582595,0.9852329493,-0.1664684117,-0.0459654927,0.2389196604,0.6809611320,0.1164143458,-0.6825687885,
7017.935,0.1220740378,0.0000000000,0.9765923023,0.0632343516,0.0019531846,-1.0110172033,-0.1561326981,-0.0456556901,-0.4343394339,0.0004303381,0.0055293697,-0.0129972696,0.0311054885,0.0941782221,-0.9951801300,0.0047404002,-50.4776153564,25.8186588287,29.4198436737,-0.4983062148,-0.4989165962,-0.7203589082,-0.4119998813,0.2888271809,-0.5106356740,0.0184704065,0.0124856532,-0.0336547494,0.0286242813,0.6044118404,0.6915796995,-0.3947512805,-50.4776153564,25.8186588287,29.4198436737,-0.4983062148,-0.4989165962,-0.7203589082,-0.4119998813,0.2888271809,-0.5106356740,0.0184704065,0.0124856532,-0.0336547494,0.0286242813,0.6044118404,0.6915796995,-0.3947512805,0.0000000000,0.0000000000,0.0000000000,0.0000000000,0.0000000000,0.0000000000,-0.4990386665,0.3408307135,-0.3730582595,0.9852328897,-0.1664688140,-0.0459656715,0.2390223444,0.6809436083,0.1165164784,-0.6825329065,
7017.948,0.1220740378,0.0000000000,0.9765923023,0.0643330216,0.0026856288,-1.0108951330,-0.1561326981,-0.0443128757,-0.4333628416,0.0015260652,0.0062626572,-0.0128753185,0.0311068278,0.0941961482,-0.9951784015,0.0047415192,-47.6699104309,27.4666576385,29.7860660553,-0.5315103531,-0.4699850380,-0.7372050881,-0.4099246264,0.2927335501,-0.5052644610,-0.0153863430,0.0327311456,-0.0436332822,0.0306761544,0.6069332361,0.6918538809,-0.3902218044,-47.6699104309,27.4666576385,29.7860660553,-0.5315103531,-0.4699850380,-0.7372050881,-0.4099246264,0.2927335501,-0.5052644610,-0.0153863430,0.0327311456,-0.0436332822,0.0306761544,0.6069332361,0.6918538809,-0.3902218044,0.0000000000,0.0000000000,0.0000000000,0.0000000000,0.0000000000,0.0000000000,-0.4973296225,0.3408307135,-0.3730582595,0.9852328300,-0.1664692014,-0.0459659100,0.2391255200,0.6809259653,0.1166191101,-0.6824968457,
7017.961,0.1220740378,0.0000000000,0.9765923023,0.0640888736,0.0031739250,-1.0106509924,-0.1577196568,-0.0422376171,-0.4312875867,0.0012801066,0.0067493762,-0.0126313567,0.0311078653,0.0941831470,-0.9951797128,0.0047404123,-45.8388023376,29.7860660553,30.2133235931,-0.5262611508,-0.4547258019,-0.7424542904,-0.4090701044,0.2923673093,-0.5056306720,-0.0111193657,0.0394181609,-0.0420280695,0.0325087644,0.6095432639,0.6920362115,-0.3856553733,-45.8388023376,29.7860660553,30.2133235931,-0.5262611508,-0.4547258019,-0.7424542904,-0.4090701044,0.2923673093,-0.5056306720,-0.0111193657,0.0394181609,-0.0420280695,0.0325087644,0.6095432639,0.6920362115,-0.3856553733,0.0000000000,0.0000000000,0.0000000000,0.0000000000,0.0000000000,0.0000000000,-0.4968413413,0.3437604904,-0.3730582595,0.9852327704,-0.1664695889,-0.0459662080,0.2392372042,0.6809068322,0.1167302206,-0.6824578047,
7017.974,0.1220740378,0.0000000000,0.9765923023,0.0644550920,0.0031739250,-1.0110172033,-0.1513718069,-0.0439466536,-0.4303109944,0.0016428530,0.0067478130,-0.0129977465,0.0311095342,0.0942116529,-0.9951769114,0.0047406894,-44.1297645569,31.6782131195,30.5185089111,-0.5111240149,-0.4503311217,-0.7389141321,-0.4047975242,0.2935880721,-0.5074617863,0.0027087331,0.0354217589,-0.0316921473,0.0341131836,0.6122148633,0.6921328902,-0.3810843825,-44.1297645569,31.6782131195,30.5185089111,-0.5111240149,-0.4503311217,-0.7389141321,-0.4047975242,0.2935880721,-0.5074617863,0.0027087331,0.0354217589,-0.0316921473,0.0341131836,0.6122148633,0.6921328902,-0.3810843825,0.0000000000,0.0000000000,0.0000000000,0.0000000000,0.0000000000,0.0000000000,-0.4990386665,0.3442488015,-0.3750114441,0.9852327108,-0.1664700061,-0.0459663868,0.2393446863,0.6808884144,0.1168371439,-0.6824201941,
7017.987,0.1220740378,0.0610370189,0.9155552983,0.0625019073,0.0042725913,-1.0106509924,-0.1549119502,-0.0443128757,-0.4278694987,-0.0003149658,0.0078388210,-0.0126317739,0.0311120730,0.0942398161,-0.9951741695,0.0047379755,-41.9324302673,30.9457683563,29.6639919281,-0.4646137953,-0.4561906755,-0.7401348948,-0.4026001692,0.3006683588,-0.5077059269,0.0476697683,0.0215929747,-0.0263926387,0.0355169289,0.6147735119,0.6922199130,-0.3766529560,-41.9324302673,30.9457683563,29.6639919281,-0.4646137953,-0.4561906755,-0.7401348948,-0.4026001692,0.3006683588,-0.5077059269,0.0476697683,0.0215929747,-0.0263926387,0.0355169289,0.6147735119,0.6922199130,-0.3766529560,0.0000000000,0.0000000000,0.0000000000,0.0000000000,0.0000000000,0.0000000000,-0.4978179336,0.3476668596,-0.3750114441,0.9852327704,-0.1664704233,-0.0459667444,0.2394624501,0.6808682680,0.1169543192,-0.6823790073,
7018.000,0.1220740378,0.0610370189,0.9155552983,0.0615253150,0.0040284432,-1.0110172033,-0.1563768387,-0.0446790978,-0.4351939559,-0.0012912601,0.0075882659,-0.0129979253,0.0311120991,0.0942664072,-0.9951716661,0.0047356021,-41.8103561401,28.3211765289,28.6263618469,-0.4570451975,-0.4455702305,-0.7425763607,-0.4027222395,0.3018890917,-0.5079500675,0.0538419485,0.0243147016,-0.0226187110,0.0370351039,0.6171568632,0.6923438311,-0.3723568022,-41.8103561401,28.3211765289,28.6263618469,-0.4570451975,-0.4455702305,-0.7425763607,-0.4027222395,0.3018890917,-0.5079500675,0.0538419485,0.0243147016,-0.0226187110,0.0370351039,0.6171568632,0.6923438311,-0.3723568022,0.0000000000,0.0000000000,0.0000000000,0.0000000000,0.0000000000,0.0000000000,-0.4995269775,0.3442488015,-0.3730582595,0.9852324128,-0.1664707512,-0.0459666848,0.2395722419,0.6808493137,0.1170635819,-0.6823404431,
7018.013,0.1220740378,0.0610370189,0.9765923023,0.0640888736,0.0032959990,-1.0107730627,-0.1567430645,-0.0428479873,-0.4332407713,0.0012599453,0.0068537318,-0.0127546191,0.0311183687,0.0942633227,-0.9951717854,0.0047350489,-41.7493209839,25.5745105743,27.4666576385,-0.4616840184,-0.4311655164,-0.7527084947,-0.4001587033,0.3078707159,-0.5073397160,0.0480122268,0.0308522880,-0.0268414617,0.0386973321,0.6193701029,0.6925012469,-0.3681969643,-41.7493209839,25.5745105743,27.4666576385,-0.4616840184,-0.4311655164,-0.7527084947,-0.4001587033,0.3078707159,-0.5073397160,0.0480122268,0.0308522880,-0.0268414617,0.0386973321,0.6193701029,0.6925012469,-0.3681969643,0.0000000000,0.0000000000,0.0000000000,0.0000000000,0.0000000000,0.0000000000,-0.4995269775,0.3476668596,-0.3593859673,0.9852325320,-0.1664711982,-0.0459671617,0.2397190332,0.6808241606,0.1172097102,-0.6822890639,
7018.026,0.1220740378,0.0610370189,0.9765923023,0.0639667958,0.0034180731,-1.0101627111,-0.1561326981,-0.0421155430,-0.4364146888,0.0011259913,0.0069731143,-0.0121449828,0.0311244708,0.0942518264,-0.9951726794,0.0047339112,-40.7727279663,24.7810287476,25.2693252563,-0.4608294964,-0.4047975242,-0.7645496726,-0.3994262516,0.3089693785,-0.5018463731,0.0475479364,0.0495484173,-0.0329399109,0.0403192714,0.6214153171,0.6927420497,-0.3641009033,-40.7727279663,24.7810287476,25.2693252563,-0.4608294964,-0.4047975242,-0.7645496726,-0.3994262516,0.3089693785,-0.5018463731,0.0475479364,0.0495484173,-0.0329399109,0.0403192714,0.6214153171,0.6927420497,-0.3641009033,0.0000000000,0.0000000000,0.0000000000,0.0000000000,0.0000000000,0.0000000000,-0.4997711182,0.3466902673,-0.3574327826,0.9852325320,-0.1664716601,-0.0459674597,0.2398660034,0.6807988882,0.1173560321,-0.6822375059,
7018.039,0.1220740378,0.1220740378,0.9765923023,0.0634784997,0.0042725913,-1.0104068518,-0.1571092904,-0.0469985045,-0.4395886064,0.0006177202,0.0078207394,-0.0123903751,0.0311345253,0.0942994282,-0.9951678514,0.0047329119,-40.2233963013,23.7434005737,24.2927341461,-0.4465468228,-0.3989379704,-0.7652821541,-0.3994262516,0.3105563521,-0.5083162785,0.0604644120,0.0478858054,-0.0281144381,0.0419133827,0.6233556271,0.6930046082,-0.3600825071,-40.2233963013,23.7434005737,24.2927341461,-0.4465468228,-0.3989379704,-0.7652821541,-0.3994262516,0.3105563521,-0.5083162785,0.0604644120,0.0478858054,-0.0281144381,0.0419133827,0.6233556271,0.6930046082,-0.3600825071,0.0000000000,0.0000000000,0.0000000000,0.0000000000,0.0000000000,0.0000000000,-0.4963530302,0.3491317630,-0.3730582595,0.9852322936,-0.1664720476,-0.0459674001,0.2399900705,0.6807774901,0.1174795181,-0.6821938753,
7018.052,0.1220740378,0.0610370189,0.9765923023,0.0650654659,0.0042725913,-1.0111392736,-0.1556444019,-0.0441908017,-0.4350718856,0.0021878704,0.0078138988,-0.0131238103,0.0311431494,0.0943164080,-0.9951659441,0.0047308328,-40.3454704285,21.0577716827,23.1330299377,-0.4281136394,-0.3978392780,-0.7757804990,-0.3953978121,0.3153172433,-0.5050203204,0.0776497722,0.0415515304,-0.0333085656,0.0435974635,0.6251196265,0.6933289170,-0.3561787605,-40.3454704285,21.0577716827,23.1330299377,-0.4281136394,-0.3978392780,-0.7757804990,-0.3953978121,0.3153172433,-0.5050203204,0.0776497722,0.0415515304,-0.0333085656,0.0435974635,0.6251196265,0.6933289170,-0.3561787605,0.0000000000,0.0000000000,0.0000000000,0.0000000000,0.0000000000,0.0000000000,-0.4985503852,0.3486434519,-0.3750114441,0.9852322340,-0.1664724797,-0.0459676385,0.2401069850,0.6807573438,0.1175958738,-0.6821528077,
7018.065,0.1831110567,0.1220740378,0.9765923023,0.0653096139,0.0039063692,-1.0110172033,-0.1541795135,-0.0474868007,-0.4318979383,0.0024033934,0.0074533150,-0.0130035877,0.0311568398,0.0943813771,-0.9951594472,0.0047370279,-42.0545043945,12.0242929459,20.7525863647,-0.4349497855,-0.3850215077,-0.7827387452,-0.3949095011,0.3182470202,-0.5045319796,0.0705443323,0.0468564332,-0.0356909037,0.0458699092,0.6264404058,0.6937866807,-0.3526642025,-42.0545043945,12.0242929459,20.7525863647,-0.4349497855,-0.3850215077,-0.7827387452,-0.3949095011,0.3182470202,-0.5045319796,0.0705443323,0.0468564332,-0.0356909037,0.0458699092,0.6264404058,0.6937866807,-0.3526642025,0.0000000000,0.0000000000,0.0000000000,0.0000000000,0.0000000000,0.0000000000,-0.4990386665,0.3466902673,-0.3691518903,0.9852321744,-0.1664728671,-0.0459678173,0.2402287573,0.6807363033,0.1177170873,-0.6821100116,
7018.078,0.1831110567,0.0610370189,0.9765923023,0.0653096139,0.0039063692,-1.0113834143,-0.1573534310,-0.0445570238,-0.4364146888,0.0023856983,0.0074589346,-0.0133709311,0.0311653242,0.0943973064,-0.9951574802,0.0047411644,-42.9700622559,7.5075531006,19.7759933472,-0.4640034139,-0.3700064123,-0.8014160395,-0.3925901055,0.3189794719,-0.5099032521,0.0417981446,0.0542098582,-0.0501992702,0.0484861769,0.6275733113,0.6942648888,-0.3493432701,-42.9700622559,7.5075531006,19.7759933472,-0.4640034139,-0.3700064123,-0.8014160395,-0.3925901055,0.3189794719,-0.5099032521,0.0417981446,0.0542098582,-0.0501992702,0.0484861769,0.6275733113,0.6942648888,-0.3493432701,0.0000000000,0.0000000000,0.0000000000,0.0000000000,0.0000000000,0.0000000000,-0.4980620742,0.3496200442,-0.3691518903,0.9852321148,-0.1664732844,-0.0459681153,0.2403591424,0.6807137728,0.1178468838,-0.6820641756,
7018.091,0.1220740378,0.0610370189,0.9765923023,0.0659199804,0.0042725913,-1.0115054846,-0.1541795135,-0.0457777642,-0.4382458031,0.0029754415,0.0078183161,-0.0134942532,0.0311757233,0.0944379792,-0.9951535463,0.0047400068,-43.2752456665,5.7985167503,19.5318470001,-0.5050203204,-0.3523056805,-0.8148441911,-0.3925901055,0.3216650784,-0.5050203204,0.0014079809,0.0641059875,-0.0596944690,0.0512975231,0.6286296844,0.6947253346,-0.3461122811,-43.2752456665,5.7985167503,19.5318470001,-0.5050203204,-0.3523056805,-0.8148441911,-0.3925901055,0.3216650784,-0.5050203204,0.0014079809,0.0641059875,-0.0596944690,0.0512975231,0.6286296844,0.6947253346,-0.3461122811,0.0000000000,0.0000000000,0.0000000000,0.0000000000,0.0000000000,0.0000000000,-0.4963530302,0.3491317630,-0.3730582595,0.9852319956,-0.1664736867,-0.0459682941,0.2404807210,0.6806927323,0.1179679036,-0.6820213795,
7018.104,0.1831110567,0.0000000000,0.9765923023,0.0666524246,0.0030518509,-1.0106509924,-0.1582079530,-0.0477309488,-0.4361705482,0.0036941767,0.0066074170,-0.0126406550,0.0311818421,0.0944913253,-0.9951480627,0.0047472301,-42.6038398743,8.4841451645,20.5084381104,-0.5191808939,-0.3309427202,-0.8351085186,-0.3930784166,0.3264259696,-0.5051423907,-0.0124107599,0.0775469840,-0.0758736730,0.0539739020,0.6298322082,0.6951061487,-0.3427380919,-42.6038398743,8.4841451645,20.5084381104,-0.5191808939,-0.3309427202,-0.8351085186,-0.3930784166,0.3264259696,-0.5051423907,-0.0124107599,0.0775469840,-0.0758736730,0.0539739020,0.6298322082,0.6951061487,-0.3427380919,0.0000000000,0.0000000000,0.0000000000,0.0000000000,0.0000000000,0.0000000000,-0.4975737929,0.3501083553,-0.3554795980,0.9852319956,-0.1664741337,-0.0459685922,0.2406393886,0.6806652546,0.1181259230,-0.6819655299,
7018.117,0.1220740378,0.0610370189,0.9765923023,0.0661641285,0.0036622211,-1.0112613440,-0.1555223316,-0.0424817652,-0.4397106767,0.0031841770,0.0072139441,-0.0132523775,0.0311928745,0.0944843218,-0.9951484799,0.0047461251,-42.6038398743,9.2165899277,21.3019199371,-0.5089266896,-0.3278908730,-0.8415784240,-0.3888058066,0.3297219872,-0.5050203204,-0.0019406080,0.0726006031,-0.0782390237,0.0565964319,0.6310977340,0.6954343319,-0.3393039405,-42.6038398743,9.2165899277,21.3019199371,-0.5089266896,-0.3278908730,-0.8415784240,-0.3888058066,0.3297219872,-0.5050203204,-0.0019406080,0.0726006031,-0.0782390237,0.0565964319,0.6310977340,0.6954343319,-0.3393039405,0.0000000000,0.0000000000,0.0000000000,0.0000000000,0.0000000000,0.0000000000,-0.4978179336,0.3505966365,-0.3691518903,0.9852319360,-0.1664745659,-0.0459688306,0.2407707125,0.6806424856,0.1182566658,-0.6819192767,
7018.130,0.1831110567,0.0000000000,0.9765923023,0.0654316843,0.0023194067,-1.0099185705,-0.1578417271,-0.0430921353,-0.4358043075,0.0024439618,0.0058845575,-0.0119101405,0.0311961379,0.0944794863,-0.9951487184,0.0047530285,-42.9700622559,8.9724416733,21.7902164459,-0.4968413413,-0.3285012245,-0.8436536789,-0.3905148506,0.3288674653,-0.5013580918,0.0103393495,0.0639165938,-0.0762624145,0.0592389181,0.6323500872,0.6957532763,-0.3358498514,-42.9700622559,8.9724416733,21.7902164459,-0.4968413413,-0.3285012245,-0.8436536789,-0.3905148506,0.3288674653,-0.5013580918,0.0103393495,0.0639165938,-0.0762624145,0.0592389181,0.6323500872,0.6957532763,-0.3358498514,0.0000000000,0.0000000000,0.0000000000,0.0000000000,0.0000000000,0.0000000000,-0.4987945259,0.3530381322,-0.3593859673,0.9852317572,-0.1664749831,-0.0459689498,0.2409277260,0.6806151867,0.1184130535,-0.6818638444,
7018.143,0.1831110567,0.0000000000,0.9765923023,0.0659199804,0.0042725913,-1.0110172033,-0.1580858827,-0.0441908017,-0.4323862493,0.0029224604,0.0078414716,-0.0130094290,0.0312008001,0.0944888890,-0.9951477647,0.0047556446,-43.6414680481,7.6906642914,21.7902164459,-0.4753563106,-0.3292336762,-0.8530533910,-0.3869746923,0.3319193125,-0.5000152588,0.0320548117,0.0550374389,-0.0817031860,0.0619399771,0.6335480213,0.6960860491,-0.3323978484,-43.6414680481,7.6906642914,21.7902164459,-0.4753563106,-0.3292336762,-0.8530533910,-0.3869746923,0.3319193125,-0.5000152588,0.0320548117,0.0550374389,-0.0817031860,0.0619399771,0.6335480213,0.6960860491,-0.3323978484,0.0000000000,0.0000000000,0.0000000000,0.0000000000,0.0000000000,0.0000000000,-0.4970854819,0.3515732288,-0.3593859673,0.9852317572,-0.1664754003,-0.0459692478,0.2410806566,0.6805886030,0.1185653731,-0.6818099022,
7018.156,0.1220740378,-0.0610370189,0.9765923023,0.0657979101,0.0018311106,-1.0105289221,-0.1586962491,-0.0419934690,-0.4327524602,0.0028017461,0.0054051192,-0.0125210285,0.0311999843,0.0944679230,-0.9951496124,0.0047574774,-45.4115409851,3.4791100025,20.6915493011,-0.4835352600,-0.3144627213,-0.8619647622,-0.3868526220,0.3368022740,-0.5001373291,0.0245899856,0.0614493489,-0.0869753361,0.0649808720,0.6345406771,0.6964888573,-0.3290634751,-45.4115409851,3.4791100025,20.6915493011,-0.4835352600,-0.3144627213,-0.8619647622,-0.3868526220,0.3368022740,-0.5001373291,0.0245899856,0.0614493489,-0.0869753361,0.0649808720,0.6345406771,0.6964888573,-0.3290634751,0.0000000000,0.0000000000,0.0000000000,0.0000000000,0.0000000000,0.0000000000,-0.4990386665,0.3535264134,-0.3574327826,0.9852315187,-0.1664757729,-0.0459694266,0.2412414253,0.6805605292,0.1187255308,-0.6817530990,
7018.169,0.1831110567,-0.0610370189,1.0376293659,0.0650654659,0.0015869625,-1.0117496252,-0.1551561058,-0.0448011719,-0.4275032878,0.0020746514,0.0051785968,-0.0137414932,0.0311963782,0.0944896564,-0.9951477647,0.0047666812,-45.8388023376,2.0142216682,20.4474010468,-0.5078279972,-0.2846766710,-0.8695333600,-0.3908810616,0.3368022740,-0.4962309599,0.0012565851,0.0826968551,-0.0910877585,0.0682013929,0.6354594827,0.6968914866,-0.3257694840,-45.8388023376,2.0142216682,20.4474010468,-0.5078279972,-0.2846766710,-0.8695333600,-0.3908810616,0.3368022740,-0.4962309599,0.0012565851,0.0826968551,-0.0910877585,0.0682013929,0.6354594827,0.6968914866,-0.3257694840,0.0000000000,0.0000000000,0.0000000000,0.0000000000,0.0000000000,0.0000000000,-0.4973296225,0.3564561903,-0.3535264134,0.9852315187,-0.1664762348,-0.0459696651,0.2414191812,0.6805295348,0.1189026311,-0.6816902757,
7018.182,0.1831110567,-0.0610370189,1.0376293659,0.0654316843,0.0035401471,-1.0110172033,-0.1554002464,-0.0427259132,-0.4304330647,0.0024441779,0.0071396655,-0.0130088925,0.0311943889,0.0944829732,-0.9951483607,0.0047702412,-45.4115409851,2.4414808750,20.8746604919,-0.5194250345,-0.2728354633,-0.8795434237,-0.3852656782,0.3438825607,-0.4978179336,-0.0094181299,0.0859620869,-0.0977098942,0.0713897422,0.6364283562,0.6972226501,-0.3224697709,-45.4115409851,2.4414808750,20.8746604919,-0.5194250345,-0.2728354633,-0.8795434237,-0.3852656782,0.3438825607,-0.4978179336,-0.0094181299,0.0859620869,-0.0977098942,0.0713897422,0.6364283562,0.6972226501,-0.3224697709,0.0000000000,0.0000000000,0.0000000000,0.0000000000,0.0000000000,0.0000000000,-0.4975737929,0.3559679091,-0.3554795980,0.9852314591,-0.1664766818,-0.0459699035,0.2415903509,0.6804996729,0.1190731749,-0.6816297174,
7018.195,0.1831110567,-0.0610370189,0.9765923023,0.0645771697,0.0048829615,-1.0122379065,-0.1535691470,-0.0444349498,-0.4327524602,0.0015975013,0.0084830504,-0.0142291188,0.0311903320,0.0945089161,-0.9951460361,0.0047709672,-44.0687294006,6.4088869095,22.4616222382,-0.5357829332,-0.2607501447,-0.8807641864,-0.3855098188,0.3433942795,-0.4986724555,-0.0252728462,0.0894618332,-0.0953753591,0.0743314698,0.6376019120,0.6974252462,-0.3190304339,-44.0687294006,6.4088869095,22.4616222382,-0.5357829332,-0.2607501447,-0.8807641864,-0.3855098188,0.3433942795,-0.4986724555,-0.0252728462,0.0894618332,-0.0953753591,0.0743314698,0.6376019120,0.6974252462,-0.3190304339,0.0000000000,0.0000000000,0.0000000000,0.0000000000,0.0000000000,0.0000000000,-0.4975737929,0.3584093750,-0.3535264134,0.9852311611,-0.1664770842,-0.0459699035,0.2417718470,0.6804678440,0.1192540452,-0.6815653443,
7018.208,0.1831110567,-0.0610370189,1.0376293659,0.0646992400,0.0036622211,-1.0117496252,-0.1551561058,-0.0429700613,-0.4366588295,0.0017266497,0.0072695594,-0.0137404203,0.0311864801,0.0945045650,-0.9951465726,0.0047741048,-43.6414680481,8.1179237366,23.3161411285,-0.5276039839,-0.2568437755,-0.8783227205,-0.3820917308,0.3507187068,-0.4959868193,-0.0168377757,0.0847673118,-0.0893217325,0.0771449730,0.6388635039,0.6975655556,-0.3155125082,-43.6414680481,8.1179237366,23.3161411285,-0.5276039839,-0.2568437755,-0.8783227205,-0.3820917308,0.3507187068,-0.4959868193,-0.0168377757,0.0847673118,-0.0893217325,0.0771449730,0.6388635039,0.6975655556,-0.3155125082,0.0000000000,0.0000000000,0.0000000000,0.0000000000,0.0000000000,0.0000000000,-0.4983062148,0.3593859673,-0.3574327826,0.9852316380,-0.1664776206,-0.0459706783,0.2419467121,0.6804373860,0.1194282547,-0.6815035939,
7018.221,0.1220740378,-0.0610370189,0.9765923023,0.0637226477,0.0034180731,-1.0101627111,-0.1538132876,-0.0465102084,-0.4373912811,0.0007613823,0.0070224991,-0.0121527910,0.0311807338,0.0945551544,-0.9951419234,0.0047737029,-43.3973197937,9.0334787369,23.9265117645,-0.5130771995,-0.2529374063,-0.8767357469,-0.3809930682,0.3516952991,-0.4913479984,-0.0022346377,0.0800581574,-0.0841103792,0.0798774734,0.6401634812,0.6976727843,-0.3119405508,-43.3973197937,9.0334787369,23.9265117645,-0.5130771995,-0.2529374063,-0.8767357469,-0.3809930682,0.3516952991,-0.4913479984,-0.0022346377,0.0800581574,-0.0841103792,0.0798774734,0.6401634812,0.6976727843,-0.3119405508,0.0000000000,0.0000000000,0.0000000000,0.0000000000,0.0000000000,0.0000000000,-0.4978179336,0.3593859673,-0.3535264134,0.9852312207,-0.1664779633,-0.0459706783,0.2421290874,0.6804052591,0.1196100265,-0.6814388037,
7018.234,0.1831110567,0.0000000000,0.9765923023,0.0648213178,0.0021973327,-1.0102847815,-0.1555223316,-0.0449232459,-0.4351939559,0.0018553063,0.0058155274,-0.0122751594,0.0311823264,0.0945802480,-0.9951394796,0.0047815703,-44.4959869385,7.9348125458,23.9875488281,-0.4830469787,-0.2448805273,-0.8750267029,-0.3785516024,0.3524277508,-0.4891506732,0.0278833210,0.0793396831,-0.0788289905,0.0826905072,0.6414154172,0.6978029013,-0.3083235621,-44.4959869385,7.9348125458,23.9875488281,-0.4830469787,-0.2448805273,-0.8750267029,-0.3785516024,0.3524277508,-0.4891506732,0.0278833210,0.0793396831,-0.0788289905,0.0826905072,0.6414154172,0.6978029013,-0.3083235621,0.0000000000,0.0000000000,0.0000000000,0.0000000000,0.0000000000,0.0000000000,-0.4987945259,0.3618274629,-0.3574327826,0.9852310419,-0.1664783955,-0.0459707975,0.2423088253,0.6803736091,0.1197891533,-0.6813749671,
7018.247,0.1220740378,0.0000000000,1.0376293659,0.0638447255,0.0028077029,-1.0102847815,-0.1551561058,-0.0473647267,-0.4310434163,0.0008788407,0.0064266180,-0.0122751594,0.0311819725,0.0946333185,-0.9951344132,0.0047835861,-45.5336151123,6.1647391319,23.8044376373,-0.4817041457,-0.2326731235,-0.8745384216,-0.3817255199,0.3598742783,-0.4913479984,0.0295109451,0.0826046318,-0.0749404430,0.0856671482,0.6425838470,0.6979461908,-0.3047329485,-45.5336151123,6.1647391319,23.8044376373,-0.4817041457,-0.2326731235,-0.8745384216,-0.3817255199,0.3598742783,-0.4913479984,0.0295109451,0.0826046318,-0.0749404430,0.0856671482,0.6425838470,0.6979461908,-0.3047329485,0.0000000000,0.0000000000,0.0000000000,0.0000000000,0.0000000000,0.0000000000,-0.4985503852,0.3613391519,-0.3535264134,0.9852309227,-0.1664788574,-0.0459709764,0.2424946278,0.6803408861,0.1199743301,-0.6813089252,
7018.260,0.1831110567,0.0000000000,1.0376293659,0.0642109439,0.0018311106,-1.0094301701,-0.1558885425,-0.0452894680,-0.4373912811,0.0012431219,0.0054661953,-0.0114207864,0.0311820656,0.0946556702,-0.9951322079,0.0047924304,-46.4491729736,4.2115545273,23.6823635101,-0.4826807380,-0.2181463093,-0.8762474656,-0.3779412210,0.3619495332,-0.4876857698,0.0290517807,0.0880194157,-0.0734469891,0.0888163447,0.6436769962,0.6980860233,-0.3011833727,-46.4491729736,4.2115545273,23.6823635101,-0.4826807380,-0.2181463093,-0.8762474656,-0.3779412210,0.3619495332,-0.4876857698,0.0290517807,0.0880194157,-0.0734469891,0.0888163447,0.6436769962,0.6980860233,-0.3011833727,0.0000000000,0.0000000000,0.0000000000,0.0000000000,0.0000000000,0.0000000000,-0.4980620742,0.3642689288,-0.3554795980,0.9852310419,-0.1664793640,-0.0459714532,0.2426840961,0.6803075671,0.1201631576,-0.6812416315,
7018.273,0.1831110567,0.0000000000,0.9765923023,0.0642109439,0.0056154057,-1.0112613440,-0.1527146250,-0.0450453199,-0.4398327470,0.0012417287,0.0092472415,-0.0132519603,0.0311827529,0.0946895108,-0.9951289892,0.0047919392,-47.4868011475,2.3804438114,23.5602893829,-0.4875636995,-0.1938535720,-0.8840602040,-0.3807489276,0.3623157442,-0.4829249084,0.0249123871,0.1029626280,-0.0782295465,0.0921644792,0.6446855664,0.6982403398,-0.2976413667,-47.4868011475,2.3804438114,23.5602893829,-0.4875636995,-0.1938535720,-0.8840602040,-0.3807489276,0.3623157442,-0.4829249084,0.0249123871,0.1029626280,-0.0782295465,0.0921644792,0.6446855664,0.6982403398,-0.2976413667,0.0000000000,0.0000000000,0.0000000000,0.0000000000,0.0000000000,0.0000000000,-0.4973296225,0.3569445014,-0.3535264134,0.9852308035,-0.1664797813,-0.0459715128,0.2428559512,0.6802771688,0.1203344390,-0.6811804175,
7018.286,0.1831110567,0.0000000000,0.9765923023,0.0633564293,0.0031739250,-1.0104068518,-0.1554002464,-0.0499282815,-0.4277474284,0.0003897622,0.0068145702,-0.0123974085,0.0311806276,0.0947802961,-0.9951204062,0.0047990493,-47.7309494019,2.1973326206,23.2551040649,-0.4808496237,-0.1875057220,-0.8850367665,-0.3800164759,0.3668324947,-0.4863429666,0.0323118567,0.0999445915,-0.0762531757,0.0955050811,0.6456610560,0.6983962655,-0.2940867245,-47.7309494019,2.1973326206,23.2551040649,-0.4808496237,-0.1875057220,-0.8850367665,-0.3800164759,0.3668324947,-0.4863429666,0.0323118567,0.0999445915,-0.0762531757,0.0955050811,0.6456610560,0.6983962655,-0.2940867245,0.0000000000,0.0000000000,0.0000000000,0.0000000000,0.0000000000,0.0000000000,-0.4990386665,0.3603625596,-0.3125095367,0.9852305651,-0.1664802730,-0.0459715724,0.2431288213,0.6802288294,0.1206065789,-0.6810830832,
7018.299,0.1831110567,0.0000000000,0.9765923023,0.0640888736,0.0025635548,-1.0100406408,-0.1558885425,-0.0448011719,-0.4326303899,0.0011210293,0.0062159747,-0.0120313168,0.0311805513,0.0948020071,-0.9951182604,0.0048056487,-48.0971717834,1.4038513899,22.8888816833,-0.4672994316,-0.1831110567,-0.8847926259,-0.3772087693,0.3714712858,-0.4834131896,0.0465492904,0.0949590355,-0.0731717944,0.0988699570,0.6465765834,0.6985649467,-0.2905414104,-48.0971717834,1.4038513899,22.8888816833,-0.4672994316,-0.1831110567,-0.8847926259,-0.3772087693,0.3714712858,-0.4834131896,0.0465492904,0.0949590355,-0.0731717944,0.0988699570,0.6465765834,0.6985649467,-0.2905414104,0.0000000000,0.0000000000,0.0000000000,0.0000000000,0.0000000000,0.0000000000,-0.4965972006,0.3642689288,-0.3105563521,0.9852305651,-0.1664807796,-0.0459719896,0.2434180826,0.6801775694,0.1208950877,-0.6809799075,
7018.312,0.1831110567,0.0610370189,0.9765923023,0.0643330216,0.0023194067,-1.0096743107,-0.1534470618,-0.0441908017,-0.4367808998,0.0013520420,0.0059847459,-0.0116658211,0.0311863869,0.0948220715,-0.9951162338,0.0048133344,-49.8672447205,-3.1739249229,22.4005851746,-0.4752342403,-0.1669972837,-0.8930936456,-0.3707388639,0.3751335144,-0.4807275534,0.0399077237,0.1014209092,-0.0790475011,0.1026102528,0.6473338604,0.6987315416,-0.2871377170,-49.8672447205,-3.1739249229,22.4005851746,-0.4752342403,-0.1669972837,-0.8930936456,-0.3707388639,0.3751335144,-0.4807275534,0.0399077237,0.1014209092,-0.0790475011,0.1026102528,0.6473338604,0.6987315416,-0.2871377170,0.0000000000,0.0000000000,0.0000000000,0.0000000000,0.0000000000,0.0000000000,-0.4995269775,0.3632923365,-0.3125095367,0.9852304459,-0.1664812714,-0.0459722877,0.2436964661,0.6801280379,0.1211727634,-0.6808804274,
7018.325,0.1831110567,0.0610370189,0.9765923023,0.0653096139,0.0048829615,-1.0111392736,-0.1568651348,-0.0441908017,-0.4345835745,0.0023112372,0.0085485168,-0.0131319165,0.0311949998,0.0948323309,-0.9951149821,0.0048145913,-51.0269470215,-5.9816279411,22.7668075562,-0.4914700687,-0.1529587656,-0.8996856809,-0.3768425584,0.3776970804,-0.4836573303,0.0253914893,0.1055551618,-0.0835273862,0.1066223308,0.6480093002,0.6988611817,-0.2838177681,-51.0269470215,-5.9816279411,22.7668075562,-0.4914700687,-0.1529587656,-0.8996856809,-0.3768425584,0.3776970804,-0.4836573303,0.0253914893,0.1055551618,-0.0835273862,0.1066223308,0.6480093002,0.6988611817,-0.2838177681,0.0000000000,0.0000000000,0.0000000000,0.0000000000,0.0000000000,0.0000000000,-0.4968413413,0.3637806475,-0.3066499829,0.9852302670,-0.1664817780,-0.0459723473,0.2439908236,0.6800755262,0.1214664131,-0.6807750463,
7018.338,0.1831110567,0.0610370189,0.9765923023,0.0655537620,0.0030518509,-1.0117496252,-0.1567430645,-0.0439466536,-0.4353160262,0.0025370866,0.0067266719,-0.0137434602,0.0312036499,0.0948394090,-0.9951138496,0.0048202989,-52.0645790100,-7.9348125458,23.4992523193,-0.5051423907,-0.1403851509,-0.9056673050,-0.3748893738,0.3816034496,-0.4840235710,0.0137460232,0.1079671085,-0.0876423717,0.1108403578,0.6486647725,0.6989210248,-0.2805386484,-52.0645790100,-7.9348125458,23.4992523193,-0.5051423907,-0.1403851509,-0.9056673050,-0.3748893738,0.3816034496,-0.4840235710,0.0137460232,0.1079671085,-0.0876423717,0.1108403578,0.6486647725,0.6989210248,-0.2805386484,0.0000000000,0.0000000000,0.0000000000,0.0000000000,0.0000000000,0.0000000000,-0.4965972006,0.3657338321,-0.3125095367,0.9852304459,-0.1664823145,-0.0459728837,0.2442752570,0.6800248027,0.1217501462,-0.6806732416,
7018.351,0.1831110567,0.0000000000,0.9155552983,0.0659199804,0.0040284432,-1.0101627111,-0.1514938772,-0.0450453199,-0.4323862493,0.0028933287,0.0077069700,-0.0121571422,0.0312082246,0.0948829502,-0.9951097965,0.0048239822,-53.2853164673,-10.6814785004,25.4524364471,-0.5183263421,-0.1041291580,-0.8883327842,-0.3746452332,0.3842890859,-0.4799951315,0.0031133294,0.1335707605,-0.0687673688,0.1154085398,0.6493507028,0.6988350749,-0.2773051560,-53.2853164673,-10.6814785004,25.4524364471,-0.5183263421,-0.1041291580,-0.8883327842,-0.3746452332,0.3842890859,-0.4799951315,0.0031133294,0.1335707605,-0.0687673688,0.1154085398,0.6493507028,0.6988350749,-0.2773051560,0.0000000000,0.0000000000,0.0000000000,0.0000000000,0.0000000000,0.0000000000,-0.4990386665,0.3657338321,-0.3066499829,0.9852302074,-0.1664828211,-0.0459729433,0.2445710450,0.6799717546,0.1220452785,-0.6805670261,
7018.364,0.1831110567,0.0610370189,0.9765923023,0.0638447255,0.0019531846,-1.0115054846,-0.1512497365,-0.0445570238,-0.4342173636,0.0008082539,0.0056463359,-0.0135006309,0.0312122814,0.0949146152,-0.9951063991,0.0048327269,-53.1022071838,-11.1697740555,26.2459182739,-0.5162510872,-0.0880153850,-0.8777123094,-0.3754997551,0.3875850737,-0.4824365973,0.0078040957,0.1389411986,-0.0567712188,0.1200164482,0.6500650048,0.6986629963,-0.2740903497,-53.1022071838,-11.1697740555,26.2459182739,-0.5162510872,-0.0880153850,-0.8777123094,-0.3754997551,0.3875850737,-0.4824365973,0.0078040957,0.1389411986,-0.0567712188,0.1200164482,0.6500650048,0.6986629963,-0.2740903497,0.0000000000,0.0000000000,0.0000000000,0.0000000000,0.0000000000,0.0000000000,-0.4978179336,0.3647572398,-0.3105563521,0.9852301478,-0.1664833128,-0.0459732413,0.2448536605,0.6799209714,0.1223272607,-0.6804655194,
7018.377,0.1831110567,0.0000000000,0.9155552983,0.0649433881,0.0042725913,-1.0110172033,-0.1527146250,-0.0438245796,-0.4317758679,0.0019021407,0.0079681687,-0.0130125880,0.0312144291,0.0949379504,-0.9951041937,0.0048348932,-52.8580589294,-11.4139223099,26.7952518463,-0.5048982501,-0.0782494619,-0.8708761930,-0.3761101067,0.3947874308,-0.4738914073,0.0217439532,0.1379345059,-0.0486844182,0.1246199831,0.6507800817,0.6984449029,-0.2708763182,-52.8580589294,-11.4139223099,26.7952518463,-0.5048982501,-0.0782494619,-0.8708761930,-0.3761101067,0.3947874308,-0.4738914073,0.0217439532,0.1379345059,-0.0486844182,0.1246199831,0.6507800817,0.6984449029,-0.2708763182,0.0000000000,0.0000000000,0.0000000000,0.0000000000,0.0000000000,0.0000000000,-0.4987945259,0.3657338321,-0.3105563521,0.9852299690,-0.1664838493,-0.0459734797,0.2451370955,0.6798699498,0.1226100773,-0.6803635359,
7018.390,0.1831110567,0.0000000000,0.9765923023,0.0651875362,0.0028077029,-1.0102847815,-0.1534470618,-0.0448011719,-0.4347056448,0.0021401718,0.0065135891,-0.0122806430,0.0312168580,0.0949655026,-0.9951013923,0.0048411828,-53.2853164673,-13.1839962006,27.1614742279,-0.5125888586,-0.0550553910,-0.8709982634,-0.3745231628,0.3912473023,-0.4666890502,0.0168828368,0.1501773149,-0.0478181243,0.1293895692,0.6514512300,0.6981727481,-0.2677093148,-53.2853164673,-13.1839962006,27.1614742279,-0.5125888586,-0.0550553910,-0.8709982634,-0.3745231628,0.3912473023,-0.4666890502,0.0168828368,0.1501773149,-0.0478181243,0.1293895692,0.6514512300,0.6981727481,-0.2677093148,0.0000000000,0.0000000000,0.0000000000,0.0000000000,0.0000000000,0.0000000000,-0.4978179336,0.3715933859,-0.3105563521,0.9852299094,-0.1664843559,-0.0459737778,0.2454365939,0.6798158884,0.1229089648,-0.6802556515,
7018.403,0.1831110567,0.0000000000,0.9765923023,0.0650654659,0.0018311106,-1.0106509924,-0.1564989239,-0.0449232459,-0.4323862493,0.0020127073,0.0055520860,-0.0126472116,0.0312187281,0.0949855745,-0.9950994849,0.0048495820,-53.7736129761,-13.7333288193,27.2225112915,-0.5166173577,-0.0448011719,-0.8792992830,-0.3726920485,0.3961302638,-0.4685201645,0.0156990886,0.1493839025,-0.0552743077,0.1342041790,0.6521031260,0.6978667378,-0.2645311654,-53.7736129761,-13.7333288193,27.2225112915,-0.5166173577,-0.0448011719,-0.8792992830,-0.3726920485,0.3961302638,-0.4685201645,0.0156990886,0.1493839025,-0.0552743077,0.1342041790,0.6521031260,0.6978667378,-0.2645311654,0.0000000000,0.0000000000,0.0000000000,0.0000000000,0.0000000000,0.0000000000,-0.4965972006,0.3662221134,-0.3125095367,0.9852299690,-0.1664848775,-0.0459741950,0.2457150817,0.6797655225,0.1231868714,-0.6801552773,
7018.416,0.1831110567,0.0610370189,0.9765923023,0.0660420582,0.0028077029,-1.0094301701,-0.1528366953,-0.0444349498,-0.4312875867,0.0029681399,0.0065388507,-0.0114277601,0.0312286746,0.0950106457,-0.9950965643,0.0048564440,-54.4450225830,-14.5878477097,27.5276947021,-0.5327311158,-0.0308847316,-0.8835718632,-0.3767204881,0.3961302638,-0.4659565985,0.0025485754,0.1520916075,-0.0589017272,0.1391339898,0.6527127624,0.6975279450,-0.2613554001,-54.4450225830,-14.5878477097,27.5276947021,-0.5327311158,-0.0308847316,-0.8835718632,-0.3767204881,0.3961302638,-0.4659565985,0.0025485754,0.1520916075,-0.0589017272,0.1391339898,0.6527127624,0.6975279450,-0.2613554001,0.0000000000,0.0000000000,0.0000000000,0.0000000000,0.0000000000,0.0000000000,-0.4973296225,0.3667104244,-0.3066499829,0.9852296710,-0.1664853692,-0.0459742546,0.2460074425,0.6797124147,0.1234786883,-0.6800495982,
7018.429,0.1831110567,0.0000000000,0.9765923023,0.0650654659,0.0023194067,-1.0116275549,-0.1525925547,-0.0434583575,-0.4355601668,0.0019865930,0.0060631204,-0.0136255622,0.0312304832,0.0950224325,-0.9950954914,0.0048633055,-54.2008743286,-14.8319959641,28.6263618469,-0.5460371971,-0.0090334788,-0.8806421161,-0.3776970804,0.4008911550,-0.4624164701,-0.0077347755,0.1625970900,-0.0555004478,0.1441174895,0.6533657908,0.6970853209,-0.2581846416,-54.2008743286,-14.8319959641,28.6263618469,-0.5460371971,-0.0090334788,-0.8806421161,-0.3776970804,0.4008911550,-0.4624164701,-0.0077347755,0.1625970900,-0.0555004478,0.1441174895,0.6533657908,0.6970853209,-0.2581846416,0.0000000000,0.0000000000,0.0000000000,0.0000000000,0.0000000000,0.0000000000,-0.4997711182,0.3706167936,-0.3086031675,0.9852296114,-0.1664858758,-0.0459745526,0.2463033497,0.6796585917,0.1237740517,-0.6799426079,
7018.442,0.1220740378,0.0000000000,1.0376293659,0.0659199804,0.0025635548,-1.0113834143,-0.1540574431,-0.0422376171,-0.4358043075,0.0028319657,0.0063086026,-0.0133820176,0.0312350467,0.0950081870,-0.9950966835,0.0048639583,-53.5294647217,-14.9540700912,29.1146583557,-0.5433515310,-0.0001220740,-0.8728293777,-0.3774529397,0.3994262516,-0.4627826810,-0.0020586252,0.1602073461,-0.0473708510,0.1490660757,0.6540369987,0.6965695024,-0.2550491095,-53.5294647217,-14.9540700912,29.1146583557,-0.5433515310,-0.0001220740,-0.8728293777,-0.3774529397,0.3994262516,-0.4627826810,-0.0020586252,0.1602073461,-0.0473708510,0.1490660757,0.6540369987,0.6965695024,-0.2550491095,0.0000000000,0.0000000000,0.0000000000,0.0000000000,0.0000000000,0.0000000000,-0.4997711182,0.3686636090,-0.3086031675,0.9852293730,-0.1664863378,-0.0459747314,0.2465920895,0.6796059012,0.1240622923,-0.6798380017,
7018.455,0.1220740378,-0.0610370189,0.9765923023,0.0649433881,0.0023194067,-1.0117496252,-0.1546678096,-0.0434583575,-0.4422742426,0.0018617958,0.0060663181,-0.0137478113,0.0312317424,0.0950118825,-0.9950963855,0.0048646969,-52.7359848022,-15.5034027100,29.5419178009,-0.5355387926,0.0057374798,-0.8624531031,-0.3746452332,0.4058961868,-0.4632709622,0.0087562799,0.1548485756,-0.0368661284,0.1539835483,0.6547252536,0.6959686279,-0.2519832850,-52.7359848022,-15.5034027100,29.5419178009,-0.5355387926,0.0057374798,-0.8624531031,-0.3746452332,0.4058961868,-0.4632709622,0.0087562799,0.1548485756,-0.0368661284,0.1539835483,0.6547252536,0.6959686279,-0.2519832850,0.0000000000,0.0000000000,0.0000000000,0.0000000000,0.0000000000,0.0000000000,-0.4348277152,0.3715933859,-0.3066499829,0.9852292538,-0.1664868891,-0.0459749699,0.2469310611,0.6795439124,0.1244007424,-0.6797150373,
7018.468,0.1831110567,-0.0610370189,0.9765923023,0.0660420582,0.0037842952,-1.0107730627,-0.1500289887,-0.0433362834,-0.4373912811,0.0029611290,0.0075364504,-0.0127711892,0.0312310755,0.0950295329,-0.9950947165,0.0048678303,-51.6983566284,-17.2124385834,30.1522865295,-0.5334635377,0.0329599902,-0.8513443470,-0.3722037375,0.4095583856,-0.4602191150,0.0140456557,0.1708501279,-0.0259322524,0.1589784771,0.6554228067,0.6952489018,-0.2490377128,-51.6983566284,-17.2124385834,30.1522865295,-0.5334635377,0.0329599902,-0.8513443470,-0.3722037375,0.4095583856,-0.4602191150,0.0140456557,0.1708501279,-0.0259322524,0.1589784771,0.6554228067,0.6952489018,-0.2490377128,0.0000000000,0.0000000000,0.0000000000,0.0000000000,0.0000000000,0.0000000000,-0.4355601668,0.3735465705,-0.3105563521,0.9852293730,-0.1664874852,-0.0459755063,0.2472635806,0.6794830561,0.1247327477,-0.6795943379,
7018.481,0.1220740378,-0.0610370189,0.9765923023,0.0656758323,0.0029297769,-1.0107730627,-0.1502731442,-0.0443128757,-0.4377574921,0.0025973767,0.0066807363,-0.0127710700,0.0312297568,0.0950589254,-0.9950919151,0.0048680394,-51.5762825012,-17.9448833466,30.5185089111,-0.5306558609,0.0471205786,-0.8476821184,-0.3709830046,0.4093142450,-0.4569231272,0.0201038718,0.1737419963,-0.0226268768,0.1640102863,0.6561126709,0.6944693923,-0.2461158782,-51.5762825012,-17.9448833466,30.5185089111,-0.5306558609,0.0471205786,-0.8476821184,-0.3709830046,0.4093142450,-0.4569231272,0.0201038718,0.1737419963,-0.0226268768,0.1640102863,0.6561126709,0.6944693923,-0.2461158782,0.0000000000,0.0000000000,0.0000000000,0.0000000000,0.0000000000,0.0000000000,-0.4353160262,0.3720816672,-0.2949308753,0.9852291942,-0.1664880365,-0.0459756851,0.2476300597,0.6794156432,0.1250987500,-0.6794609427,
7018.494,0.1220740378,-0.0610370189,0.9765923023,0.0668965727,0.0036622211,-1.0099185705,-0.1524704695,-0.0440687276,-0.4303109944,0.0038142726,0.0074083591,-0.0119168162,0.0312317964,0.0950799882,-0.9950899482,0.0048664822,-51.4542083740,-18.7383651733,31.0678424835,-0.5352946520,0.0594500564,-0.8469496965,-0.3733024001,0.4143192768,-0.4555803239,0.0187807083,0.1747486740,-0.0224544406,0.1690918803,0.6567975879,0.6936198473,-0.2432289720,-51.4542083740,-18.7383651733,31.0678424835,-0.5352946520,0.0594500564,-0.8469496965,-0.3733024001,0.4143192768,-0.4555803239,0.0187807083,0.1747486740,-0.0224544406,0.1690918803,0.6567975879,0.6936198473,-0.2432289720,0.0000000000,0.0000000000,0.0000000000,0.0000000000,0.0000000000,0.0000000000,-0.4367808998,0.3745231628,-0.3125095367,0.9852289557,-0.1664885581,-0.0459758639,0.2479561269,0.6793554425,0.1254243851,-0.6793420911,
7018.507,0.1831110567,-0.0610370189,0.9765923023,0.0654316843,0.0028077029,-1.0115054846,-0.1538132876,-0.0419934690,-0.4362926185,0.0023532957,0.0065639191,-0.0135034919,0.0312294252,0.0950683504,-0.9950910807,0.0048709493,-51.3321342468,-19.8370304108,32.5937690735,-0.5514084101,0.0809350908,-0.8407238722,-0.3706167936,0.4165166318,-0.4500869811,0.0061602592,0.1847196221,-0.0170540214,0.1742956340,0.6575353146,0.6926227212,-0.2403874248,-51.3321342468,-19.8370304108,32.5937690735,-0.5514084101,0.0809350908,-0.8407238722,-0.3706167936,0.4165166318,-0.4500869811,0.0061602592,0.1847196221,-0.0170540214,0.1742956340,0.6575353146,0.6926227212,-0.2403874248,0.0000000000,0.0000000000,0.0000000000,0.0000000000,0.0000000000,0.0000000000,-0.4345835745,0.3725699782,-0.2968840599,0.9852291346,-0.1664891690,-0.0459764004,0.2483158708,0.6792889833,0.1257836968,-0.6792109013,
7018.520,0.1220740378,-0.0610370189,1.0376293659,0.0636005774,0.0036622211,-1.0107730627,-0.1522263288,-0.0445570238,-0.4276253581,0.0005348995,0.0074142730,-0.0127702355,0.0312231742,0.0950918645,-0.9950889945,0.0048690075,-50.9659118652,-20.2642898560,33.2651748657,-0.5484786630,0.0878933072,-0.8384044766,-0.3703726232,0.4166387022,-0.4433729053,0.0125618577,0.1801596284,-0.0157216787,0.1794977337,0.6582801938,0.6915581822,-0.2375692576,-50.9659118652,-20.2642898560,33.2651748657,-0.5484786630,0.0878933072,-0.8384044766,-0.3703726232,0.4166387022,-0.4433729053,0.0125618577,0.1801596284,-0.0157216787,0.1794977337,0.6582801938,0.6915581822,-0.2375692576,0.0000000000,0.0000000000,0.0000000000,0.0000000000,0.0000000000,0.0000000000,-0.4367808998,0.3725699782,-0.2949308753,0.9852289557,-0.1664897203,-0.0459765792,0.2486774921,0.6792218685,0.1261449456,-0.6790786386,
7018.533,0.1220740378,-0.0610370189,0.9765923023,0.0644550920,0.0034180731,-1.0107730627,-0.1560106277,-0.0437025055,-0.4253059626,0.0013978034,0.0071665137,-0.0127696991,0.0312191304,0.0950984061,-0.9950885177,0.0048670140,-50.3555412292,-21.1188087463,33.7534713745,-0.5417645574,0.0955839753,-0.8349864483,-0.3728141189,0.4207892120,-0.4415417910,0.0227710605,0.1763767302,-0.0134882927,0.1847016364,0.6590220332,0.6904224157,-0.2348110676,-50.3555412292,-21.1188087463,33.7534713745,-0.5417645574,0.0955839753,-0.8349864483,-0.3728141189,0.4207892120,-0.4415417910,0.0227710605,0.1763767302,-0.0134882927,0.1847016364,0.6590220332,0.6904224157,-0.2348110676,0.0000000000,0.0000000000,0.0000000000,0.0000000000,0.0000000000,0.0000000000,-0.4345835745,0.3725699782,-0.2929776907,0.9852287173,-0.1664902419,-0.0459768176,0.2490436435,0.6791536808,0.1265107542,-0.6789445281,
7018.546,0.1220740378,-0.0610370189,0.9765923023,0.0655537620,0.0032959990,-1.0121158361,-0.1555223316,-0.0437025055,-0.4309213459,0.0024998486,0.0070414688,-0.0141122341,0.0312175564,0.0951050594,-0.9950879216,0.0048655826,-49.1347999573,-23.4382152557,34.1196937561,-0.5366374850,0.1181676686,-0.8155766726,-0.3720816672,0.4211554229,-0.4461806118,0.0316668153,0.1875506043,0.0043649077,0.1899947673,0.6597605348,0.6891524196,-0.2322309464,-49.1347999573,-23.4382152557,34.1196937561,-0.5366374850,0.1181676686,-0.8155766726,-0.3720816672,0.4211554229,-0.4461806118,0.0316668153,0.1875506043,0.0043649077,0.1899947673,0.6597605348,0.6891524196,-0.2322309464,0.0000000000,0.0000000000,0.0000000000,0.0000000000,0.0000000000,0.0000000000,-0.4358043075,0.5009918809,-0.2949308753,0.9852289557,-0.1664910018,-0.0459774137,0.2496866584,0.6790336370,0.1271534562,-0.6787085533,
7018.559,0.1831110567,-0.0610370189,0.9765923023,0.0631122813,0.0048829615,-1.0108951330,-0.1503952146,-0.0439466536,-0.4332407713,0.0000733435,0.0086282510,-0.0128905773,0.0312099773,0.0951303691,-0.9950857162,0.0048655719,-48.6465034485,-24.5979194641,34.1196937561,-0.5378581882,0.1373332888,-0.8083742857,-0.3720816672,0.4254280329,-0.4370250702,0.0343062282,0.1953250915,0.0097660422,0.1953406930,0.6604551673,0.6878322959,-0.2297212183,-48.6465034485,-24.5979194641,34.1196937561,-0.5378581882,0.1373332888,-0.8083742857,-0.3720816672,0.4254280329,-0.4370250702,0.0343062282,0.1953250915,0.0097660422,0.1953406930,0.6604551673,0.6878322959,-0.2297212183,0.0000000000,0.0000000000,0.0000000000,0.0000000000,0.0000000000,0.0000000000,-0.4355601668,0.5005035400,-0.2968840599,0.9852285981,-0.1664916426,-0.0459775925,0.2503210008,0.6789143682,0.1277876347,-0.6784749031,
7018.572,0.1220740378,-0.0610370189,0.9155552983,0.0616473891,0.0040284432,-1.0102847815,-0.1543015838,-0.0458998382,-0.4317758679,-0.0013696589,0.0077664531,-0.0122788548,0.0311992001,0.0951742753,-0.9950819016,0.0048622792,-48.1582069397,-25.5745105743,34.1807289124,-0.5427411795,0.1524704695,-0.8044679165,-0.3673207760,0.4282357395,-0.4345835745,0.0333504081,0.1991078854,0.0116406679,0.2007138133,0.6611387134,0.6864357591,-0.2272876501,-48.1582069397,-25.5745105743,34.1807289124,-0.5427411795,0.1524704695,-0.8044679165,-0.3673207760,0.4282357395,-0.4345835745,0.0333504081,0.1991078854,0.0116406679,0.2007138133,0.6611387134,0.6864357591,-0.2272876501,0.0000000000,0.0000000000,0.0000000000,0.0000000000,0.0000000000,0.0000000000,-0.4372692108,0.3730582595,-0.2968840599,0.9852284193,-0.1664921790,-0.0459778309,0.2506684363,0.6788488030,0.1281348914,-0.6783466935,
7018.585,0.1220740378,0.0000000000,0.9155552983,0.0634784997,0.0029297769,-1.0101627111,-0.1532029212,-0.0426038392,-0.4315317273,0.0004635453,0.0066659669,-0.0121566653,0.0311982241,0.0951783508,-0.9950815439,0.0048614014,-47.1816139221,-27.1614742279,34.9742126465,-0.5583666563,0.1778618693,-0.7943357825,-0.3667104244,0.4287240207,-0.4386120141,0.0218605995,0.2131294608,0.0194108486,0.2061738521,0.6618520617,0.6848865151,-0.2249867469,-47.1816139221,-27.1614742279,34.9742126465,-0.5583666563,0.1778618693,-0.7943357825,-0.3667104244,0.4287240207,-0.4386120141,0.0218605995,0.2131294608,0.0194108486,0.2061738521,0.6618520617,0.6848865151,-0.2249867469,0.0000000000,0.0000000000,0.0000000000,0.0000000000,0.0000000000,0.0000000000,-0.4367808998,0.3711050749,-0.2949308753,0.9852282405,-0.1664927006,-0.0459780693,0.2510140538,0.6787833571,0.1284803599,-0.6782189608,
7018.598,0.1831110567,0.0000000000,0.9765923023,0.0631122813,0.0030518509,-1.0100406408,-0.1533249915,-0.0419934690,-0.4288460910,0.0001012161,0.0067969318,-0.0120343566,0.0311959069,0.0951695368,-0.9950824380,0.0048653660,-46.5712471008,-27.7718429565,35.3404350281,-0.5575121045,0.1882381737,-0.7898190022,-0.3684194386,0.4343394339,-0.4300668240,0.0268398523,0.2121811509,0.0213848352,0.2116324008,0.6625511646,0.6832802296,-0.2227325886,-46.5712471008,-27.7718429565,35.3404350281,-0.5575121045,0.1882381737,-0.7898190022,-0.3684194386,0.4343394339,-0.4300668240,0.0268398523,0.2121811509,0.0213848352,0.2116324008,0.6625511646,0.6832802296,-0.2227325886,0.0000000000,0.0000000000,0.0000000000,0.0000000000,0.0000000000,0.0000000000,-0.4343394339,0.3745231628,-0.2910245061,0.9852281213,-0.1664932370,-0.0459783077,0.2513789535,0.6787140965,0.1288451403,-0.6780838966,
7018.611,0.1831110567,0.0000000000,0.9765923023,0.0628681332,0.0032959990,-1.0102847815,-0.1536912173,-0.0448011719,-0.4301889241,-0.0001377910,0.0070487228,-0.0122781992,0.0311928485,0.0951960981,-0.9950799942,0.0048697586,-45.8388023376,-28.3211765289,35.3404350281,-0.5456709266,0.1971495748,-0.7848140001,-0.3662221134,0.4299447536,-0.4293344021,0.0427467227,0.2098682225,0.0237009525,0.2170480341,0.6632482409,0.6816182137,-0.2205282003,-45.8388023376,-28.3211765289,35.3404350281,-0.5456709266,0.1971495748,-0.7848140001,-0.3662221134,0.4299447536,-0.4293344021,0.0427467227,0.2098682225,0.0237009525,0.2170480341,0.6632482409,0.6816182137,-0.2205282003,0.0000000000,0.0000000000,0.0000000000,0.0000000000,0.0000000000,0.0000000000,-0.4370250702,0.3740348518,-0.2910245061,0.9852281213,-0.1664938033,-0.0459787846,0.2517391145,0.6786455512,0.1292052120,-0.6779504418,
7018.624,0.1220740378,0.0610370189,0.9765923023,0.0621356852,0.0023194067,-1.0097965002,-0.1524704695,-0.0416272469,-0.4301889241,-0.0008722879,0.0060739191,-0.0117900372,0.0311938450,0.0951842442,-0.9950810671,0.0048703756,-44.8011703491,-30.5185089111,34.2417678833,-0.5352946520,0.2251045257,-0.7774895430,-0.3663441837,0.4351939559,-0.4309213459,0.0573705435,0.2267604619,0.0280166864,0.2225152403,0.6638643146,0.6799129844,-0.2184807658,-44.8011703491,-30.5185089111,34.2417678833,-0.5352946520,0.2251045257,-0.7774895430,-0.3663441837,0.4351939559,-0.4309213459,0.0573705435,0.2267604619,0.0280166864,0.2225152403,0.6638643146,0.6799129844,-0.2184807658,0.0000000000,0.0000000000,0.0000000000,0.0000000000,0.0000000000,0.0000000000,-0.4350718856,0.3711050749,-0.2968840599,0.9852278829,-0.1664943099,-0.0459788442,0.2520752251,0.6785813570,0.1295412779,-0.6778255701,
7018.637,0.1220740378,0.0610370189,0.9765923023,0.0627460554,0.0019531846,-1.0096743107,-0.1491744816,-0.0411389507,-0.4281136394,-0.0002670214,0.0057112868,-0.0116682053,0.0311962534,0.0951762274,-0.9950818419,0.0048721549,-44.6790962219,-31.5561389923,33.6313972473,-0.5366374850,0.2396313399,-0.7796868682,-0.3690298200,0.4403210580,-0.4201788306,0.0603106618,0.2302906364,0.0225987434,0.2280180752,0.6643879414,0.6782150269,-0.2164831311,-44.6790962219,-31.5561389923,33.6313972473,-0.5366374850,0.2396313399,-0.7796868682,-0.3690298200,0.4403210580,-0.4201788306,0.0603106618,0.2302906364,0.0225987434,0.2280180752,0.6643879414,0.6782150269,-0.2164831311,0.0000000000,0.0000000000,0.0000000000,0.0000000000,0.0000000000,0.0000000000,-0.4360484779,0.3740348518,-0.2910245061,0.9852278233,-0.1664948612,-0.0459792614,0.2524324059,0.6785129905,0.1298984438,-0.6776927710,
7018.650,0.1831110567,0.1220740378,0.9765923023,0.0640888736,0.0029297769,-1.0111392736,-0.1508835107,-0.0434583575,-0.4289681613,0.0010539591,0.0066972785,-0.0131345987,0.0312066060,0.0951939672,-0.9950796366,0.0048784348,-44.9232444763,-32.4716949463,33.1431007385,-0.5448164344,0.2553789020,-0.7871333957,-0.3650013804,0.4419080317,-0.4216437340,0.0564430356,0.2350507081,0.0117232800,0.2335599512,0.6648674607,0.6764789820,-0.2145259827,-44.9232444763,-32.4716949463,33.1431007385,-0.5448164344,0.2553789020,-0.7871333957,-0.3650013804,0.4419080317,-0.4216437340,0.0564430356,0.2350507081,0.0117232800,0.2335599512,0.6648674607,0.6764789820,-0.2145259827,0.0000000000,0.0000000000,0.0000000000,0.0000000000,0.0000000000,0.0000000000,-0.4340952933,0.3740348518,-0.2929776907,0.9852278233,-0.1664953977,-0.0459796190,0.2527838051,0.6784455180,0.1302498579,-0.6775619388,
7018.663,0.1831110567,0.1220740378,0.9765923023,0.0653096139,0.0024414808,-1.0111392736,-0.1514938772,-0.0434583575,-0.4310434163,0.0022469237,0.0062207524,-0.0131363869,0.0312198084,0.0952091217,-0.9950779676,0.0048860959,-45.9608764648,-34.7910995483,32.7768783569,-0.5599536300,0.2732017040,-0.7833490968,-0.3671987057,0.4430066943,-0.4200567603,0.0458865762,0.2417602539,0.0116787553,0.2393049598,0.6652359962,0.6746993661,-0.2126481086,-45.9608764648,-34.7910995483,32.7768783569,-0.5599536300,0.2732017040,-0.7833490968,-0.3671987057,0.4430066943,-0.4200567603,0.0458865762,0.2417602539,0.0116787553,0.2393049598,0.6652359962,0.6746993661,-0.2126481086,0.0000000000,0.0000000000,0.0000000000,0.0000000000,0.0000000000,0.0000000000,-0.4343394339,0.3735465705,-0.2910245061,0.9852276444,-0.1664958745,-0.0459799170,0.2531370223,0.6783774495,0.1306031346,-0.6774301529,
7018.676,0.1831110567,0.1220740378,0.9765923023,0.0656758323,0.0036622211,-1.0107730627,-0.1536912173,-0.0458998382,-0.4355601668,0.0025836453,0.0074471720,-0.0127720833,0.0312340558,0.0952481404,-0.9950735569,0.0048915590,-46.3881340027,-36.7442855835,32.7158432007,-0.5597094893,0.2819910347,-0.7744377255,-0.3653675914,0.4463026822,-0.4157841802,0.0508833528,0.2393923402,0.0164250731,0.2451725602,0.6655411124,0.6728527546,-0.2108530849,-46.3881340027,-36.7442855835,32.7158432007,-0.5597094893,0.2819910347,-0.7744377255,-0.3653675914,0.4463026822,-0.4157841802,0.0508833528,0.2393923402,0.0164250731,0.2451725602,0.6655411124,0.6728527546,-0.2108530849,0.0000000000,0.0000000000,0.0000000000,0.0000000000,0.0000000000,0.0000000000,-0.4338511229,0.5024567246,-0.2929776907,0.9852278233,-0.1664966196,-0.0459805131,0.2537676096,0.6782556772,0.1312341094,-0.6771944165,
7018.689,0.1831110567,0.1220740378,0.9155552983,0.0657979101,0.0032959990,-1.0117496252,-0.1534470618,-0.0441908017,-0.4348277152,0.0026760027,0.0070877597,-0.0137505531,0.0312484279,0.0952708945,-0.9950709939,0.0048970836,-46.6322822571,-39.2468032837,32.5937690735,-0.5584887266,0.2850428820,-0.7630848289,-0.3613391519,0.4454481602,-0.4137089252,0.0571015477,0.2313002646,0.0232133269,0.2511718273,0.6657810807,0.6709164381,-0.2091976404,-46.6322822571,-39.2468032837,32.5937690735,-0.5584887266,0.2850428820,-0.7630848289,-0.3613391519,0.4454481602,-0.4137089252,0.0571015477,0.2313002646,0.0232133269,0.2511718273,0.6657810807,0.6709164381,-0.2091976404,0.0000000000,0.0000000000,0.0000000000,0.0000000000,0.0000000000,0.0000000000,-0.4348277152,0.5014801621,-0.2910245061,0.9852275252,-0.1664972901,-0.0459807515,0.2543975711,0.6781331897,0.1318645775,-0.6769580841,
7018.702,0.1831110567,0.1220740378,0.9765923023,0.0649433881,0.0018311106,-1.0112613440,-0.1529587656,-0.0441908017,-0.4371471405,0.0017960221,0.0056375465,-0.0132639408,0.0312603302,0.0952889547,-0.9950687885,0.0049061757,-47.1205787659,-45.4725799561,31.9833984375,-0.5594652891,0.3021332324,-0.7423322201,-0.3650013804,0.4513077140,-0.4145634472,0.0619007349,0.2372065187,0.0385621190,0.2575664818,0.6658425927,0.6688387394,-0.2078757733,-47.1205787659,-45.4725799561,31.9833984375,-0.5594652891,0.3021332324,-0.7423322201,-0.3650013804,0.4513077140,-0.4145634472,0.0619007349,0.2372065187,0.0385621190,0.2575664818,0.6658425927,0.6688387394,-0.2078757733,0.0000000000,0.0000000000,0.0000000000,0.0000000000,0.0000000000,0.0000000000,-0.4355601668,0.3725699782,-0.2929776907,0.9852273464,-0.1664978266,-0.0459808707,0.2547340691,0.6780675054,0.1322012544,-0.6768316031,
7018.715,0.1831110567,0.0610370189,0.9765923023,0.0655537620,0.0019531846,-1.0115054846,-0.1530808508,-0.0444349498,-0.4364146888,0.0023887679,0.0057736281,-0.0135091543,0.0312683433,0.0953098461,-0.9950665236,0.0049146493,-47.3036880493,-48.5244293213,31.8002872467,-0.5630054474,0.3183690906,-0.7232886553,-0.3621936738,0.4491103888,-0.4170049131,0.0644629002,0.2422247529,0.0516923070,0.2641491592,0.6658375859,0.6666297913,-0.2067238241,-47.3036880493,-48.5244293213,31.8002872467,-0.5630054474,0.3183690906,-0.7232886553,-0.3621936738,0.4491103888,-0.4170049131,0.0644629002,0.2422247529,0.0516923070,0.2641491592,0.6658375859,0.6666297913,-0.2067238241,0.0000000000,0.0000000000,0.0000000000,0.0000000000,0.0000000000,0.0000000000,-0.4345835745,0.3720816672,-0.2929776907,0.9852271676,-0.1664983630,-0.0459810495,0.2550680935,0.6780021191,0.1325354725,-0.6767058372,
7018.728,0.1220740378,0.0610370189,0.9765923023,0.0661641285,0.0028077029,-1.0106509924,-0.1551561058,-0.0416272469,-0.4333628416,0.0029783323,0.0066272244,-0.0126560330,0.0312788635,0.0952883437,-0.9950681925,0.0049145091,-47.2426528931,-51.2100601196,31.8002872467,-0.5642262101,0.3352153003,-0.7101047039,-0.3653675914,0.4560686052,-0.4137089252,0.0695859790,0.2478382587,0.0585047007,0.2708844841,0.6657618880,0.6643119454,-0.2057106495,-47.2426528931,-51.2100601196,31.8002872467,-0.5642262101,0.3352153003,-0.7101047039,-0.3653675914,0.4560686052,-0.4137089252,0.0695859790,0.2478382587,0.0585047007,0.2708844841,0.6657618880,0.6643119454,-0.2057106495,0.0000000000,0.0000000000,0.0000000000,0.0000000000,0.0000000000,0.0000000000,-0.4338511229,0.3715933859,-0.2929776907,0.9852270484,-0.1664989144,-0.0459814072,0.2553995252,0.6779370904,0.1328671128,-0.6765809655,
7018.741,0.1831110567,0.0000000000,0.9155552983,0.0657979101,0.0042725913,-1.0112613440,-0.1536912173,-0.0457777642,-0.4316537976,0.0026039928,0.0080939364,-0.0132668614,0.0312826112,0.0953313857,-0.9950639606,0.0049171583,-47.3036880493,-55.6047248840,32.2885818481,-0.5899838209,0.3695181012,-0.6816614270,-0.3669545650,0.4520401657,-0.4045533538,0.0507292151,0.2707531750,0.0798167586,0.2779623866,0.6655853391,0.6618005037,-0.2049337029,-47.3036880493,-55.6047248840,32.2885818481,-0.5899838209,0.3695181012,-0.6816614270,-0.3669545650,0.4520401657,-0.4045533538,0.0507292151,0.2707531750,0.0798167586,0.2779623866,0.6655853391,0.6618005037,-0.2049337029,0.0000000000,0.0000000000,0.0000000000,0.0000000000,0.0000000000,0.0000000000,-0.4370250702,0.3735465705,-0.2949308753,0.9852269888,-0.1664994657,-0.0459817648,0.2557277083,0.6778725386,0.1331955343,-0.6764571071,
7018.754,0.1220740378,0.0000000000,0.9155552983,0.0650654659,0.0028077029,-1.0106509924,-0.1567430645,-0.0450453199,-0.4325083196,0.0018668845,0.0066274521,-0.0126568079,0.0312848985,0.0953548104,-0.9950616360,0.0049173236,-47.1205787659,-56.9475402832,32.5327301025,-0.5803399682,0.3734244704,-0.6715292931,-0.3632923365,0.4574114084,-0.4058961868,0.0672620535,0.2633011341,0.0825296044,0.2850612700,0.6654146314,0.6591642499,-0.2042317688,-47.1205787659,-56.9475402832,32.5327301025,-0.5803399682,0.3734244704,-0.6715292931,-0.3632923365,0.4574114084,-0.4058961868,0.0672620535,0.2633011341,0.0825296044,0.2850612700,0.6654146314,0.6591642499,-0.2042317688,0.0000000000,0.0000000000,0.0000000000,0.0000000000,0.0000000000,0.0000000000,-0.4370250702,0.3725699782,-0.3105563521,0.9852268696,-0.1665000021,-0.0459820628,0.2560119331,0.6778165102,0.1334799379,-0.6763496995,
7018.767,0.1220740378,-0.0610370189,0.9155552983,0.0648213178,0.0021973327,-1.0100406408,-0.1546678096,-0.0449232459,-0.4325083196,0.0016297325,0.0060185040,-0.0120460391,0.0312812030,0.0953828543,-0.9950590730,0.0049185785,-47.4257621765,-60.1214637756,32.5937690735,-0.5857112408,0.3805047870,-0.6622516513,-0.3637806475,0.4565569162,-0.4016235769,0.0690462589,0.2590166628,0.0838432312,0.2923365235,0.6651566625,0.6563983560,-0.2036956996,-47.4257621765,-60.1214637756,32.5937690735,-0.5857112408,0.3805047870,-0.6622516513,-0.3637806475,0.4565569162,-0.4016235769,0.0690462589,0.2590166628,0.0838432312,0.2923365235,0.6651566625,0.6563983560,-0.2036956996,0.0000000000,0.0000000000,0.0000000000,0.0000000000,0.0000000000,0.0000000000,-0.4370250702,0.5005035400,-0.3105563521,0.9852269888,-0.1665006876,-0.0459826589,0.2565819621,0.6777037978,0.1340507120,-0.6761338711,
7018.780,0.1220740378,0.0000000000,0.9765923023,0.0642109439,0.0013428144,-1.0101627111,-0.1564989239,-0.0452894680,-0.4286019504,0.0010187551,0.0051702973,-0.0121681690,0.0312810875,0.0954054445,-0.9950569868,0.0049224594,-47.4257621765,-66.1030883789,32.7158432007,-0.6336863041,0.3991821110,-0.6482131481,-0.3662221134,0.4608294964,-0.4015015066,0.0289672613,0.2663581669,0.0889278054,0.2999871075,0.6647524238,0.6533907056,-0.2035614848,-47.4257621765,-66.1030883789,32.7158432007,-0.6336863041,0.3991821110,-0.6482131481,-0.3662221134,0.4608294964,-0.4015015066,0.0289672613,0.2663581669,0.0889278054,0.2999871075,0.6647524238,0.6533907056,-0.2035614848,0.0000000000,0.0000000000,0.0000000000,0.0000000000,0.0000000000,0.0000000000,-0.4348277152,0.3745231628,-0.2929776907,0.9852265716,-0.1665011942,-0.0459826589,0.2569131553,0.6776379347,0.1343822628,-0.6760081053,
7018.793,0.1220740378,0.0000000000,0.9765923023,0.0649433881,0.0028077029,-1.0107730627,-0.1516159624,-0.0443128757,-0.4305551350,0.0017472208,0.0066342349,-0.0127787590,0.0312829986,0.0954299122,-0.9950545430,0.0049229460,-46.8153953552,-67.2017593384,32.9599914551,-0.6527298689,0.4100466967,-0.6477248669,-0.3650013804,0.4594866931,-0.3951536715,0.0177836418,0.2660008967,0.0801457763,0.3076369464,0.6643273830,0.6502686143,-0.2035293430,-46.8153953552,-67.2017593384,32.9599914551,-0.6527298689,0.4100466967,-0.6477248669,-0.3650013804,0.4594866931,-0.3951536715,0.0177836418,0.2660008967,0.0801457763,0.3076369464,0.6643273830,0.6502686143,-0.2035293430,0.0000000000,0.0000000000,0.0000000000,0.0000000000,0.0000000000,0.0000000000,-0.4375133514,0.5000152588,-0.2910245061,0.9852267504,-0.1665019095,-0.0459832549,0.2575237751,0.6775163412,0.1349938661,-0.6757759452,
7018.806,0.1220740378,0.0000000000,0.9765923023,0.0634784997,0.0034180731,-1.0107730627,-0.1513718069,-0.0450453199,-0.4316537976,0.0002855584,0.0072406419,-0.0127785802,0.0312814079,0.0954644680,-0.9950512648,0.0049219048,-45.9608764648,-67.8121261597,33.7534713745,-0.6693319678,0.4287240207,-0.6357616186,-0.3634144068,0.4585101008,-0.3925901055,0.0089370012,0.2734849453,0.0825629234,0.3152749240,0.6639415622,0.6469845176,-0.2035668343,-45.9608764648,-67.8121261597,33.7534713745,-0.6693319678,0.4287240207,-0.6357616186,-0.3634144068,0.4585101008,-0.3925901055,0.0089370012,0.2734849453,0.0825629234,0.3152749240,0.6639415622,0.6469845176,-0.2035668343,0.0000000000,0.0000000000,0.0000000000,0.0000000000,0.0000000000,0.0000000000,-0.4375133514,0.5005035400,-0.3105563521,0.9852263927,-0.1665025502,-0.0459833741,0.2580859661,0.6774036884,0.1355570257,-0.6755614877,
7018.819,0.1220740378,0.0000000000,0.9155552983,0.0623798333,0.0042725913,-1.0108951330,-0.1523483992,-0.0439466536,-0.4398327470,-0.0008044876,0.0080863237,-0.0129000545,0.0312774330,0.0954847038,-0.9950494170,0.0049177282,-42.5428009033,-67.3848724365,36.6832466125,-0.7291482091,0.4670552611,-0.5918149352,-0.3620716035,0.4633930624,-0.3919797242,-0.0432559848,0.3006567359,0.1167089939,0.3228318989,0.6637774706,0.6433556080,-0.2037586719,-42.5428009033,-67.3848724365,36.6832466125,-0.7291482091,0.4670552611,-0.5918149352,-0.3620716035,0.4633930624,-0.3919797242,-0.0432559848,0.3006567359,0.1167089939,0.3228318989,0.6637774706,0.6433556080,-0.2037586719,0.0000000000,0.0000000000,0.0000000000,0.0000000000,0.0000000000,0.0000000000,-0.4358043075,0.5005035400,-0.3086031675,0.9852264524,-0.1665032208,-0.0459839702,0.2586506009,0.6772901416,0.1361227185,-0.6753457189,
7018.832,0.1220740378,0.0000000000,0.9155552983,0.0638447255,0.0034180731,-1.0096743107,-0.1541795135,-0.0419934690,-0.4316537976,0.0006613880,0.0072272136,-0.0116791725,0.0312772058,0.0954757258,-0.9950503111,0.0049151126,-40.1013221741,-65.5537567139,38.3312492371,-0.7314676642,0.4693746865,-0.5744804144,-0.3658559024,0.4635151327,-0.3921018243,-0.0384182334,0.2919709980,0.1243456006,0.3301409483,0.6637786031,0.6395746469,-0.2039459348,-40.1013221741,-65.5537567139,38.3312492371,-0.7314676642,0.4693746865,-0.5744804144,-0.3658559024,0.4635151327,-0.3921018243,-0.0384182334,0.2919709980,0.1243456006,0.3301409483,0.6637786031,0.6395746469,-0.2039459348,0.0000000000,0.0000000000,0.0000000000,0.0000000000,0.0000000000,0.0000000000,-0.4348277152,0.5009918809,-0.3086031675,0.9852264524,-0.1665038466,-0.0459845066,0.2592136562,0.6771764159,0.1366869211,-0.6751300097,
7018.845,0.1220740378,0.0000000000,0.9155552983,0.0631122813,0.0018311106,-1.0094301701,-0.1545457393,-0.0449232459,-0.4282357395,-0.0000665411,0.0056435289,-0.0114347339,0.0312746577,0.0955046117,-0.9950476289,0.0049174363,-38.0871009827,-64.0278320313,39.5519866943,-0.7192602158,0.4743797183,-0.5686208606,-0.3654896617,0.4654683173,-0.3883175254,-0.0195285082,0.2860964835,0.1206375360,0.3372143209,0.6639210582,0.6356751323,-0.2041012198,-38.0871009827,-64.0278320313,39.5519866943,-0.7192602158,0.4743797183,-0.5686208606,-0.3654896617,0.4654683173,-0.3883175254,-0.0195285082,0.2860964835,0.1206375360,0.3372143209,0.6639210582,0.6356751323,-0.2041012198,0.0000000000,0.0000000000,0.0000000000,0.0000000000,0.0000000000,0.0000000000,-0.4367808998,0.5024567246,-0.3066499829,0.9852263331,-0.1665045321,-0.0459848642,0.2597802579,0.6770614386,0.1372547597,-0.6749123335,
7018.858,0.1220740378,0.1220740378,0.9765923023,0.0656758323,0.0026856288,-1.0100406408,-0.1539353579,-0.0460219122,-0.4298226833,0.0024678409,0.0064977622,-0.0120470524,0.0312890150,0.0955438316,-0.9950433969,0.0049199252,-34.7300643921,-59.8773155212,40.7116928101,-0.7238990664,0.4951322973,-0.5660573244,-0.3620716035,0.4670552611,-0.3823359013,-0.0182435513,0.2962235212,0.1141207218,0.3438516259,0.6642894745,0.6317066550,-0.2041495442,-34.7300643921,-59.8773155212,40.7116928101,-0.7238990664,0.4951322973,-0.5660573244,-0.3620716035,0.4670552611,-0.3823359013,-0.0182435513,0.2962235212,0.1141207218,0.3438516259,0.6642894745,0.6317066550,-0.2041495442,0.0000000000,0.0000000000,0.0000000000,0.0000000000,0.0000000000,0.0000000000,-0.4345835745,0.5009918809,-0.3086031675,0.9852262735,-0.1665051877,-0.0459852815,0.2603377402,0.6769477725,0.1378135234,-0.6746976376,
7018.871,0.1220740378,0.0610370189,0.9765923023,0.0656758323,0.0021973327,-1.0112613440,-0.1525925547,-0.0428479873,-0.4300668240,0.0024498403,0.0060116146,-0.0132688880,0.0312978737,0.0955454111,-0.9950429797,0.0049219071,-33.4482879639,-56.5813179016,40.9558410645,-0.7335429192,0.4974516928,-0.5820490122,-0.3642689288,0.4633930624,-0.3790398836,-0.0225878358,0.2881352603,0.0894346237,0.3501616716,0.6647459865,0.6277732253,-0.2040710598,-33.4482879639,-56.5813179016,40.9558410645,-0.7335429192,0.4974516928,-0.5820490122,-0.3642689288,0.4633930624,-0.3790398836,-0.0225878358,0.2881352603,0.0894346237,0.3501616716,0.6647459865,0.6277732253,-0.2040710598,0.0000000000,0.0000000000,0.0000000000,0.0000000000,0.0000000000,0.0000000000,-0.4358043075,0.5014801621,-0.3125095367,0.9852258563,-0.1665058136,-0.0459853411,0.2608836591,0.6768358946,0.1383607835,-0.6744867563,
7018.884,0.1220740378,0.0610370189,0.9765923023,0.0650654659,0.0026856288,-1.0104068518,-0.1532029212,-0.0466322824,-0.4362926185,0.0018242970,0.0064996290,-0.0124154091,0.0313052163,0.0955930129,-0.9950381517,0.0049239923,-32.2885818481,-52.7359848022,41.1999893188,-0.7616199255,0.4984282851,-0.5905941725,-0.3651234508,0.4666890502,-0.3855098188,-0.0459753871,0.2789272666,0.0726076961,0.3561351895,0.6653159857,0.6238588095,-0.2038793564,-32.2885818481,-52.7359848022,41.1999893188,-0.7616199255,0.4984282851,-0.5905941725,-0.3651234508,0.4666890502,-0.3855098188,-0.0459753871,0.2789272666,0.0726076961,0.3561351895,0.6653159857,0.6238588095,-0.2038793564,0.0000000000,0.0000000000,0.0000000000,0.0000000000,0.0000000000,0.0000000000,-0.4353160262,0.5005035400,-0.2910245061,0.9852258563,-0.1665065289,-0.0459859371,0.2614761293,0.6767141223,0.1389548033,-0.6742575169,
7018.897,0.1220740378,0.0610370189,1.0376293659,0.0678731650,0.0034180731,-1.0108951330,-0.1517380327,-0.0433362834,-0.4356822371,0.0046032667,0.0072288620,-0.0129054785,0.0313196667,0.0955967680,-0.9950374365,0.0049238885,-27.2835483551,-35.7066574097,41.1389503479,-0.8056886792,0.5312662125,-0.5975524187,-0.3612170815,0.4640034139,-0.3802606165,-0.0874317288,0.3021852970,0.0595595241,0.3608838320,0.6663224697,0.6203340888,-0.2029947191,-27.2835483551,-35.7066574097,41.1389503479,-0.8056886792,0.5312662125,-0.5975524187,-0.3612170815,0.4640034139,-0.3802606165,-0.0874317288,0.3021852970,0.0595595241,0.3608838320,0.6663224697,0.6203340888,-0.2029947191,0.0000000000,0.0000000000,0.0000000000,0.0000000000,0.0000000000,0.0000000000,-0.4355601668,0.5009918809,-0.2910245061,0.9852254987,-0.1665071994,-0.0459858775,0.2620663047,0.6765921116,0.1395466626,-0.6740283370,
7018.910,0.1220740378,0.0610370189,1.0376293659,0.0668965727,0.0037842952,-1.0115054846,-0.1533249915,-0.0471205786,-0.4342173636,0.0036031306,0.0075900936,-0.0135173202,0.0313314050,0.0956453010,-0.9950322509,0.0049240626,-23.8654747009,-25.1472511292,40.9558410645,-0.7706534266,0.5324869752,-0.5885189176,-0.3567003310,0.4664449096,-0.3805047870,-0.0511636138,0.2942312658,0.0639672875,0.3648132384,0.6676388979,0.6170457602,-0.2016635686,-23.8654747009,-25.1472511292,40.9558410645,-0.7706534266,0.5324869752,-0.5885189176,-0.3567003310,0.4664449096,-0.3805047870,-0.0511636138,0.2942312658,0.0639672875,0.3648132384,0.6676388979,0.6170457602,-0.2016635686,0.0000000000,0.0000000000,0.0000000000,0.0000000000,0.0000000000,0.0000000000,-0.4355601668,0.5000152588,-0.3125095367,0.9852254391,-0.1665078700,-0.0459864140,0.2626010180,0.6764811873,0.1400829107,-0.6738203764,
7018.923,0.1831110567,0.0610370189,0.9765923023,0.0659199804,0.0046388134,-1.0116275549,-0.1539353579,-0.0455336161,-0.4349497855,0.0026078746,0.0084453952,-0.0136405230,0.0313405134,0.0956764296,-0.9950289726,0.0049263285,-21.2408828735,-17.3955497742,40.2844314575,-0.7303689718,0.5288247466,-0.5725272298,-0.3545030057,0.4698629677,-0.3829462528,-0.0106489658,0.2817632556,0.0764218569,0.3681263626,0.6691594720,0.6139575839,-0.2000211179,-21.2408828735,-17.3955497742,40.2844314575,-0.7303689718,0.5288247466,-0.5725272298,-0.3545030057,0.4698629677,-0.3829462528,-0.0106489658,0.2817632556,0.0764218569,0.3681263626,0.6691594720,0.6139575839,-0.2000211179,0.0000000000,0.0000000000,0.0000000000,0.0000000000,0.0000000000,0.0000000000,-0.3745231628,0.3706167936,-0.3125095367,0.9852252007,-0.1665083468,-0.0459865332,0.2628760040,0.6764238477,0.1403585821,-0.6737132072,
7018.936,0.1831110567,-0.0610370189,0.9155552983,0.0654316843,0.0041505173,-1.0101627111,-0.1541795135,-0.0444349498,-0.4358043075,0.0021241754,0.0079595894,-0.0121754408,0.0313379988,0.0956974626,-0.9950270057,0.0049280096,-18.2500686646,-10.3152561188,38.5143585205,-0.6771447062,0.5207678676,-0.5426191092,-0.3556016684,0.4658345282,-0.3792840242,0.0419501662,0.2654154003,0.1038095951,0.3708476424,0.6707984805,0.6111362576,-0.1981355250,-18.2500686646,-10.3152561188,38.5143585205,-0.6771447062,0.5207678676,-0.5426191092,-0.3556016684,0.4658345282,-0.3792840242,0.0419501662,0.2654154003,0.1038095951,0.3708476424,0.6707984805,0.6111362576,-0.1981355250,0.0000000000,0.0000000000,0.0000000000,0.0000000000,0.0000000000,0.0000000000,-0.3737907112,0.5005035400,-0.3105563521,0.9852252007,-0.1665090472,-0.0459870696,0.2634371817,0.6763067245,0.1409215033,-0.6734941602,
7018.949,0.1220740378,0.0000000000,0.9765923023,0.0660420582,0.0037842952,-1.0100406408,-0.1533249915,-0.0449232459,-0.4397106767,0.0027254894,0.0075876908,-0.0120539069,0.0313426703,0.0957208872,-0.9950246215,0.0049263565,-17.4565868378,-8.7282934189,37.6598396301,-0.6588335633,0.5294350982,-0.5330973268,-0.3507187068,0.4665669799,-0.3762321770,0.0593992472,0.2659618258,0.1110276580,0.3734182715,0.6724451780,0.6083779931,-0.1962047815,-17.4565868378,-8.7282934189,37.6598396301,-0.6588335633,0.5294350982,-0.5330973268,-0.3507187068,0.4665669799,-0.3762321770,0.0593992472,0.2659618258,0.1110276580,0.3734182715,0.6724451780,0.6083779931,-0.1962047815,0.0000000000,0.0000000000,0.0000000000,0.0000000000,0.0000000000,0.0000000000,-0.3737907112,0.3745231628,-0.3066499829,0.9852249026,-0.1665095538,-0.0459872484,0.2637334168,0.6762445569,0.1412185580,-0.6733782887,
7018.962,0.1831110567,-0.0610370189,0.9765923023,0.0631122813,0.0035401471,-1.0100406408,-0.1551561058,-0.0433362834,-0.4399548471,-0.0001882464,0.0073497347,-0.0120528936,0.0313343927,0.0957181975,-0.9950251579,0.0049285842,-16.9072551727,-7.0802941322,36.9884338379,-0.6498001218,0.5394451618,-0.5251625180,-0.3475447893,0.4668111205,-0.3706167936,0.0673421025,0.2679832578,0.1168577075,0.3758626878,0.6740823984,0.6056953669,-0.1942089647,-16.9072551727,-7.0802941322,36.9884338379,-0.6498001218,0.5394451618,-0.5251625180,-0.3475447893,0.4668111205,-0.3706167936,0.0673421025,0.2679832578,0.1168577075,0.3758626878,0.6740823984,0.6056953669,-0.1942089647,0.0000000000,0.0000000000,0.0000000000,0.0000000000,0.0000000000,0.0000000000,-0.3728141189,0.3711050749,-0.3066499829,0.9852249026,-0.1665101200,-0.0459877849,0.2640196681,0.6761844754,0.1415055841,-0.6732662916,
7018.975,0.1831110567,0.0000000000,0.9155552983,0.0645771697,0.0020752586,-1.0105289221,-0.1560106277,-0.0437025055,-0.4314096570,0.0012748614,0.0058975769,-0.0125413537,0.0313346349,0.0957248956,-0.9950245023,0.0049352190,-16.1748104095,-4.4557023048,35.8287315369,-0.6286813021,0.5503097773,-0.5167394280,-0.3473006487,0.4688863754,-0.3693960309,0.0870299339,0.2710446417,0.1235290766,0.3781059086,0.6757221818,0.6031396389,-0.1920980811,-16.1748104095,-4.4557023048,35.8287315369,-0.6286813021,0.5503097773,-0.5167394280,-0.3473006487,0.4688863754,-0.3693960309,0.0870299339,0.2710446417,0.1235290766,0.3781059086,0.6757221818,0.6031396389,-0.1920980811,0.0000000000,0.0000000000,0.0000000000,0.0000000000,0.0000000000,0.0000000000,-0.3742789924,0.3720816672,-0.2910245061,0.9852247834,-0.1665106714,-0.0459879637,0.2643465996,0.6761156321,0.1418334991,-0.6731380820,
7018.988,0.1220740378,0.0000000000,0.9765923023,0.0639667958,0.0034180731,-1.0104068518,-0.1528366953,-0.0427259132,-0.4372692108,0.0006657317,0.0072364616,-0.0124192238,0.0313342214,0.0957214534,-0.9950248599,0.0049330941,-15.9916992188,-4.3336281776,34.9742126465,-0.6302682757,0.5553147793,-0.5112460852,-0.3449812233,0.4707174897,-0.3689077497,0.0840006471,0.2684024870,0.1272501945,0.3803163469,0.6773093343,0.6006195545,-0.1900298893,-15.9916992188,-4.3336281776,34.9742126465,-0.6302682757,0.5553147793,-0.5112460852,-0.3449812233,0.4707174897,-0.3689077497,0.0840006471,0.2684024870,0.1272501945,0.3803163469,0.6773093343,0.6006195545,-0.1900298893,0.0000000000,0.0000000000,0.0000000000,0.0000000000,0.0000000000,0.0000000000,-0.3723258078,0.3711050749,-0.3125095367,0.9852246642,-0.1665111929,-0.0459883809,0.2646152675,0.6760589480,0.1421029419,-0.6730326414,
7019.001,0.1220740378,0.0610370189,0.9765923023,0.0628681332,0.0028077029,-1.0101627111,-0.1556444019,-0.0439466536,-0.4375133514,-0.0004369989,0.0066251927,-0.0121753216,0.0313362703,0.0957254469,-0.9950243831,0.0049329679,-15.4423656464,-4.1505174637,33.9976196289,-0.6272163987,0.5610522628,-0.5041657686,-0.3460798860,0.4670552611,-0.3680532277,0.0855925679,0.2666891813,0.1325687170,0.3824716508,0.6788465977,0.5981456637,-0.1880111396,-15.4423656464,-4.1505174637,33.9976196289,-0.6272163987,0.5610522628,-0.5041657686,-0.3460798860,0.4670552611,-0.3680532277,0.0855925679,0.2666891813,0.1325687170,0.3824716508,0.6788465977,0.5981456637,-0.1880111396,0.0000000000,0.0000000000,0.0000000000,0.0000000000,0.0000000000,0.0000000000,-0.3730582595,0.3720816672,-0.3125095367,0.9852246046,-0.1665117294,-0.0459886193,0.2648847699,0.6760019660,0.1423732340,-0.6729267240,
7019.014,0.1220740378,0.0610370189,0.9155552983,0.0627460554,0.0031739250,-1.0101627111,-0.1514938772,-0.0417493209,-0.4364146888,-0.0005625486,0.0069880369,-0.0121755004,0.0313382000,0.0957185999,-0.9950249791,0.0049312375,-14.2216253281,-3.5401470661,31.3119907379,-0.6057313681,0.5720389485,-0.5025787950,-0.3442488015,0.4702292085,-0.3684194386,0.1055796146,0.2706583738,0.1325464845,0.3844663799,0.6803050041,0.5958114862,-0.1860724390,-14.2216253281,-3.5401470661,31.3119907379,-0.6057313681,0.5720389485,-0.5025787950,-0.3442488015,0.4702292085,-0.3684194386,0.1055796146,0.2706583738,0.1325464845,0.3844663799,0.6803050041,0.5958114862,-0.1860724390,0.0000000000,0.0000000000,0.0000000000,0.0000000000,0.0000000000,0.0000000000,-0.3730582595,0.3711050749,-0.3125095367,0.9852244258,-0.1665122509,-0.0459888577,0.2651502788,0.6759456992,0.1426395476,-0.6728222370,
7019.027,0.1220740378,0.0610370189,0.9765923023,0.0633564293,0.0036622211,-1.0108951330,-0.1540574431,-0.0410168767,-0.4369029701,0.0000416189,0.0074712466,-0.0129083395,0.0313416794,0.0956893340,-0.9950277209,0.0049280808,-13.8554029465,-3.2959990501,29.6639919281,-0.5997497439,0.5765556693,-0.5063630939,-0.3389995992,0.4655903876,-0.3643909991,0.1100556850,0.2684287131,0.1272082329,0.3863793314,0.6816927791,0.5935691595,-0.1841883510,-13.8554029465,-3.2959990501,29.6639919281,-0.5997497439,0.5765556693,-0.5063630939,-0.3389995992,0.4655903876,-0.3643909991,0.1100556850,0.2684287131,0.1272082329,0.3863793314,0.6816927791,0.5935691595,-0.1841883510,0.0000000000,0.0000000000,0.0000000000,0.0000000000,0.0000000000,0.0000000000,-0.3720816672,0.3691518903,-0.3066499829,0.9852244854,-0.1665128171,-0.0459893346,0.2654244900,0.6758875251,0.1429146081,-0.6727142930,
7019.040,0.1831110567,0.0610370189,0.9765923023,0.0651875362,0.0021973327,-1.0101627111,-0.1524704695,-0.0432142094,-0.4376354218,0.0018573105,0.0060191611,-0.0121768713,0.0313487276,0.0956935957,-0.9950270653,0.0049353298,-13.6112556458,-2.9908139706,27.8939170837,-0.5959654450,0.5810724497,-0.5157628059,-0.3339945674,0.4664449096,-0.3702505529,0.1123260260,0.2664846182,0.1163263917,0.3881939352,0.6830356121,0.5913969874,-0.1823755801,-13.6112556458,-2.9908139706,27.8939170837,-0.5959654450,0.5810724497,-0.5157628059,-0.3339945674,0.4664449096,-0.3702505529,0.1123260260,0.2664846182,0.1163263917,0.3881939352,0.6830356121,0.5913969874,-0.1823755801,0.0000000000,0.0000000000,0.0000000000,0.0000000000,0.0000000000,0.0000000000,-0.3750114441,0.3681752980,-0.3066499829,0.9852242470,-0.1665132791,-0.0459895134,0.2656929195,0.6758303642,0.1431839168,-0.6726083755,
7019.053,0.1831110567,0.0610370189,0.9765923023,0.0650654659,0.0023194067,-1.0102847815,-0.1506393701,-0.0421155430,-0.4347056448,0.0017205626,0.0061533758,-0.0122999549,0.0313554853,0.0956894681,-0.9950271845,0.0049419496,-13.7943658829,-2.7466659546,26.4900665283,-0.6219671965,0.6107364297,-0.5057527423,-0.3363139629,0.4662007391,-0.3663441837,0.0848923922,0.2898135185,0.1247534156,0.3900425732,0.6842529774,0.5893170238,-0.1805926412,-13.7943658829,-2.7466659546,26.4900665283,-0.6219671965,0.6107364297,-0.5057527423,-0.3363139629,0.4662007391,-0.3663441837,0.0848923922,0.2898135185,0.1247534156,0.3900425732,0.6842529774,0.5893170238,-0.1805926412,0.0000000000,0.0000000000,0.0000000000,0.0000000000,0.0000000000,0.0000000000,-0.3737907112,0.3696402013,-0.3086031675,0.9852242470,-0.1665138304,-0.0459898710,0.2659597695,0.6757735014,0.1434516162,-0.6725030541,
7019.066,0.1831110567,0.1220740378,0.9155552983,0.0643330216,0.0037842952,-1.0108951330,-0.1546678096,-0.0457777642,-0.4409314394,0.0009666160,0.0076224427,-0.0129116774,0.0313658267,0.0957247540,-0.9950234294,0.0049461746,-13.2450332642,-1.2207404375,25.2082881927,-0.6242866516,0.6179387569,-0.4918363094,-0.3349711597,0.4655903876,-0.3648793101,0.0810435414,0.2908979058,0.1372379065,0.3917816579,0.6854276657,0.5873411894,-0.1788016558,-13.2450332642,-1.2207404375,25.2082881927,-0.6242866516,0.6179387569,-0.4918363094,-0.3349711597,0.4655903876,-0.3648793101,0.0810435414,0.2908979058,0.1372379065,0.3917816579,0.6854276657,0.5873411894,-0.1788016558,0.0000000000,0.0000000000,0.0000000000,0.0000000000,0.0000000000,0.0000000000,-0.3718375266,0.3730582595,-0.3105563521,0.9852240086,-0.1665143371,-0.0459902287,0.2662305832,0.6757156253,0.1437233239,-0.6723960042,
7019.079,0.1831110567,0.1220740378,0.9765923023,0.0655537620,0.0024414808,-1.0093080997,-0.1524704695,-0.0435804315,-0.4290902317,0.0021594912,0.0062910779,-0.0113264322,0.0313791111,0.0957354978,-0.9950219393,0.0049535525,-12.7567367554,-1.0986663103,24.6589565277,-0.6181829572,0.6189153790,-0.4771874249,-0.3344828784,0.4669331908,-0.3635364771,0.0856226683,0.2858781815,0.1504471600,0.3934921622,0.6865733266,0.5853869319,-0.1770497411,-12.7567367554,-1.0986663103,24.6589565277,-0.6181829572,0.6189153790,-0.4771874249,-0.3344828784,0.4669331908,-0.3635364771,0.0856226683,0.2858781815,0.1504471600,0.3934921622,0.6865733266,0.5853869319,-0.1770497411,0.0000000000,0.0000000000,0.0000000000,0.0000000000,0.0000000000,0.0000000000,-0.3730582595,0.3701284826,-0.3086031675,0.9852241278,-0.1665148884,-0.0459906459,0.2664964199,0.6756587625,0.1439900547,-0.6722908616,
7019.092,0.1831110567,0.1220740378,0.9765923023,0.0651875362,0.0020752586,-1.0105289221,-0.1535691470,-0.0419934690,-0.4349497855,0.0017677248,0.0059380769,-0.0125489831,0.0313912779,0.0957205370,-0.9950230718,0.0049608890,-12.1463670731,-1.5869624615,23.8044376373,-0.6046327353,0.6169621944,-0.4621722996,-0.3280129433,0.4691305161,-0.3648793101,0.0977235436,0.2780917287,0.1639623344,0.3951803446,0.6877028346,0.5834172964,-0.1754000187,-12.1463670731,-1.5869624615,23.8044376373,-0.6046327353,0.6169621944,-0.4621722996,-0.3280129433,0.4691305161,-0.3648793101,0.0977235436,0.2780917287,0.1639623344,0.3951803446,0.6877028346,0.5834172964,-0.1754000187,0.0000000000,0.0000000000,0.0000000000,0.0000000000,0.0000000000,0.0000000000,-0.3737907112,0.3711050749,-0.3066499829,0.9852238297,-0.1665153950,-0.0459908247,0.2667679787,0.6756004691,0.1442625672,-0.6721832156,
7019.105,0.1831110567,0.1831110567,0.9765923023,0.0664082766,0.0009765923,-1.0107730627,-0.1566209942,-0.0461439863,-0.4332407713,0.0029465184,0.0048579983,-0.0127958655,0.0314111449,0.0957503915,-0.9950194359,0.0049731014,-11.4139223099,-3.7232582569,21.4239940643,-0.5824152231,0.6181829572,-0.4609515667,-0.3315531015,0.4694967568,-0.3642689288,0.1187825799,0.2738345861,0.1634912491,0.3968841434,0.6886987090,0.5815144777,-0.1739585549,-11.4139223099,-3.7232582569,21.4239940643,-0.5824152231,0.6181829572,-0.4609515667,-0.3315531015,0.4694967568,-0.3642689288,0.1187825799,0.2738345861,0.1634912491,0.3968841434,0.6886987090,0.5815144777,-0.1739585549,0.0000000000,0.0000000000,0.0000000000,0.0000000000,0.0000000000,0.0000000000,-0.3742789924,0.3686636090,-0.3066499829,0.9852238894,-0.1665159464,-0.0459913015,0.2670313716,0.6755439043,0.1445268691,-0.6720787883,
7019.118,0.1831110567,0.0610370189,0.9765923023,0.0677510947,0.0026856288,-1.0115054846,-0.1545457393,-0.0455336161,-0.4328745306,0.0042624995,0.0065771076,-0.0135300159,0.0314238966,0.0957788080,-0.9950162768,0.0049803033,-11.2308111191,-4.4557023048,20.2032527924,-0.5665456057,0.6213568449,-0.4674215019,-0.3277688026,0.4704733491,-0.3623157442,0.1335626841,0.2717021704,0.1552933753,0.3985669017,0.6896423697,0.5796501637,-0.1725891083,-11.2308111191,-4.4557023048,20.2032527924,-0.5665456057,0.6213568449,-0.4674215019,-0.3277688026,0.4704733491,-0.3623157442,0.1335626841,0.2717021704,0.1552933753,0.3985669017,0.6896423697,0.5796501637,-0.1725891083,0.0000000000,0.0000000000,0.0000000000,0.0000000000,0.0000000000,0.0000000000,-0.3737907112,0.5000152588,-0.3066499829,0.9852238894,-0.1665166616,-0.0459917784,0.2675798237,0.6754257679,0.1450776458,-0.6718608141,
7019.131,0.1831110567,0.1220740378,1.0376293659,0.0686056092,0.0034180731,-1.0132144690,-0.1521042585,-0.0448011719,-0.4316537976,0.0050760955,0.0073166690,-0.0152416229,0.0314438455,0.0958001316,-0.9950135350,0.0049864873,-11.4139223099,-5.0050354004,18.9214763641,-0.5578783751,0.6247749329,-0.4790185392,-0.3261818290,0.4682760239,-0.3661000431,0.1412049532,0.2699772120,0.1419369876,0.4002282023,0.6905382872,0.5778217912,-0.1712882072,-11.4139223099,-5.0050354004,18.9214763641,-0.5578783751,0.6247749329,-0.4790185392,-0.3261818290,0.4682760239,-0.3661000431,0.1412049532,0.2699772120,0.1419369876,0.4002282023,0.6905382872,0.5778217912,-0.1712882072,0.0000000000,0.0000000000,0.0000000000,0.0000000000,0.0000000000,0.0000000000,-0.3733024001,0.3715933859,-0.3105563521,0.9852235317,-0.1665171236,-0.0459918976,0.2678376138,0.6753699183,0.1453364044,-0.6717581153,
7019.144,0.1831110567,0.0610370189,1.0376293659,0.0683614612,0.0029297769,-1.0107730627,-0.1522263288,-0.0466322824,-0.4359263778,0.0048022345,0.0068378332,-0.0128021836,0.0314579792,0.0958437249,-0.9950089455,0.0049940036,-12.2684412003,-5.4933319092,15.7475509644,-0.5473799706,0.6244087219,-0.4996490479,-0.3292336762,0.4648579359,-0.3647572398,0.1508382559,0.2648149133,0.1195189953,0.4018651843,0.6912421584,0.5762046576,-0.1700598300,-12.2684412003,-5.4933319092,15.7475509644,-0.5473799706,0.6244087219,-0.4996490479,-0.3292336762,0.4648579359,-0.3647572398,0.1508382559,0.2648149133,0.1195189953,0.4018651843,0.6912421584,0.5762046576,-0.1700598300,0.0000000000,0.0000000000,0.0000000000,0.0000000000,0.0000000000,0.0000000000,-0.3713492155,0.3725699782,-0.3105563521,0.9852234125,-0.1665176004,-0.0459921360,0.2680978179,0.6753135324,0.1455976069,-0.6716544032,
7019.157,0.1220740378,0.0000000000,1.0376293659,0.0670186505,0.0025635548,-1.0102847815,-0.1513718069,-0.0445570238,-0.4366588295,0.0034469590,0.0064721974,-0.0123146176,0.0314640701,0.0958621949,-0.9950069189,0.0049954788,-12.8788108826,-5.9205908775,13.7943658829,-0.5627613068,0.6244087219,-0.5157628059,-0.3304544091,0.4657124579,-0.3702505529,0.1347580552,0.2602866292,0.1015443802,0.4034920931,0.6918314695,0.5746878982,-0.1689394861,-12.8788108826,-5.9205908775,13.7943658829,-0.5627613068,0.6244087219,-0.5157628059,-0.3304544091,0.4657124579,-0.3702505529,0.1347580552,0.2602866292,0.1015443802,0.4034920931,0.6918314695,0.5746878982,-0.1689394861,0.0000000000,0.0000000000,0.0000000000,0.0000000000,0.0000000000,0.0000000000,-0.3725699782,0.3711050749,-0.3086031675,0.9852232933,-0.1665181518,-0.0459924340,0.2683570087,0.6752572656,0.1458577961,-0.6715509892,
7019.170,0.1831110567,0.0000000000,1.0376293659,0.0666524246,0.0028077029,-1.0108951330,-0.1543015838,-0.0432142094,-0.4360484779,0.0030703396,0.0067263655,-0.0129256845,0.0314688124,0.0958543643,-0.9950074553,0.0050007207,-13.7333288193,-6.2868127823,12.3905143738,-0.6013367176,0.6340525746,-0.5247963071,-0.3254493773,0.4644917250,-0.3615832925,0.0956799388,0.2655740976,0.0904912949,0.4051754177,0.6922697425,0.5732799172,-0.1678961068,-13.7333288193,-6.2868127823,12.3905143738,-0.6013367176,0.6340525746,-0.5247963071,-0.3254493773,0.4644917250,-0.3615832925,0.0956799388,0.2655740976,0.0904912949,0.4051754177,0.6922697425,0.5732799172,-0.1678961068,0.0000000000,0.0000000000,0.0000000000,0.0000000000,0.0000000000,0.0000000000,-0.3730582595,0.3681752980,-0.3066499829,0.9852233529,-0.1665186882,-0.0459930301,0.2686116993,0.6752018929,0.1461134553,-0.6714493632,
7019.183,0.1220740378,0.0000000000,0.9765923023,0.0649433881,0.0037842952,-1.0123599768,-0.1535691470,-0.0417493209,-0.4315317273,0.0013597682,0.0076968195,-0.0143906474,0.0314699635,0.0958358049,-0.9950092435,0.0049971510,-14.0385141373,-5.3102207184,12.0853300095,-0.6353953481,0.6458937526,-0.5105136037,-0.3275246322,0.4682760239,-0.3664662540,0.0611262321,0.2730964422,0.1027303934,0.4068627357,0.6926736236,0.5718992352,-0.1668553352,-14.0385141373,-5.3102207184,12.0853300095,-0.6353953481,0.6458937526,-0.5105136037,-0.3275246322,0.4682760239,-0.3664662540,0.0611262321,0.2730964422,0.1027303934,0.4068627357,0.6926736236,0.5718992352,-0.1668553352,0.0000000000,0.0000000000,0.0000000000,0.0000000000,0.0000000000,0.0000000000,-0.3737907112,0.3671987057,-0.3086031675,0.9852230549,-0.1665191799,-0.0459930301,0.2688570619,0.6751483679,0.1463597864,-0.6713511944,
7019.196,0.1220740378,0.0000000000,0.9155552983,0.0631122813,0.0039063692,-1.0104068518,-0.1569872200,-0.0439466536,-0.4314096570,-0.0004645064,0.0078114695,-0.0124370456,0.0314668864,0.0958412513,-0.9950088263,0.0049932981,-13.9164400101,-5.3712577820,12.3294782639,-0.6340525746,0.6518753767,-0.4957426786,-0.3256935477,0.4660786688,-0.3652455211,0.0619692206,0.2747237682,0.1154034138,0.4085690975,0.6930905581,0.5704752207,-0.1658259034,-13.9164400101,-5.3712577820,12.3294782639,-0.6340525746,0.6518753767,-0.4957426786,-0.3256935477,0.4660786688,-0.3652455211,0.0619692206,0.2747237682,0.1154034138,0.4085690975,0.6930905581,0.5704752207,-0.1658259034,0.0000000000,0.0000000000,0.0000000000,0.0000000000,0.0000000000,0.0000000000,-0.3715933859,0.3701284826,-0.2929776907,0.9852231145,-0.1665197462,-0.0459936261,0.2691505551,0.6750843525,0.1466545165,-0.6712337732,
7019.209,0.1831110567,0.0000000000,0.9155552983,0.0623798333,0.0045167394,-1.0102847815,-0.1550340354,-0.0428479873,-0.4323862493,-0.0011865906,0.0084220655,-0.0123143196,0.0314617269,0.0958382413,-0.9950093031,0.0049928171,-13.6112556458,-5.7985167503,12.5736255646,-0.6269722581,0.6588335633,-0.4809717238,-0.3234961927,0.4716940820,-0.3547471464,0.0685674548,0.2772967219,0.1279983222,0.4103140235,0.6934797764,0.5690467954,-0.1647949666,-13.6112556458,-5.7985167503,12.5736255646,-0.6269722581,0.6588335633,-0.4809717238,-0.3234961927,0.4716940820,-0.3547471464,0.0685674548,0.2772967219,0.1279983222,0.4103140235,0.6934797764,0.5690467954,-0.1647949666,0.0000000000,0.0000000000,0.0000000000,0.0000000000,0.0000000000,0.0000000000,-0.3715933859,0.3681752980,-0.3105563521,0.9852227569,-0.1665202081,-0.0459936261,0.2693921626,0.6750314236,0.1468971074,-0.6711368561,
7019.222,0.1220740378,0.0000000000,0.9155552983,0.0631122813,0.0032959990,-1.0108951330,-0.1545457393,-0.0416272469,-0.4292123318,-0.0004472435,0.0071969558,-0.0129241943,0.0314585827,0.0958212391,-0.9950109720,0.0049897730,-13.0619220734,-6.6530351639,13.1229591370,-0.6181829572,0.6675008535,-0.4681539237,-0.3260597587,0.4724265337,-0.3546250761,0.0769052505,0.2815306187,0.1385345757,0.4120955467,0.6938965321,0.5675345063,-0.1638077796,-13.0619220734,-6.6530351639,13.1229591370,-0.6181829572,0.6675008535,-0.4681539237,-0.3260597587,0.4724265337,-0.3546250761,0.0769052505,0.2815306187,0.1385345757,0.4120955467,0.6938965321,0.5675345063,-0.1638077796,0.0000000000,0.0000000000,0.0000000000,0.0000000000,0.0000000000,0.0000000000,-0.3730582595,0.3686636090,-0.2910245061,0.9852228165,-0.1665208042,-0.0459941626,0.2696833313,0.6749676466,0.1471895128,-0.6710200906,
7019.235,0.1220740378,0.0000000000,0.9155552983,0.0642109439,0.0015869625,-1.0111392736,-0.1552781761,-0.0400402844,-0.4326303899,0.0006529391,0.0054920153,-0.0131682754,0.0314578302,0.0957806483,-0.9950150251,0.0049904552,-12.7567367554,-6.4699239731,13.3671073914,-0.6142765880,0.6707968116,-0.4680318534,-0.3255714476,0.4681539237,-0.3579210937,0.0802937746,0.2804069817,0.1364186108,0.4138366580,0.6943638921,0.5659747124,-0.1628311872,-12.7567367554,-6.4699239731,13.3671073914,-0.6142765880,0.6707968116,-0.4680318534,-0.3255714476,0.4681539237,-0.3579210937,0.0802937746,0.2804069817,0.1364186108,0.4138366580,0.6943638921,0.5659747124,-0.1628311872,0.0000000000,0.0000000000,0.0000000000,0.0000000000,0.0000000000,0.0000000000,-0.3750114441,0.3686636090,-0.3086031675,0.9852226973,-0.1665213257,-0.0459944010,0.2699265182,0.6749142408,0.1474337131,-0.6709223986,
7019.248,0.1220740378,0.0610370189,0.9155552983,0.0642109439,0.0025635548,-1.0107730627,-0.1571092904,-0.0445570238,-0.4371471405,0.0006437376,0.0064678560,-0.0128026605,0.0314623974,0.0957923904,-0.9950135946,0.0049908957,-12.4515514374,-5.4933319092,13.6722927094,-0.6150090098,0.6750694513,-0.4734031260,-0.3241065741,0.4663228393,-0.3567003310,0.0788910985,0.2802827656,0.1289586723,0.4154973328,0.6948773265,0.5644199252,-0.1618056595,-12.4515514374,-5.4933319092,13.6722927094,-0.6150090098,0.6750694513,-0.4734031260,-0.3241065741,0.4663228393,-0.3567003310,0.0788910985,0.2802827656,0.1289586723,0.4154973328,0.6948773265,0.5644199252,-0.1618056595,0.0000000000,0.0000000000,0.0000000000,0.0000000000,0.0000000000,0.0000000000,-0.3730582595,0.3671987057,-0.3125095367,0.9852225184,-0.1665218323,-0.0459946394,0.2701558471,0.6748637557,0.1476640105,-0.6708301902,
7019.261,0.1831110567,0.1220740378,0.9765923023,0.0645771697,0.0018311106,-1.0107730627,-0.1597949117,-0.0421155430,-0.4362926185,0.0009883791,0.0057495963,-0.0128040910,0.0314726345,0.0957602933,-0.9950164557,0.0049979794,-11.8411817551,-2.0752587318,13.7333288193,-0.6002380252,0.6826380491,-0.4804834127,-0.3239845037,0.4644917250,-0.3606067002,0.0925523043,0.2834983468,0.1202856302,0.4169249237,0.6955029964,0.5629418492,-0.1605897695,-11.8411817551,-2.0752587318,13.7333288193,-0.6002380252,0.6826380491,-0.4804834127,-0.3239845037,0.4644917250,-0.3606067002,0.0925523043,0.2834983468,0.1202856302,0.4169249237,0.6955029964,0.5629418492,-0.1605897695,0.0000000000,0.0000000000,0.0000000000,0.0000000000,0.0000000000,0.0000000000,-0.3715933859,0.3691518903,-0.3086031675,0.9852225780,-0.1665223837,-0.0459951162,0.2703999281,0.6748099923,0.1479091197,-0.6707320213,
7019.274,0.1831110567,0.1831110567,0.9765923023,0.0653096139,0.0018311106,-1.0113834143,-0.1552781761,-0.0435804315,-0.4399548471,0.0016853213,0.0057637193,-0.0134167671,0.0314896591,0.0957589746,-0.9950159788,0.0050066751,-11.9022188187,-1.4038513899,13.4281444550,-0.5919370055,0.6828821898,-0.4762108326,-0.3219092488,0.4681539237,-0.3567003310,0.0996686816,0.2794231772,0.1230366826,0.4183191359,0.6961070299,0.5615177751,-0.1593277901,-11.9022188187,-1.4038513899,13.4281444550,-0.5919370055,0.6828821898,-0.4762108326,-0.3219092488,0.4681539237,-0.3567003310,0.0996686816,0.2794231772,0.1230366826,0.4183191359,0.6961070299,0.5615177751,-0.1593277901,0.0000000000,0.0000000000,0.0000000000,0.0000000000,0.0000000000,0.0000000000,-0.3728141189,0.3691518903,-0.3086031675,0.9852223992,-0.1665229052,-0.0459953547,0.2706420124,0.6747565269,0.1481522769,-0.6706344485,
7019.287,0.1831110567,0.1831110567,0.9765923023,0.0653096139,0.0024414808,-1.0100406408,-0.1558885425,-0.0422376171,-0.4395886064,0.0016495809,0.0063851187,-0.0120762587,0.0315070488,0.0957385376,-0.9950172901,0.0050132372,-12.2684412003,-1.8921475410,12.8788108826,-0.5897396803,0.6808069348,-0.4738914073,-0.3164159060,0.4635151327,-0.3543809354,0.1007615924,0.2730836272,0.1237418950,0.4197407365,0.6966736317,0.5600944757,-0.1581173241,-12.2684412003,-1.8921475410,12.8788108826,-0.5897396803,0.6808069348,-0.4738914073,-0.3164159060,0.4635151327,-0.3543809354,0.1007615924,0.2730836272,0.1237418950,0.4197407365,0.6966736317,0.5600944757,-0.1581173241,0.0000000000,0.0000000000,0.0000000000,0.0000000000,0.0000000000,0.0000000000,-0.3730582595,0.3696402013,-0.3086031675,0.9852223396,-0.1665233970,-0.0459957719,0.2708840668,0.6747030020,0.1483954042,-0.6705368757,
7019.300,0.1831110567,0.1831110567,0.9765923023,0.0661641285,0.0028077029,-1.0099185705,-0.1550340354,-0.0480971709,-0.4401989877,0.0024642721,0.0067605097,-0.0119568110,0.0315261669,0.0957959294,-0.9950110912,0.0050215339,-13.7333288193,-4.3336281776,11.8411817551,-0.5980407000,0.6773888469,-0.4766991138,-0.3145847917,0.4659565985,-0.3501083553,0.0916967988,0.2654364705,0.1189134717,0.4213466346,0.6970773339,0.5586885810,-0.1570373774,-13.7333288193,-4.3336281776,11.8411817551,-0.5980407000,0.6773888469,-0.4766991138,-0.3145847917,0.4659565985,-0.3501083553,0.0916967988,0.2654364705,0.1189134717,0.4213466346,0.6970773339,0.5586885810,-0.1570373774,0.0000000000,0.0000000000,0.0000000000,0.0000000000,0.0000000000,0.0000000000,-0.3742789924,0.3696402013,-0.3105563521,0.9852221012,-0.1665238440,-0.0459958911,0.2711192369,0.6746507883,0.1486316472,-0.6704418659,
7019.313,0.1831110567,0.1831110567,0.9155552983,0.0659199804,0.0025635548,-1.0108951330,-0.1523483992,-0.0415051728,-0.4366588295,0.0021819621,0.0065260329,-0.0129358172,0.0315447897,0.0957817510,-0.9950119853,0.0050277323,-14.4657735825,-5.2491836548,11.6580705643,-0.6009705067,0.6779991984,-0.4792626798,-0.3129978478,0.4654683173,-0.3455916047,0.0881025791,0.2618022561,0.1141649187,0.4230294824,0.6974175572,0.5572845340,-0.1559880078,-14.4657735825,-5.2491836548,11.6580705643,-0.6009705067,0.6779991984,-0.4792626798,-0.3129978478,0.4654683173,-0.3455916047,0.0881025791,0.2618022561,0.1141649187,0.4230294824,0.6974175572,0.5572845340,-0.1559880078,0.0000000000,0.0000000000,0.0000000000,0.0000000000,0.0000000000,0.0000000000,-0.3725699782,0.3691518903,-0.3105563521,0.9852222204,-0.1665244251,-0.0459964871,0.2713529766,0.6745989919,0.1488664150,-0.6703475118,
7019.326,0.1220740378,0.1220740378,0.9155552983,0.0662862062,0.0032959990,-1.0116275549,-0.1516159624,-0.0473647267,-0.4360484779,0.0025193244,0.0072538648,-0.0136700869,0.0315590724,0.0958467275,-0.9950051904,0.0050288849,-15.1371803284,-5.6764426231,11.5359964371,-0.6111026406,0.6839808226,-0.4785302281,-0.3128757477,0.4687643051,-0.3536484838,0.0773687959,0.2635159492,0.1125835776,0.4247624874,0.6977480054,0.5558310151,-0.1549836844,-15.1371803284,-5.6764426231,11.5359964371,-0.6111026406,0.6839808226,-0.4785302281,-0.3128757477,0.4687643051,-0.3536484838,0.0773687959,0.2635159492,0.1125835776,0.4247624874,0.6977480054,0.5558310151,-0.1549836844,0.0000000000,0.0000000000,0.0000000000,0.0000000000,0.0000000000,0.0000000000,-0.3737907112,0.3686636090,-0.3105563521,0.9852219224,-0.1665249169,-0.0459966063,0.2715834379,0.6745476723,0.1490979344,-0.6702542305,
7019.339,0.1220740378,0.1220740378,0.9155552983,0.0660420582,0.0025635548,-1.0119937658,-0.1519821733,-0.0424817652,-0.4367808998,0.0022477508,0.0065204548,-0.0140380263,0.0315727890,0.0958459526,-0.9950048327,0.0050296984,-15.1982173920,-5.3712577820,12.8177738190,-0.6399121284,0.7091280818,-0.4477675855,-0.3128757477,0.4679097831,-0.3501083553,0.0479216576,0.2841961384,0.1408901513,0.4265830219,0.6980928183,0.5542912483,-0.1539417654,-15.1982173920,-5.3712577820,12.8177738190,-0.6399121284,0.7091280818,-0.4477675855,-0.3128757477,0.4679097831,-0.3501083553,0.0479216576,0.2841961384,0.1408901513,0.4265830219,0.6980928183,0.5542912483,-0.1539417654,0.0000000000,0.0000000000,0.0000000000,0.0000000000,0.0000000000,0.0000000000,-0.3745231628,0.3696402013,-0.3066499829,0.9852219224,-0.1665254682,-0.0459970236,0.2718248069,0.6744939685,0.1493404061,-0.6701565385,
7019.352,0.1220740378,0.0610370189,0.9155552983,0.0660420582,0.0051271096,-1.0107730627,-0.1547898799,-0.0422376171,-0.4388561547,0.0022307038,0.0090703778,-0.0128183961,0.0315820016,0.0958334580,-0.9950057864,0.0050233342,-14.2826623917,-4.7608876228,13.9164400101,-0.6450392008,0.7171849608,-0.4344615042,-0.3114108741,0.4642475545,-0.3453474641,0.0420253873,0.2877447307,0.1518189609,0.4283564687,0.6985116601,0.5526890159,-0.1528741568,-14.2826623917,-4.7608876228,13.9164400101,-0.6450392008,0.7171849608,-0.4344615042,-0.3114108741,0.4642475545,-0.3453474641,0.0420253873,0.2877447307,0.1518189609,0.4283564687,0.6985116601,0.5526890159,-0.1528741568,0.0000000000,0.0000000000,0.0000000000,0.0000000000,0.0000000000,0.0000000000,-0.3733024001,0.3662221134,-0.3105563521,0.9852219224,-0.1665259898,-0.0459975004,0.2720465958,0.6744444966,0.1495632082,-0.6700667143,
7019.365,0.1220740378,0.0610370189,0.9155552983,0.0668965727,0.0030518509,-1.0115054846,-0.1539353579,-0.0439466536,-0.4358043075,0.0030643046,0.0069918195,-0.0135521293,0.0315925181,0.0958463848,-0.9950041771,0.0050231074,-13.1229591370,-3.8453321457,15.0151062012,-0.6435743570,0.7198706269,-0.4267708361,-0.3115329444,0.4710837007,-0.3483993113,0.0425367951,0.2859173119,0.1572997868,0.4300320446,0.6990410089,0.5510175824,-0.1517798752,-13.1229591370,-3.8453321457,15.0151062012,-0.6435743570,0.7198706269,-0.4267708361,-0.3115329444,0.4710837007,-0.3483993113,0.0425367951,0.2859173119,0.1572997868,0.4300320446,0.6990410089,0.5510175824,-0.1517798752,0.0000000000,0.0000000000,0.0000000000,0.0000000000,0.0000000000,0.0000000000,-0.3723258078,0.3652455211,-0.3105563521,0.9852216244,-0.1665264517,-0.0459975004,0.2722651064,0.6743955612,0.1497827619,-0.6699779630,
7019.378,0.1220740378,0.0610370189,0.9155552983,0.0666524246,0.0037842952,-1.0107730627,-0.1561326981,-0.0450453199,-0.4333628416,0.0028003082,0.0077173556,-0.0128209591,0.0316026360,0.0958674550,-0.9950017929,0.0050212918,-11.4749593735,-2.1973326206,16.6631069183,-0.6206244230,0.7157200575,-0.4365367591,-0.3121433258,0.4622943699,-0.3488875926,0.0641522408,0.2772359252,0.1457140744,0.4315063357,0.6997694969,0.5492644906,-0.1505884975,-11.4749593735,-2.1973326206,16.6631069183,-0.6206244230,0.7157200575,-0.4365367591,-0.3121433258,0.4622943699,-0.3488875926,0.0641522408,0.2772359252,0.1457140744,0.4315063357,0.6997694969,0.5492644906,-0.1505884975,0.0000000000,0.0000000000,0.0000000000,0.0000000000,0.0000000000,0.0000000000,-0.3747673035,0.3720816672,-0.3066499829,0.9852218032,-0.1665270030,-0.0459982157,0.2725093961,0.6743409634,0.1500282288,-0.6698789001,
7019.391,0.1220740378,0.0610370189,0.9155552983,0.0665303543,0.0024414808,-1.0100406408,-0.1523483992,-0.0455336161,-0.4372692108,0.0026588365,0.0063742949,-0.0120897889,0.0316121243,0.0959054157,-0.9949979186,0.0050233081,-11.2308111191,-1.6479995251,17.1514015198,-0.6111026406,0.7154759169,-0.4439832866,-0.3076265752,0.4679097831,-0.3529160321,0.0721943974,0.2724530995,0.1365683973,0.4329121709,0.7005717158,0.5474656224,-0.1493693888,-11.2308111191,-1.6479995251,17.1514015198,-0.6111026406,0.7154759169,-0.4439832866,-0.3076265752,0.4679097831,-0.3529160321,0.0721943974,0.2724530995,0.1365683973,0.4329121709,0.7005717158,0.5474656224,-0.1493693888,0.0000000000,0.0000000000,0.0000000000,0.0000000000,0.0000000000,0.0000000000,-0.3728141189,0.3667104244,-0.2910245061,0.9852213860,-0.1665274799,-0.0459982753,0.2727794647,0.6742802858,0.1502996981,-0.6697689891,
7019.404,0.1220740378,0.0000000000,0.9765923023,0.0661641285,0.0024414808,-1.0100406408,-0.1535691470,-0.0478530228,-0.4356822371,0.0022857934,0.0063747335,-0.0120902061,0.0316152014,0.0959644243,-0.9949920774,0.0050257295,-11.2308111191,-1.2817773819,17.3955497742,-0.6031678319,0.7173070312,-0.4463026822,-0.3070161939,0.4624164701,-0.3482772410,0.0785529017,0.2697305679,0.1326076686,0.4342922270,0.7013832331,0.5456740260,-0.1481049955,-11.2308111191,-1.2817773819,17.3955497742,-0.6031678319,0.7173070312,-0.4463026822,-0.3070161939,0.4624164701,-0.3482772410,0.0785529017,0.2697305679,0.1326076686,0.4342922270,0.7013832331,0.5456740260,-0.1481049955,0.0000000000,0.0000000000,0.0000000000,0.0000000000,0.0000000000,0.0000000000,-0.3730582595,0.3686636090,-0.3086031675,0.9852215648,-0.1665280461,-0.0459988713,0.2730080485,0.6742290258,0.1505293846,-0.6696760654,
7019.417,0.1220740378,0.0610370189,0.9765923023,0.0662862062,0.0031739250,-1.0106509924,-0.1514938772,-0.0450453199,-0.4375133514,0.0023900494,0.0071040029,-0.0127016902,0.0316240937,0.0959928632,-0.9949890375,0.0050259111,-11.2918481827,-0.3662221134,17.7007350922,-0.5977965593,0.7257301807,-0.4445936382,-0.3054292500,0.4622943699,-0.3520615399,0.0821970701,0.2735511065,0.1327697933,0.4356296957,0.7022432089,0.5438562036,-0.1467823237,-11.2918481827,-0.3662221134,17.7007350922,-0.5977965593,0.7257301807,-0.4445936382,-0.3054292500,0.4622943699,-0.3520615399,0.0821970701,0.2735511065,0.1327697933,0.4356296957,0.7022432089,0.5438562036,-0.1467823237,0.0000000000,0.0000000000,0.0000000000,0.0000000000,0.0000000000,0.0000000000,-0.3728141189,0.3686636090,-0.3086031675,0.9852212071,-0.1665285081,-0.0459989309,0.2732355297,0.6741777062,0.1507580131,-0.6695833206,
7019.430,0.1831110567,0.0610370189,0.9765923023,0.0667745024,0.0028077029,-1.0104068518,-0.1529587656,-0.0454115421,-0.4333628416,0.0028581098,0.0067470660,-0.0124588609,0.0316335782,0.0960225239,-0.9949859381,0.0050324504,-11.3528852463,-0.0610370189,17.7617721558,-0.5870540738,0.7267067432,-0.4392223954,-0.3050630093,0.4655903876,-0.3436384201,0.0911437869,0.2699091434,0.1366162300,0.4369682372,0.7030625939,0.5420938730,-0.1453940570,-11.3528852463,-0.0610370189,17.7617721558,-0.5870540738,0.7267067432,-0.4392223954,-0.3050630093,0.4655903876,-0.3436384201,0.0911437869,0.2699091434,0.1366162300,0.4369682372,0.7030625939,0.5420938730,-0.1453940570,0.0000000000,0.0000000000,0.0000000000,0.0000000000,0.0000000000,0.0000000000,-0.3745231628,0.3681752980,-0.3105563521,0.9852212071,-0.1665290892,-0.0459993482,0.2734547257,0.6741283536,0.1509782821,-0.6694939733,
7019.443,0.1831110567,0.0610370189,0.9765923023,0.0679952428,0.0036622211,-1.0110172033,-0.1512497365,-0.0458998382,-0.4353160262,0.0040529668,0.0076066139,-0.0130708814,0.0316460393,0.0960633308,-0.9949814081,0.0050375015,-11.7801446915,-0.7324442267,17.8228092194,-0.5880306363,0.7300027609,-0.4349497855,-0.3053071797,0.4664449096,-0.3493759036,0.0884286761,0.2685554028,0.1392249167,0.4383609891,0.7038776278,0.5402658582,-0.1440565288,-11.7801446915,-0.7324442267,17.8228092194,-0.5880306363,0.7300027609,-0.4349497855,-0.3053071797,0.4664449096,-0.3493759036,0.0884286761,0.2685554028,0.1392249167,0.4383609891,0.7038776278,0.5402658582,-0.1440565288,0.0000000000,0.0000000000,0.0000000000,0.0000000000,0.0000000000,0.0000000000,-0.3747673035,0.3671987057,-0.3086031675,0.9852211475,-0.1665295660,-0.0459997058,0.2736749053,0.6740786433,0.1511995643,-0.6694041491,
7019.456,0.1831110567,0.0610370189,0.9765923023,0.0645771697,0.0037842952,-1.0107730627,-0.1552781761,-0.0456556901,-0.4322641790,0.0006258041,0.0077330903,-0.0128273964,0.0316502191,0.0960887894,-0.9949790239,0.0050409394,-12.3905143738,-2.1973326206,18.0669574738,-0.5861995220,0.7348856926,-0.4276253581,-0.3053071797,0.4648579359,-0.3488875926,0.0886371136,0.2687019110,0.1446302533,0.4398712218,0.7046557069,0.5383601189,-0.1427778006,-12.3905143738,-2.1973326206,18.0669574738,-0.5861995220,0.7348856926,-0.4276253581,-0.3053071797,0.4648579359,-0.3488875926,0.0886371136,0.2687019110,0.1446302533,0.4398712218,0.7046557069,0.5383601189,-0.1427778006,0.0000000000,0.0000000000,0.0000000000,0.0000000000,0.0000000000,0.0000000000,-0.3742789924,0.3671987057,-0.3125095367,0.9852210879,-0.1665301025,-0.0460000634,0.2738845050,0.6740312576,0.1514102072,-0.6693185568,
7019.469,0.1220740378,0.0610370189,1.0376293659,0.0675069466,0.0001220740,-1.0112613440,-0.1573534310,-0.0465102084,-0.4314096570,0.0035323948,0.0040833852,-0.0133171678,0.0316610560,0.0961130261,-0.9949761033,0.0050490615,-12.3294782639,-2.4414808750,18.2500686646,-0.5829035044,0.7341532707,-0.4256721735,-0.3032319248,0.4600970447,-0.3452253938,0.0903010964,0.2632444203,0.1446342468,0.4413839877,0.7054359913,0.5364294052,-0.1415166855,-12.3294782639,-2.4414808750,18.2500686646,-0.5829035044,0.7341532707,-0.4256721735,-0.3032319248,0.4600970447,-0.3452253938,0.0903010964,0.2632444203,0.1446342468,0.4413839877,0.7054359913,0.5364294052,-0.1415166855,0.0000000000,0.0000000000,0.0000000000,0.0000000000,0.0000000000,0.0000000000,-0.3718375266,0.3623157442,-0.3125095367,0.9852208495,-0.1665305644,-0.0460003018,0.2740811110,0.6739866734,0.1516078115,-0.6692381501,
7019.482,0.1831110567,0.0610370189,0.9765923023,0.0645771697,0.0017090365,-1.0110172033,-0.1545457393,-0.0440687276,-0.4353160262,0.0005938113,0.0056849206,-0.0130736232,0.0316647179,0.0961188897,-0.9949753881,0.0050569288,-11.9632558823,-2.1973326206,18.3721427917,-0.5802178979,0.7319559455,-0.4259163141,-0.3017670214,0.4652241468,-0.3414410949,0.0913020968,0.2563803196,0.1425015330,0.4428570867,0.7062141299,0.5345222354,-0.1402450651,-11.9632558823,-2.1973326206,18.3721427917,-0.5802178979,0.7319559455,-0.4259163141,-0.3017670214,0.4652241468,-0.3414410949,0.0913020968,0.2563803196,0.1425015330,0.4428570867,0.7062141299,0.5345222354,-0.1402450651,0.0000000000,0.0000000000,0.0000000000,0.0000000000,0.0000000000,0.0000000000,-0.3730582595,0.3662221134,-0.3066499829,0.9852208495,-0.1665311009,-0.0460007787,0.2743013799,0.6739367247,0.1518292129,-0.6691480875,
7019.495,0.1831110567,0.0610370189,0.9765923023,0.0648213178,0.0036622211,-1.0115054846,-0.1519821733,-0.0451673940,-0.4337290525,0.0008281246,0.0076429709,-0.0135625601,0.0316692367,0.0961474255,-0.9949725866,0.0050607328,-11.2918481827,-1.5869624615,18.0669574738,-0.5681325793,0.7331766486,-0.4237189889,-0.3027436137,0.4664449096,-0.3447370827,0.1016218066,0.2530370355,0.1429430842,0.4442447722,0.7070284486,0.5326210260,-0.1389803886,-11.2918481827,-1.5869624615,18.0669574738,-0.5681325793,0.7331766486,-0.4237189889,-0.3027436137,0.4664449096,-0.3447370827,0.1016218066,0.2530370355,0.1429430842,0.4442447722,0.7070284486,0.5326210260,-0.1389803886,0.0000000000,0.0000000000,0.0000000000,0.0000000000,0.0000000000,0.0000000000,-0.3730582595,0.3637806475,-0.3105563521,0.9852206707,-0.1665315777,-0.0460010171,0.2745040357,0.6738906503,0.1520329118,-0.6690650582,
7019.508,0.1831110567,0.0610370189,0.9155552983,0.0646992400,0.0047608875,-1.0104068518,-0.1545457393,-0.0463881344,-0.4362926185,0.0006964952,0.0087403497,-0.0124645829,0.0316738486,0.0961882547,-0.9949684143,0.0050618527,-11.0477008820,-1.4648884535,18.0669574738,-0.5590990782,0.7373272181,-0.4181035757,-0.2999359071,0.4637592733,-0.3470564783,0.1088436842,0.2526391745,0.1468229294,0.4456071556,0.7078798413,0.5306721330,-0.1377353370,-11.0477008820,-1.4648884535,18.0669574738,-0.5590990782,0.7373272181,-0.4181035757,-0.2999359071,0.4637592733,-0.3470564783,0.1088436842,0.2526391745,0.1468229294,0.4456071556,0.7078798413,0.5306721330,-0.1377353370,0.0000000000,0.0000000000,0.0000000000,0.0000000000,0.0000000000,0.0000000000,-0.3735465705,0.3662221134,-0.3066499829,0.9852204919,-0.1665320843,-0.0460013151,0.2747218311,0.6738410592,0.1522518694,-0.6689757705,
7019.521,0.1831110567,0.1220740378,0.9155552983,0.0649433881,0.0039063692,-1.0110172033,-0.1536912173,-0.0462660603,-0.4333628416,0.0009194836,0.0078887884,-0.0130763054,0.0316840336,0.0962306708,-0.9949640632,0.0050656954,-10.8645896912,-1.5869624615,17.9448833466,-0.5455488563,0.7433088422,-0.4095583856,-0.3020111620,0.4633930624,-0.3396099806,0.1205595136,0.2540750206,0.1536135375,0.4469820857,0.7086889744,0.5287621021,-0.1364590228,-10.8645896912,-1.5869624615,17.9448833466,-0.5455488563,0.7433088422,-0.4095583856,-0.3020111620,0.4633930624,-0.3396099806,0.1205595136,0.2540750206,0.1536135375,0.4469820857,0.7086889744,0.5287621021,-0.1364590228,0.0000000000,0.0000000000,0.0000000000,0.0000000000,0.0000000000,0.0000000000,-0.3725699782,0.3647572398,-0.3105563521,0.9852205515,-0.1665326059,-0.0460017323,0.2749253213,0.6737947464,0.1524564177,-0.6688923240,
7019.534,0.1831110567,0.0610370189,0.9155552983,0.0657979101,0.0021973327,-1.0105289221,-0.1522263288,-0.0443128757,-0.4347056448,0.0017592683,0.0061911284,-0.0125889778,0.0316907316,0.0962515026,-0.9949616194,0.0050727366,-10.9256267548,-3.1739249229,17.1514015198,-0.5273598433,0.7494125366,-0.4015015066,-0.3016449511,0.4641254842,-0.3453474641,0.1370770931,0.2556783557,0.1597147882,0.4484225512,0.7094775438,0.5267761946,-0.1353110373,-10.9256267548,-3.1739249229,17.1514015198,-0.5273598433,0.7494125366,-0.4015015066,-0.3016449511,0.4641254842,-0.3453474641,0.1370770931,0.2556783557,0.1597147882,0.4484225512,0.7094775438,0.5267761946,-0.1353110373,0.0000000000,0.0000000000,0.0000000000,0.0000000000,0.0000000000,0.0000000000,-0.3730582595,0.3657338321,-0.3125095367,0.9852203131,-0.1665331125,-0.0460019708,0.2751252651,0.6737490892,0.1526574194,-0.6688101888,
7019.547,0.1831110567,0.1220740378,0.9765923023,0.0664082766,0.0028077029,-1.0122379065,-0.1507614404,-0.0423596911,-0.4356822371,0.0023418739,0.0068105143,-0.0142997503,0.0317041576,0.0962453857,-0.9949619770,0.0050783693,-11.0477008820,-3.9063692093,16.5410327911,-0.5271157026,0.7502670288,-0.4035767615,-0.2971282005,0.4654683173,-0.3344828784,0.1357570887,0.2521262765,0.1555922925,0.4498955905,0.7101777792,0.5248575807,-0.1341992021,-11.0477008820,-3.9063692093,16.5410327911,-0.5271157026,0.7502670288,-0.4035767615,-0.2971282005,0.4654683173,-0.3344828784,0.1357570887,0.2521262765,0.1555922925,0.4498955905,0.7101777792,0.5248575807,-0.1341992021,0.0000000000,0.0000000000,0.0000000000,0.0000000000,0.0000000000,0.0000000000,-0.3737907112,0.3628040552,-0.3105563521,0.9852203727,-0.1665336341,-0.0460025072,0.2753206789,0.6737044454,0.1528538465,-0.6687299609,
7019.560,0.1831110567,0.1220740378,0.9765923023,0.0675069466,0.0031739250,-1.0110172033,-0.1560106277,-0.0411389507,-0.4354380965,0.0034071803,0.0071838838,-0.0130812526,0.0317206383,0.0962080657,-0.9949648380,0.0050823512,-11.1087369919,-4.0284433365,15.8696250916,-0.5317544937,0.7500228882,-0.4088259637,-0.2962736785,0.4597308338,-0.3343607783,0.1296186447,0.2476021051,0.1482867301,0.4513475299,0.7108547688,0.5229582787,-0.1331504732,-11.1087369919,-4.0284433365,15.8696250916,-0.5317544937,0.7500228882,-0.4088259637,-0.2962736785,0.4597308338,-0.3343607783,0.1296186447,0.2476021051,0.1482867301,0.4513475299,0.7108547688,0.5229582787,-0.1331504732,0.0000000000,0.0000000000,0.0000000000,0.0000000000,0.0000000000,0.0000000000,-0.3750114441,0.3652455211,-0.3066499829,0.9852201343,-0.1665341407,-0.0460026860,0.2755308151,0.6736563444,0.1530651450,-0.6686434746,
7019.573,0.1831110567,0.1220740378,0.9765923023,0.0668965727,0.0015869625,-1.0102847815,-0.1564989239,-0.0452894680,-0.4251838624,0.0027663335,0.0056118709,-0.0123508573,0.0317350142,0.0962253362,-0.9949628115,0.0050918153,-11.5970335007,-4.2115545273,14.5268106461,-0.5255287290,0.7424542904,-0.4205450714,-0.2970061302,0.4638813436,-0.3289895356,0.1344417334,0.2359219193,0.1345051825,0.4527912736,0.7114215493,0.5211988091,-0.1321170926,-11.5970335007,-4.2115545273,14.5268106461,-0.5255287290,0.7424542904,-0.4205450714,-0.2970061302,0.4638813436,-0.3289895356,0.1344417334,0.2359219193,0.1345051825,0.4527912736,0.7114215493,0.5211988091,-0.1321170926,0.0000000000,0.0000000000,0.0000000000,0.0000000000,0.0000000000,0.0000000000,-0.3735465705,0.3628040552,-0.2910245061,0.9852201343,-0.1665346771,-0.0460031629,0.2757745683,0.6736004949,0.1533102840,-0.6685431600,
7019.586,0.1831110567,0.0610370189,0.9765923023,0.0666524246,0.0024414808,-1.0112613440,-0.1547898799,-0.0445570238,-0.4271370471,0.0025040582,0.0064770575,-0.0133286119,0.0317434743,0.0962377414,-0.9949611425,0.0050983988,-12.0242929459,-4.6998505592,13.6722927094,-0.5243079662,0.7461165190,-0.4212774932,-0.2957853973,0.4657124579,-0.3359477520,0.1343627572,0.2355489731,0.1316160858,0.4542552233,0.7119678259,0.5194151402,-0.1311693043,-12.0242929459,-4.6998505592,13.6722927094,-0.5243079662,0.7461165190,-0.4212774932,-0.2957853973,0.4657124579,-0.3359477520,0.1343627572,0.2355489731,0.1316160858,0.4542552233,0.7119678259,0.5194151402,-0.1311693043,0.0000000000,0.0000000000,0.0000000000,0.0000000000,0.0000000000,0.0000000000,-0.3745231628,0.3652455211,-0.2910245061,0.9852198362,-0.1665351540,-0.0460032821,0.2760230601,0.6735433340,0.1535602510,-0.6684406400,
7019.599,0.1831110567,0.1220740378,0.9765923023,0.0662862062,0.0051271096,-1.0105289221,-0.1569872200,-0.0417493209,-0.4340952933,0.0021106824,0.0091600306,-0.0125979781,0.0317572951,0.0962058604,-0.9949640036,0.0050973687,-12.0242929459,-4.8219246864,12.8788108826,-0.5395672321,0.7552720904,-0.4126102626,-0.2970061302,0.4624164701,-0.3319193125,0.1179258823,0.2407844663,0.1380477250,0.4557396173,0.7124404311,0.5176882148,-0.1302782893,-12.0242929459,-4.8219246864,12.8788108826,-0.5395672321,0.7552720904,-0.4126102626,-0.2970061302,0.4624164701,-0.3319193125,0.1179258823,0.2407844663,0.1380477250,0.4557396173,0.7124404311,0.5176882148,-0.1302782893,0.0000000000,0.0000000000,0.0000000000,0.0000000000,0.0000000000,0.0000000000,-0.3715933859,0.3642689288,-0.3105563521,0.9852199554,-0.1665357202,-0.0460037589,0.2762191892,0.6734983325,0.1537574530,-0.6683598161,
7019.612,0.1831110567,0.0610370189,0.9155552983,0.0657979101,0.0041505173,-1.0099185705,-0.1564989239,-0.0452894680,-0.4343394339,0.0016082153,0.0081849266,-0.0119885206,0.0317641869,0.0962261632,-0.9949616194,0.0050994433,-10.6204414368,-2.2583696842,12.3294782639,-0.5411542058,0.7693105936,-0.4021118879,-0.2946867347,0.4614398777,-0.3363139629,0.1149585247,0.2510766387,0.1466771364,0.4570277333,0.7130029798,0.5160084367,-0.1293489635,-10.6204414368,-2.2583696842,12.3294782639,-0.5411542058,0.7693105936,-0.4021118879,-0.2946867347,0.4614398777,-0.3363139629,0.1149585247,0.2510766387,0.1466771364,0.4570277333,0.7130029798,0.5160084367,-0.1293489635,0.0000000000,0.0000000000,0.0000000000,0.0000000000,0.0000000000,0.0000000000,-0.3730582595,0.3632923365,-0.3066499829,0.9852195978,-0.1665361673,-0.0460038781,0.2764205337,0.6734518409,0.1539599448,-0.6682766080,
7019.625,0.1831110567,0.0610370189,0.9765923023,0.0640888736,0.0037842952,-1.0104068518,-0.1549119502,-0.0434583575,-0.4350718856,-0.0001063496,0.0078226887,-0.0124771595,0.0317667685,0.0962220281,-0.9949620366,0.0051015611,-9.9490337372,-0.9155552983,12.0853300095,-0.5329752564,0.7722403407,-0.3929563165,-0.2920010984,0.4637592733,-0.3321634531,0.1216302514,0.2503358722,0.1541523933,0.4582249224,0.7135772705,0.5143979788,-0.1283571720,-9.9490337372,-0.9155552983,12.0853300095,-0.5329752564,0.7722403407,-0.3929563165,-0.2920010984,0.4637592733,-0.3321634531,0.1216302514,0.2503358722,0.1541523933,0.4582249224,0.7135772705,0.5143979788,-0.1283571720,0.0000000000,0.0000000000,0.0000000000,0.0000000000,0.0000000000,0.0000000000,-0.3747673035,0.3613391519,-0.3066499829,0.9852198362,-0.1665367335,-0.0460045338,0.2766145766,0.6734071970,0.1541550606,-0.6681965590,
7019.638,0.1831110567,0.0610370189,0.9155552983,0.0651875362,0.0030518509,-1.0106509924,-0.1552781761,-0.0455336161,-0.4348277152,0.0009814575,0.0070971488,-0.0127220154,0.0317717083,0.0962488502,-0.9949591756,0.0051063797,-9.3997011185,-0.1220740378,11.7191076279,-0.5191808939,0.7762687802,-0.3873409331,-0.2937101424,0.4629047513,-0.3247169554,0.1338312030,0.2507615089,0.1582215130,0.4593620896,0.7141277194,0.5128801465,-0.1272998452,-9.3997011185,-0.1220740378,11.7191076279,-0.5191808939,0.7762687802,-0.3873409331,-0.2937101424,0.4629047513,-0.3247169554,0.1338312030,0.2507615089,0.1582215130,0.4593620896,0.7141277194,0.5128801465,-0.1272998452,0.0000000000,0.0000000000,0.0000000000,0.0000000000,0.0000000000,0.0000000000,-0.3747673035,0.3584093750,-0.3086031675,0.9852194786,-0.1665371656,-0.0460045934,0.2767945230,0.6733655334,0.1543360353,-0.6681220531,
7019.651,0.1831110567,0.0610370189,0.9155552983,0.0649433881,0.0030518509,-1.0104068518,-0.1566209942,-0.0426038392,-0.4426404536,0.0007276386,0.0071040173,-0.0124785304,0.0317762867,0.0962319672,-0.9949606657,0.0051097274,-9.0334787369,-0.4882961512,10.6204414368,-0.5064851642,0.7741935253,-0.3784295321,-0.2905362248,0.4627826810,-0.3333841860,0.1450424790,0.2452270985,0.1655633450,0.4604707658,0.7147022486,0.5113126636,-0.1263733208,-9.0334787369,-0.4882961512,10.6204414368,-0.5064851642,0.7741935253,-0.3784295321,-0.2905362248,0.4627826810,-0.3333841860,0.1450424790,0.2452270985,0.1655633450,0.4604707658,0.7147022486,0.5113126636,-0.1263733208,0.0000000000,0.0000000000,0.0000000000,0.0000000000,0.0000000000,0.0000000000,-0.3747673035,0.3662221134,-0.3105563521,0.9852195978,-0.1665377170,-0.0460051894,0.2769902050,0.6733203530,0.1545328200,-0.6680411696,
7019.664,0.1831110567,0.1220740378,0.9765923023,0.0661641285,0.0013428144,-1.0105289221,-0.1550340354,-0.0427259132,-0.4389782548,0.0019221976,0.0054109460,-0.0126023293,0.0317886472,0.0962166414,-0.9949616790,0.0051184511,-9.1555528641,-1.2207404375,10.0711078644,-0.5110019445,0.7743155956,-0.3798944056,-0.2887051105,0.4648579359,-0.3306985795,0.1391693950,0.2419793606,0.1624321640,0.4616084993,0.7152217031,0.5097690821,-0.1255162358,-9.1555528641,-1.2207404375,10.0711078644,-0.5110019445,0.7743155956,-0.3798944056,-0.2887051105,0.4648579359,-0.3306985795,0.1391693950,0.2419793606,0.1624321640,0.4616084993,0.7152217031,0.5097690821,-0.1255162358,0.0000000000,0.0000000000,0.0000000000,0.0000000000,0.0000000000,0.0000000000,-0.3720816672,0.3632923365,-0.3086031675,0.9852194190,-0.1665381640,-0.0460054278,0.2771832943,0.6732755899,0.1547270417,-0.6679611802,
7019.677,0.1831110567,0.1220740378,0.9765923023,0.0668965727,0.0012207404,-1.0104068518,-0.1538132876,-0.0404065065,-0.4300668240,0.0026249290,0.0053053652,-0.0124822855,0.0318028629,0.0961765870,-0.9949651957,0.0051268158,-9.0334787369,-1.5259255171,9.6438493729,-0.5190588236,0.7783440948,-0.3820917308,-0.2862636149,0.4659565985,-0.3337504268,0.1298376322,0.2427352071,0.1585377157,0.4627358615,0.7157418132,0.5082045794,-0.1247429773,-9.0334787369,-1.5259255171,9.6438493729,-0.5190588236,0.7783440948,-0.3820917308,-0.2862636149,0.4659565985,-0.3337504268,0.1298376322,0.2427352071,0.1585377157,0.4627358615,0.7157418132,0.5082045794,-0.1247429773,0.0000000000,0.0000000000,0.0000000000,0.0000000000,0.0000000000,0.0000000000,-0.3715933859,0.3647572398,-0.3066499829,0.9852193594,-0.1665387154,-0.0460057855,0.2773846388,0.6732289195,0.1549295634,-0.6678777337,
7019.690,0.1831110567,0.1220740378,0.9765923023,0.0672627985,0.0018311106,-1.0107730627,-0.1549119502,-0.0434583575,-0.4339731932,0.0029599443,0.0059291380,-0.0128505826,0.0318177976,0.0961723775,-0.9949650168,0.0051348610,-8.4231090546,-0.8545182943,9.5217752457,-0.5323649049,0.7883541584,-0.3880733550,-0.2910245061,0.4609515667,-0.3344828784,0.1152198315,0.2495849729,0.1509871185,0.4637856185,0.7162874937,0.5066614747,-0.1239866018,-8.4231090546,-0.8545182943,9.5217752457,-0.5323649049,0.7883541584,-0.3880733550,-0.2910245061,0.4609515667,-0.3344828784,0.1152198315,0.2495849729,0.1509871185,0.4637856185,0.7162874937,0.5066614747,-0.1239866018,0.0000000000,0.0000000000,0.0000000000,0.0000000000,0.0000000000,0.0000000000,-0.3723258078,0.3632923365,-0.3066499829,0.9852191806,-0.1665391773,-0.0460060239,0.2775804996,0.6731833816,0.1551265866,-0.6677964330,
7019.703,0.1220740378,0.1220740378,0.9765923023,0.0665303543,0.0004882962,-1.0113834143,-0.1521042585,-0.0426038392,-0.4408093393,0.0022002459,0.0045956643,-0.0134627223,0.0318309814,0.0961632878,-0.9949653745,0.0051405365,-7.9348125458,-0.3662221134,9.5828123093,-0.5283364654,0.7909176946,-0.3839228451,-0.2858974040,0.4660786688,-0.3331400454,0.1178724170,0.2490262389,0.1536575258,0.4647873342,0.7168564796,0.5051239729,-0.1232174486,-7.9348125458,-0.3662221134,9.5828123093,-0.5283364654,0.7909176946,-0.3839228451,-0.2858974040,0.4660786688,-0.3331400454,0.1178724170,0.2490262389,0.1536575258,0.4647873342,0.7168564796,0.5051239729,-0.1232174486,0.0000000000,0.0000000000,0.0000000000,0.0000000000,0.0000000000,0.0000000000,-0.3720816672,0.3623157442,-0.3066499829,0.9852191806,-0.1665397137,-0.0460065007,0.2777728736,0.6731386781,0.1553200930,-0.6677166224,
7019.716,0.1831110567,0.1831110567,0.9155552983,0.0676290169,0.0029297769,-1.0102847815,-0.1532029212,-0.0411389507,-0.4371471405,0.0032553375,0.0070443270,-0.0123668909,0.0318524800,0.0961382464,-0.9949671030,0.0051454129,-7.7517013550,-0.4272591472,9.5217752457,-0.5223547816,0.7936033010,-0.3786736727,-0.2812585831,0.4636372030,-0.3308206499,0.1224732995,0.2486052513,0.1574230790,0.4657825232,0.7174362540,0.5035641789,-0.1224675253,-7.7517013550,-0.4272591472,9.5217752457,-0.5223547816,0.7936033010,-0.3786736727,-0.2812585831,0.4636372030,-0.3308206499,0.1224732995,0.2486052513,0.1574230790,0.4657825232,0.7174362540,0.5035641789,-0.1224675253,0.0000000000,0.0000000000,0.0000000000,0.0000000000,0.0000000000,0.0000000000,-0.3725699782,0.3632923365,-0.3086031675,0.9852190018,-0.1665401757,-0.0460067391,0.2779617012,0.6730946302,0.1555100530,-0.6676381230,
7019.729,0.1220740378,0.1220740378,0.9155552983,0.0676290169,0.0029297769,-1.0107730627,-0.1551561058,-0.0412610248,-0.4336069822,0.0032227710,0.0070408527,-0.0128572583,0.0318690203,0.0961100087,-0.9949693084,0.0051443493,-7.5685901642,-1.8921475410,9.2165899277,-0.5177159905,0.7921384573,-0.3695181012,-0.2847987413,0.4627826810,-0.3304544091,0.1258960366,0.2440825701,0.1649206281,0.4668387473,0.7179808617,0.5019622445,-0.1218286082,-7.5685901642,-1.8921475410,9.2165899277,-0.5177159905,0.7921384573,-0.3695181012,-0.2847987413,0.4627826810,-0.3304544091,0.1258960366,0.2440825701,0.1649206281,0.4668387473,0.7179808617,0.5019622445,-0.1218286082,0.0000000000,0.0000000000,0.0000000000,0.0000000000,0.0000000000,0.0000000000,-0.3733024001,0.3618274629,-0.3086031675,0.9852190018,-0.1665406972,-0.0460072160,0.2781451643,0.6730518937,0.1556946039,-0.6675618887,
7019.742,0.1831110567,0.1831110567,0.9765923023,0.0676290169,0.0015869625,-1.0116275549,-0.1551561058,-0.0415051728,-0.4364146888,0.0031800792,0.0057125445,-0.0137145519,0.0318897627,0.0960791409,-0.9949715734,0.0051526418,-7.4465165138,-2.4414808750,9.1555528641,-0.5208899379,0.7910397649,-0.3704946935,-0.2851649523,0.4625385404,-0.3299661279,0.1215698719,0.2399781346,0.1622376740,0.4679024816,0.7185177803,0.5003415346,-0.1212480143,-7.4465165138,-2.4414808750,9.1555528641,-0.5208899379,0.7910397649,-0.3704946935,-0.2851649523,0.4625385404,-0.3299661279,0.1215698719,0.2399781346,0.1622376740,0.4679024816,0.7185177803,0.5003415346,-0.1212480143,0.0000000000,0.0000000000,0.0000000000,0.0000000000,0.0000000000,0.0000000000,-0.3740348518,0.3642689288,-0.3086031675,0.9852187634,-0.1665411890,-0.0460073352,0.2783339322,0.6730077863,0.1558845192,-0.6674832702,
7019.755,0.1220740378,0.1220740378,0.9155552983,0.0683614612,0.0025635548,-1.0115054846,-0.1541795135,-0.0421155430,-0.4321421087,0.0038769916,0.0066874381,-0.0135948062,0.0319076255,0.0960652828,-0.9949723482,0.0051530646,-7.3244423866,-2.6856288910,9.1555528641,-0.5230872631,0.7932370901,-0.3733024001,-0.2791833282,0.4644917250,-0.3314310014,0.1182388663,0.2392074466,0.1577155590,0.4689538479,0.7190791368,0.4986757040,-0.1207199320,-7.3244423866,-2.6856288910,9.1555528641,-0.5230872631,0.7932370901,-0.3733024001,-0.2791833282,0.4644917250,-0.3314310014,0.1182388663,0.2392074466,0.1577155590,0.4689538479,0.7190791368,0.4986757040,-0.1207199320,0.0000000000,0.0000000000,0.0000000000,0.0000000000,0.0000000000,0.0000000000,-0.3720816672,0.3618274629,-0.3086031675,0.9852187037,-0.1665416807,-0.0460078120,0.2785162032,0.6729651690,0.1560678929,-0.6674073935,
7019.768,0.1220740378,0.0610370189,0.9765923023,0.0684835389,0.0020752586,-1.0117496252,-0.1516159624,-0.0411389507,-0.4342173636,0.0039738640,0.0062005562,-0.0138405561,0.0319202468,0.0960402265,-0.9949743748,0.0051541794,-6.7140722275,-2.0752587318,9.3386640549,-0.5195471048,0.8016601801,-0.3703726232,-0.2841883600,0.4625385404,-0.3264259696,0.1205495596,0.2446854711,0.1590463221,0.4699553549,0.7196453214,0.4970546961,-0.1201352924,-6.7140722275,-2.0752587318,9.3386640549,-0.5195471048,0.8016601801,-0.3703726232,-0.2841883600,0.4625385404,-0.3264259696,0.1205495596,0.2446854711,0.1590463221,0.4699553549,0.7196453214,0.4970546961,-0.1201352924,0.0000000000,0.0000000000,0.0000000000,0.0000000000,0.0000000000,0.0000000000,-0.3730582595,0.3618274629,-0.3125095367,0.9852186441,-0.1665421873,-0.0460081100,0.2786872685,0.6729251146,0.1562399566,-0.6673361063,
7019.781,0.1220740378,0.1220740378,0.9765923023,0.0683614612,0.0031739250,-1.0113834143,-0.1543015838,-0.0412610248,-0.4351939559,0.0038165599,0.0072952076,-0.0134766102,0.0319381580,0.0960090086,-0.9949768186,0.0051528760,-6.2868127823,-1.8311105967,9.2165899277,-0.5163731575,0.8066652417,-0.3652455211,-0.2860194743,0.4675435722,-0.3242286444,0.1224713922,0.2467902899,0.1626251936,0.4709316194,0.7201958895,0.4954761863,-0.1195325628,-6.2868127823,-1.8311105967,9.2165899277,-0.5163731575,0.8066652417,-0.3652455211,-0.2860194743,0.4675435722,-0.3242286444,0.1224713922,0.2467902899,0.1626251936,0.4709316194,0.7201958895,0.4954761863,-0.1195325628,0.0000000000,0.0000000000,0.0000000000,0.0000000000,0.0000000000,0.0000000000,-0.3747673035,0.3618274629,-0.3066499829,0.9852185845,-0.1665426940,-0.0460085869,0.2788711190,0.6728820205,0.1564249247,-0.6672594547,
7019.794,0.1831110567,0.1220740378,0.9155552983,0.0676290169,0.0029297769,-1.0105289221,-0.1546678096,-0.0421155430,-0.4317758679,0.0030523390,0.0070582093,-0.0126242042,0.0319537297,0.0959942862,-0.9949777126,0.0051574940,-5.9816279411,-1.7090365887,9.0945158005,-0.5119785070,0.8072755933,-0.3625598848,-0.2800378501,0.4603411853,-0.3264259696,0.1256010532,0.2445458770,0.1638031304,0.4718684852,0.7208052278,0.4938265681,-0.1189899296,-5.9816279411,-1.7090365887,9.0945158005,-0.5119785070,0.8072755933,-0.3625598848,-0.2800378501,0.4603411853,-0.3264259696,0.1256010532,0.2445458770,0.1638031304,0.4718684852,0.7208052278,0.4938265681,-0.1189899296,0.0000000000,0.0000000000,0.0000000000,0.0000000000,0.0000000000,0.0000000000,-0.3735465705,0.3637806475,-0.3125095367,0.9852181673,-0.1665431410,-0.0460085869,0.2790453732,0.6728410125,0.1566002667,-0.6671866179,
7019.807,0.1220740378,0.0610370189,0.9765923023,0.0679952428,0.0017090365,-1.0102847815,-0.1541795135,-0.0427259132,-0.4360484779,0.0033957362,0.0058406708,-0.0123815536,0.0319650136,0.0959823504,-0.9949784875,0.0051598041,-5.3712577820,-1.7090365887,8.8503675461,-0.5106356740,0.8034912944,-0.3631702662,-0.2822351754,0.4638813436,-0.3234961927,0.1257010102,0.2380167246,0.1617541313,0.4727618694,0.7213980556,0.4922302663,-0.1184653193,-5.3712577820,-1.7090365887,8.8503675461,-0.5106356740,0.8034912944,-0.3631702662,-0.2822351754,0.4638813436,-0.3234961927,0.1257010102,0.2380167246,0.1617541313,0.4727618694,0.7213980556,0.4922302663,-0.1184653193,0.0000000000,0.0000000000,0.0000000000,0.0000000000,0.0000000000,0.0000000000,-0.3750114441,0.3623157442,-0.3105563521,0.9852183461,-0.1665436924,-0.0460091233,0.2792188227,0.6728003621,0.1567747593,-0.6671142578,
7019.820,0.1831110567,0.0610370189,0.9765923023,0.0690939054,0.0017090365,-1.0100406408,-0.1556444019,-0.0408948027,-0.4320200086,0.0044662058,0.0058544921,-0.0121393204,0.0319786035,0.0959435776,-0.9949817657,0.0051667974,-5.1271095276,-1.8311105967,8.7282934189,-0.5101473927,0.8016601801,-0.3603625596,-0.2805261314,0.4603411853,-0.3192236125,0.1249726415,0.2334940434,0.1631273925,0.4736447036,0.7219800353,0.4906457663,-0.1179648414,-5.1271095276,-1.8311105967,8.7282934189,-0.5101473927,0.8016601801,-0.3603625596,-0.2805261314,0.4603411853,-0.3192236125,0.1249726415,0.2334940434,0.1631273925,0.4736447036,0.7219800353,0.4906457663,-0.1179648414,0.0000000000,0.0000000000,0.0000000000,0.0000000000,0.0000000000,0.0000000000,-0.3747673035,0.3657338321,-0.3086031675,0.9852180481,-0.1665441543,-0.0460092425,0.2794056535,0.6727563143,0.1569627970,-0.6670360565,
7019.833,0.1831110567,0.0000000000,0.9765923023,0.0684835389,0.0021973327,-1.0110172033,-0.1529587656,-0.0402844325,-0.4284798801,0.0038417578,0.0063541406,-0.0131168365,0.0319852792,0.0959052891,-0.9949852228,0.0051718974,-4.7608876228,-2.1362955570,8.5451822281,-0.5099032521,0.8045899868,-0.3576769233,-0.2818689644,0.4632709622,-0.3162938356,0.1240437031,0.2337919474,0.1643706560,0.4745241106,0.7225356102,0.4890905917,-0.1174865291,-4.7608876228,-2.1362955570,8.5451822281,-0.5099032521,0.8045899868,-0.3576769233,-0.2818689644,0.4632709622,-0.3162938356,0.1240437031,0.2337919474,0.1643706560,0.4745241106,0.7225356102,0.4890905917,-0.1174865291,0.0000000000,0.0000000000,0.0000000000,0.0000000000,0.0000000000,0.0000000000,-0.3740348518,0.3671987057,-0.2910245061,0.9852181673,-0.1665447354,-0.0460098982,0.2796413004,0.6727008820,0.1572000086,-0.6669375300,
7019.846,0.1220740378,0.0610370189,0.9765923023,0.0661641285,0.0017090365,-1.0104068518,-0.1539353579,-0.0440687276,-0.4329966009,0.0015089139,0.0058689155,-0.0125073195,0.0319917910,0.0959125012,-0.9949842691,0.0051743048,-4.2115545273,-2.8077027798,8.6672563553,-0.5168614984,0.8139896989,-0.3570665717,-0.2806482017,0.4635151327,-0.3216650784,0.1159690619,0.2406078577,0.1635025144,0.4753933549,0.7231443524,0.4874323010,-0.1171179861,-4.2115545273,-2.8077027798,8.6672563553,-0.5168614984,0.8139896989,-0.3570665717,-0.2806482017,0.4635151327,-0.3216650784,0.1159690619,0.2406078577,0.1635025144,0.4753933549,0.7231443524,0.4874323010,-0.1171179861,0.0000000000,0.0000000000,0.0000000000,0.0000000000,0.0000000000,0.0000000000,-0.3713492155,0.3603625596,-0.3105563521,0.9852179289,-0.1665452123,-0.0460100174,0.2798084319,0.6726613641,0.1573681831,-0.6668674946,
7019.859,0.1220740378,0.0610370189,0.9765923023,0.0670186505,0.0036622211,-1.0106509924,-0.1545457393,-0.0422376171,-0.4298226833,0.0023459271,0.0078155119,-0.0127525926,0.0320009217,0.0958949476,-0.9949856997,0.0051713027,-3.9674062729,-2.9908139706,9.1555528641,-0.5256507993,0.8215582967,-0.3577989936,-0.2779625952,0.4615619481,-0.3208105862,0.1060447097,0.2455832362,0.1612844467,0.4762577713,0.7237845063,0.4857170880,-0.1167767569,-3.9674062729,-2.9908139706,9.1555528641,-0.5256507993,0.8215582967,-0.3577989936,-0.2779625952,0.4615619481,-0.3208105862,0.1060447097,0.2455832362,0.1612844467,0.4762577713,0.7237845063,0.4857170880,-0.1167767569,0.0000000000,0.0000000000,0.0000000000,0.0000000000,0.0000000000,0.0000000000,-0.3745231628,0.3618274629,-0.3086031675,0.9852178693,-0.1665456742,-0.0460104346,0.2799817920,0.6726204157,0.1575426459,-0.6667948961,
7019.872,0.1220740378,0.0610370189,0.9765923023,0.0688497573,0.0018311106,-1.0112613440,-0.1521042585,-0.0404065065,-0.4318979383,0.0041508228,0.0059869015,-0.0133646727,0.0320140496,0.0958597884,-0.9949886799,0.0051726773,-3.6622211933,-2.8687398434,9.8879966736,-0.5319986343,0.8287606239,-0.3588976860,-0.2810144424,0.4613177776,-0.3221533895,0.0984826088,0.2501576543,0.1587380767,0.4771028161,0.7244681716,0.4839494824,-0.1164260581,-3.6622211933,-2.8687398434,9.8879966736,-0.5319986343,0.8287606239,-0.3588976860,-0.2810144424,0.4613177776,-0.3221533895,0.0984826088,0.2501576543,0.1587380767,0.4771028161,0.7244681716,0.4839494824,-0.1164260581,0.0000000000,0.0000000000,0.0000000000,0.0000000000,0.0000000000,0.0000000000,-0.3715933859,0.3598742783,-0.3105563521,0.9852178097,-0.1665461957,-0.0460107923,0.2801457345,0.6725816727,0.1577076167,-0.6667261720,
7019.885,0.1220740378,0.0610370189,0.9765923023,0.0683614612,0.0014648885,-1.0107730627,-0.1514938772,-0.0430921353,-0.4331187010,0.0036386847,0.0056249741,-0.0128779411,0.0320257172,0.0958617106,-0.9949880838,0.0051760250,-2.9297769070,-2.0142216682,11.1697740555,-0.5306558609,0.8327890635,-0.3610950112,-0.2799157798,0.4627826810,-0.3272804916,0.0983890295,0.2514937520,0.1552710533,0.4778632224,0.7252794504,0.4820750356,-0.1160332486,-2.9297769070,-2.0142216682,11.1697740555,-0.5306558609,0.8327890635,-0.3610950112,-0.2799157798,0.4627826810,-0.3272804916,0.0983890295,0.2514937520,0.1552710533,0.4778632224,0.7252794504,0.4820750356,-0.1160332486,0.0000000000,0.0000000000,0.0000000000,0.0000000000,0.0000000000,0.0000000000,-0.3742789924,0.3603625596,-0.3125095367,0.9852177501,-0.1665466726,-0.0460112691,0.2803037763,0.6725442410,0.1578666419,-0.6666598916,
7019.898,0.1831110567,0.0000000000,0.9765923023,0.0678731650,0.0017090365,-1.0115054846,-0.1508835107,-0.0395519882,-0.4387340844,0.0031399429,0.0058828341,-0.0136110783,0.0320304967,0.0958172753,-0.9949921966,0.0051819235,-2.4414808750,-1.3428144455,11.4749593735,-0.5229651928,0.8258308768,-0.3619495332,-0.2766197622,0.4611957073,-0.3192236125,0.1045344472,0.2418728471,0.1532914937,0.4785630405,0.7260973454,0.4802567661,-0.1155722141,-2.4414808750,-1.3428144455,11.4749593735,-0.5229651928,0.8258308768,-0.3619495332,-0.2766197622,0.4611957073,-0.3192236125,0.1045344472,0.2418728471,0.1532914937,0.4785630405,0.7260973454,0.4802567661,-0.1155722141,0.0000000000,0.0000000000,0.0000000000,0.0000000000,0.0000000000,0.0000000000,-0.3735465705,0.3613391519,-0.3125095367,0.9852175117,-0.1665471345,-0.0460115075,0.2804641128,0.6725061536,0.1580279917,-0.6665925384,
7019.911,0.1220740378,0.0610370189,0.9765923023,0.0670186505,0.0017090365,-1.0111392736,-0.1555223316,-0.0405285805,-0.4356822371,0.0022684783,0.0058858404,-0.0132459998,0.0320390277,0.0957735032,-0.9949961305,0.0051828260,-1.9531846046,-0.7324442267,11.5359964371,-0.5149083138,0.8186284900,-0.3652455211,-0.2762535512,0.4619281590,-0.3254493773,0.1109640002,0.2320677638,0.1490181088,0.4791798592,0.7269881368,0.4783970118,-0.1151297167,-1.9531846046,-0.7324442267,11.5359964371,-0.5149083138,0.8186284900,-0.3652455211,-0.2762535512,0.4619281590,-0.3254493773,0.1109640002,0.2320677638,0.1490181088,0.4791798592,0.7269881368,0.4783970118,-0.1151297167,0.0000000000,0.0000000000,0.0000000000,0.0000000000,0.0000000000,0.0000000000,-0.3740348518,0.3608508706,-0.2910245061,0.9852175117,-0.1665476263,-0.0460119843,0.2806771100,0.6724556088,0.1582424492,-0.6665030718,
7019.924,0.1831110567,0.0000000000,0.9765923023,0.0673848689,0.0021973327,-1.0106509924,-0.1529587656,-0.0399182104,-0.4383678734,0.0026265159,0.0063853497,-0.0127583146,0.0320428051,0.0957285836,-0.9950003028,0.0051873559,-1.5869624615,-0.3051851094,10.9866638184,-0.4914700687,0.8037354946,-0.3669545650,-0.2761314809,0.4618060887,-0.3231299818,0.1327351630,0.2146665454,0.1464679837,0.4797295630,0.7278776169,0.4766015112,-0.1146659255,-1.5869624615,-0.3051851094,10.9866638184,-0.4914700687,0.8037354946,-0.3669545650,-0.2761314809,0.4618060887,-0.3231299818,0.1327351630,0.2146665454,0.1464679837,0.4797295630,0.7278776169,0.4766015112,-0.1146659255,0.0000000000,0.0000000000,0.0000000000,0.0000000000,0.0000000000,0.0000000000,-0.3718375266,0.3613391519,-0.3086031675,0.9852175117,-0.1665481627,-0.0460124016,0.2808462977,0.6724154353,0.1584127247,-0.6664319634,
7019.937,0.1220740378,0.0000000000,0.9765923023,0.0692159832,0.0029297769,-1.0108951330,-0.1529587656,-0.0418713950,-0.4334849119,0.0044405535,0.0071147047,-0.0130035281,0.0320515558,0.0957105532,-0.9950017333,0.0051860576,-1.7090365887,-0.9765923023,10.6204414368,-0.4868312776,0.8042237759,-0.3684194386,-0.2736899853,0.4591204524,-0.3242286444,0.1357870996,0.2126840949,0.1440887153,0.4802989960,0.7287623286,0.4747663736,-0.1142750829,-1.7090365887,-0.9765923023,10.6204414368,-0.4868312776,0.8042237759,-0.3684194386,-0.2736899853,0.4591204524,-0.3242286444,0.1357870996,0.2126840949,0.1440887153,0.4802989960,0.7287623286,0.4747663736,-0.1142750829,0.0000000000,0.0000000000,0.0000000000,0.0000000000,0.0000000000,0.0000000000,-0.3713492155,0.3608508706,-0.3066499829,0.9852171540,-0.1665485948,-0.0460124016,0.2810184062,0.6723743677,0.1585859954,-0.6663594246,
7019.950,0.1220740378,0.0000000000,0.9155552983,0.0673848689,0.0034180731,-1.0105289221,-0.1512497365,-0.0419934690,-0.4323862493,0.0026012808,0.0075968243,-0.0126377940,0.0320559442,0.0957048610,-0.9950022697,0.0051831896,-2.0142216682,-1.7090365887,10.3762931824,-0.4836573303,0.8078860044,-0.3695181012,-0.2719809711,0.4610736370,-0.3228858411,0.1374480426,0.2138783336,0.1419708133,0.4809142053,0.7296070457,0.4729287028,-0.1139168665,-2.0142216682,-1.7090365887,10.3762931824,-0.4836573303,0.8078860044,-0.3695181012,-0.2719809711,0.4610736370,-0.3228858411,0.1374480426,0.2138783336,0.1419708133,0.4809142053,0.7296070457,0.4729287028,-0.1139168665,0.0000000000,0.0000000000,0.0000000000,0.0000000000,0.0000000000,0.0000000000,-0.3723258078,0.3598742783,-0.3086031675,0.9852170944,-0.1665491015,-0.0460128784,0.2811815441,0.6723355055,0.1587501913,-0.6662907600,
7019.963,0.1831110567,-0.0610370189,0.9765923023,0.0668965727,0.0036622211,-1.0111392736,-0.1528366953,-0.0408948027,-0.4395886064,0.0021181703,0.0078449519,-0.0132478476,0.0320533365,0.0956732780,-0.9950053096,0.0051839054,-2.4414808750,-2.3804438114,10.1931819916,-0.4823145270,0.8156987429,-0.3662221134,-0.2739341557,0.4599749744,-0.3198339939,0.1373457909,0.2191948295,0.1441136301,0.4815950096,0.7303958535,0.4710980058,-0.1135709062,-2.4414808750,-2.3804438114,10.1931819916,-0.4823145270,0.8156987429,-0.3662221134,-0.2739341557,0.4599749744,-0.3198339939,0.1373457909,0.2191948295,0.1441136301,0.4815950096,0.7303958535,0.4710980058,-0.1135709062,0.0000000000,0.0000000000,0.0000000000,0.0000000000,0.0000000000,0.0000000000,-0.3750114441,0.3603625596,-0.3086031675,0.9852171540,-0.1665496081,-0.0460133553,0.2813436389,0.6722968817,0.1589133292,-0.6662225127,
7019.976,0.1220740378,-0.0610370189,0.9765923023,0.0678731650,0.0030518509,-1.0094301701,-0.1490523964,-0.0427259132,-0.4342173636,0.0030945539,0.0072308993,-0.0115387440,0.0320535935,0.0956783816,-0.9950047731,0.0051822467,-3.0518510342,-3.0518510342,9.6438493729,-0.4829249084,0.8199713230,-0.3686636090,-0.2772301435,0.4576555789,-0.3215430081,0.1353994906,0.2209900618,0.1403899789,0.4823277295,0.7311414480,0.4692573547,-0.1132836342,-3.0518510342,-3.0518510342,9.6438493729,-0.4829249084,0.8199713230,-0.3686636090,-0.2772301435,0.4576555789,-0.3215430081,0.1353994906,0.2209900618,0.1403899789,0.4823277295,0.7311414480,0.4692573547,-0.1132836342,0.0000000000,0.0000000000,0.0000000000,0.0000000000,0.0000000000,0.0000000000,-0.3735465705,0.3598742783,-0.3066499829,0.9852169156,-0.1665501148,-0.0460135341,0.2815092802,0.6722573042,0.1590800881,-0.6661525965,
7019.989,0.1831110567,0.0000000000,0.9765923023,0.0659199804,0.0020752586,-1.0107730627,-0.1505172849,-0.0438245796,-0.4387340844,0.0011405647,0.0062661176,-0.0128816962,0.0320533551,0.0956924632,-0.9950034022,0.0051886193,-3.2349619865,-3.1128878593,9.2165899277,-0.4860988259,0.8219245076,-0.3730582595,-0.2734458447,0.4596087635,-0.3223975301,0.1309405565,0.2205244303,0.1347015500,0.4830566347,0.7318701148,0.4674285650,-0.1130326688,-3.2349619865,-3.1128878593,9.2165899277,-0.4860988259,0.8219245076,-0.3730582595,-0.2734458447,0.4596087635,-0.3223975301,0.1309405565,0.2205244303,0.1347015500,0.4830566347,0.7318701148,0.4674285650,-0.1130326688,0.0000000000,0.0000000000,0.0000000000,0.0000000000,0.0000000000,0.0000000000,-0.3735465705,0.3549913168,-0.3086031675,0.9852169156,-0.1665506214,-0.0460140109,0.2816556394,0.6722223163,0.1592273712,-0.6660909057,
7020.002,0.1220740378,0.0000000000,0.9765923023,0.0661641285,0.0024414808,-1.0104068518,-0.1495406926,-0.0433362834,-0.4353160262,0.0013825968,0.0066316454,-0.0125156641,0.0320543833,0.0957036987,-0.9950022697,0.0051887371,-3.4180731773,-3.0518510342,8.8503675461,-0.4913479984,0.8230231404,-0.3713492155,-0.2740562260,0.4580217898,-0.3221533895,0.1244565547,0.2192508578,0.1350933909,0.4837902188,0.7325734496,0.4656187296,-0.1128084809,-3.4180731773,-3.0518510342,8.8503675461,-0.4913479984,0.8230231404,-0.3713492155,-0.2740562260,0.4580217898,-0.3221533895,0.1244565547,0.2192508578,0.1350933909,0.4837902188,0.7325734496,0.4656187296,-0.1128084809,0.0000000000,0.0000000000,0.0000000000,0.0000000000,0.0000000000,0.0000000000,-0.3725699782,0.3613391519,-0.3066499829,0.9852166772,-0.1665510833,-0.0460140705,0.2818242908,0.6721819043,0.1593971848,-0.6660196185,
7020.015,0.1220740378,0.0000000000,1.0376293659,0.0667745024,0.0024414808,-1.0104068518,-0.1485641003,-0.0428479873,-0.4336069822,0.0019878969,0.0066316449,-0.0125160217,0.0320568942,0.0957065523,-0.9950020313,0.0051890719,-3.4180731773,-2.5635547638,8.6062192917,-0.4934232533,0.8254646659,-0.3685415089,-0.2712485194,0.4571672678,-0.3227637708,0.1211353242,0.2193571329,0.1366240680,0.4845004380,0.7332808375,0.4638160169,-0.1125901639,-3.4180731773,-2.5635547638,8.6062192917,-0.4934232533,0.8254646659,-0.3685415089,-0.2712485194,0.4571672678,-0.3227637708,0.1211353242,0.2193571329,0.1366240680,0.4845004380,0.7332808375,0.4638160169,-0.1125901639,0.0000000000,0.0000000000,0.0000000000,0.0000000000,0.0000000000,0.0000000000,-0.3120212555,0.3564561903,-0.3105563521,0.9852166772,-0.1665515602,-0.0460146070,0.2820039690,0.6721388698,0.1595781147,-0.6659437418,
7020.028,0.1831110567,0.0610370189,0.9765923023,0.0644550920,0.0034180731,-1.0104068518,-0.1508835107,-0.0437025055,-0.4316537976,-0.0003358051,0.0076133539,-0.0125163198,0.0320587233,0.0957195684,-0.9950006604,0.0051922454,-3.2959990501,-2.1973326206,8.5451822281,-0.4865871072,0.8259529471,-0.3659779727,-0.2750328183,0.4605853558,-0.3158055246,0.1266795993,0.2175219655,0.1379636824,0.4852018952,0.7339329123,0.4621219933,-0.1122866794,-3.2959990501,-2.1973326206,8.5451822281,-0.4865871072,0.8259529471,-0.3659779727,-0.2750328183,0.4605853558,-0.3158055246,0.1266795993,0.2175219655,0.1379636824,0.4852018952,0.7339329123,0.4621219933,-0.1122866794,0.0000000000,0.0000000000,0.0000000000,0.0000000000,0.0000000000,0.0000000000,-0.3723258078,0.3579210937,-0.3125095367,0.9852166772,-0.1665521115,-0.0460149646,0.2821469903,0.6721045971,0.1597220451,-0.6658833027,
7020.041,0.1831110567,0.0610370189,0.9765923023,0.0661641285,0.0039063692,-1.0105289221,-0.1522263288,-0.0441908017,-0.4288460910,0.0013605803,0.0081043337,-0.0126391649,0.0320648141,0.0957355127,-0.9949988723,0.0051947027,-3.2959990501,-2.1973326206,8.3620719910,-0.4775536358,0.8221686482,-0.3630481958,-0.2722251117,0.4615619481,-0.3178808093,0.1344192922,0.2114320993,0.1396762729,0.4858930409,0.7345994115,0.4604010284,-0.1120077148,-3.2959990501,-2.1973326206,8.3620719910,-0.4775536358,0.8221686482,-0.3630481958,-0.2722251117,0.4615619481,-0.3178808093,0.1344192922,0.2114320993,0.1396762729,0.4858930409,0.7345994115,0.4604010284,-0.1120077148,0.0000000000,0.0000000000,0.0000000000,0.0000000000,0.0000000000,0.0000000000,-0.3740348518,0.3564561903,-0.3086031675,0.9852163792,-0.1665525734,-0.0460152030,0.2822938859,0.6720692515,0.1598699093,-0.6658211350,
7020.054,0.1831110567,0.0610370189,0.9155552983,0.0664082766,0.0031739250,-1.0110172033,-0.1495406926,-0.0429700613,-0.4331187010,0.0015910640,0.0073774960,-0.0131283998,0.0320712961,0.0957476497,-0.9949974418,0.0051985425,-3.6622211933,-2.9908139706,7.5685901642,-0.4674215019,0.8232673407,-0.3604846299,-0.2707602084,0.4598529041,-0.3239845037,0.1433794796,0.2102625370,0.1409032047,0.4866184592,0.7352658510,0.4586079121,-0.1118417606,-3.6622211933,-2.9908139706,7.5685901642,-0.4674215019,0.8232673407,-0.3604846299,-0.2707602084,0.4598529041,-0.3239845037,0.1433794796,0.2102625370,0.1409032047,0.4866184592,0.7352658510,0.4586079121,-0.1118417606,0.0000000000,0.0000000000,0.0000000000,0.0000000000,0.0000000000,0.0000000000,-0.3103122115,0.3603625596,-0.3086031675,0.9852163792,-0.1665530801,-0.0460157990,0.2824875712,0.6720227003,0.1600649804,-0.6657391787,
7020.067,0.1831110567,0.0610370189,0.9155552983,0.0660420582,0.0015869625,-1.0108951330,-0.1536912173,-0.0441908017,-0.4371471405,0.0012129769,0.0058039506,-0.0130071044,0.0320764892,0.0957619473,-0.9949960709,0.0052062529,-4.0894804001,-3.5401470661,7.2023682594,-0.4680318534,0.8243659735,-0.3619495332,-0.2691732645,0.4570451975,-0.3189794719,0.1416828334,0.2091116905,0.1380042732,0.4873870909,0.7358764410,0.4568439126,-0.1117001474,-4.0894804001,-3.5401470661,7.2023682594,-0.4680318534,0.8243659735,-0.3619495332,-0.2691732645,0.4570451975,-0.3189794719,0.1416828334,0.2091116905,0.1380042732,0.4873870909,0.7358764410,0.4568439126,-0.1117001474,0.0000000000,0.0000000000,0.0000000000,0.0000000000,0.0000000000,0.0000000000,-0.3718375266,0.3593859673,-0.3125095367,0.9852162600,-0.1665535122,-0.0460160375,0.2826324403,0.6719877720,0.1602108181,-0.6656777859,
7020.080,0.1831110567,0.0610370189,0.9765923023,0.0666524246,0.0015869625,-1.0100406408,-0.1505172849,-0.0452894680,-0.4359263778,0.0018083453,0.0058179852,-0.0121536851,0.0320831202,0.0957952812,-0.9949924350,0.0052150376,-4.5167393684,-3.9674062729,6.8971829414,-0.4754783809,0.8290047646,-0.3643909991,-0.2678304315,0.4581438601,-0.3191015422,0.1332341731,0.2115240693,0.1340372860,0.4881913066,0.7364500761,0.4550811052,-0.1116024479,-4.5167393684,-3.9674062729,6.8971829414,-0.4754783809,0.8290047646,-0.3643909991,-0.2678304315,0.4581438601,-0.3191015422,0.1332341731,0.2115240693,0.1340372860,0.4881913066,0.7364500761,0.4550811052,-0.1116024479,0.0000000000,0.0000000000,0.0000000000,0.0000000000,0.0000000000,0.0000000000,-0.3742789924,0.3579210937,-0.3105563521,0.9852162004,-0.1665540338,-0.0460164547,0.2827759683,0.6719532013,0.1603552848,-0.6656169891,
7020.093,0.1831110567,0.1220740378,0.9765923023,0.0683614612,0.0032959990,-1.0106509924,-0.1501510739,-0.0415051728,-0.4343394339,0.0034835935,0.0075325547,-0.0127662420,0.0320997760,0.0957799107,-0.9949934483,0.0052189203,-4.6998505592,-2.8687398434,6.7140722275,-0.4926908314,0.8417004943,-0.3647572398,-0.2681966722,0.4581438601,-0.3216650784,0.1149817407,0.2220255136,0.1322151124,0.4889633656,0.7370252013,0.4533466101,-0.1114838570,-4.6998505592,-2.8687398434,6.7140722275,-0.4926908314,0.8417004943,-0.3647572398,-0.2681966722,0.4581438601,-0.3216650784,0.1149817407,0.2220255136,0.1322151124,0.4889633656,0.7370252013,0.4533466101,-0.1114838570,0.0000000000,0.0000000000,0.0000000000,0.0000000000,0.0000000000,0.0000000000,-0.3713492155,0.3593859673,-0.2910245061,0.9852161407,-0.1665545553,-0.0460168719,0.2829747498,0.6719052792,0.1605555415,-0.6655326486,
7020.106,0.1831110567,0.1220740378,0.9765923023,0.0684835389,0.0001220740,-1.0099185705,-0.1528366953,-0.0443128757,-0.4359263778,0.0035712421,0.0043798140,-0.0120361447,0.0321158580,0.0957927853,-0.9949914217,0.0052315402,-4.3336281776,-1.7090365887,6.7140722275,-0.4896389544,0.8432874680,-0.3607287705,-0.2689290941,0.4564348161,-0.3187353015,0.1168859899,0.2214473486,0.1349404156,0.4896717966,0.7376145720,0.4516666234,-0.1112966835,-4.3336281776,-1.7090365887,6.7140722275,-0.4896389544,0.8432874680,-0.3607287705,-0.2689290941,0.4564348161,-0.3187353015,0.1168859899,0.2214473486,0.1349404156,0.4896717966,0.7376145720,0.4516666234,-0.1112966835,0.0000000000,0.0000000000,0.0000000000,0.0000000000,0.0000000000,0.0000000000,-0.3718375266,0.3569445014,-0.3125095367,0.9852160215,-0.1665550321,-0.0460171103,0.2831104100,0.6718724966,0.1606920958,-0.6654750705,
7020.119,0.1831110567,0.1220740378,0.9765923023,0.0671407208,0.0034180731,-1.0106509924,-0.1521042585,-0.0423596911,-0.4314096570,0.0022009686,0.0076806210,-0.0127704144,0.0321293585,0.0957834795,-0.9949920774,0.0052349521,-3.8453321457,-0.6103702188,6.5309610367,-0.4821924567,0.8410901427,-0.3542588651,-0.2680746019,0.4598529041,-0.3206884861,0.1230965853,0.2171374559,0.1402654946,0.4903072119,0.7382319570,0.4500212967,-0.1110705435,-3.8453321457,-0.6103702188,6.5309610367,-0.4821924567,0.8410901427,-0.3542588651,-0.2680746019,0.4598529041,-0.3206884861,0.1230965853,0.2171374559,0.1402654946,0.4903072119,0.7382319570,0.4500212967,-0.1110705435,0.0000000000,0.0000000000,0.0000000000,0.0000000000,0.0000000000,0.0000000000,-0.3720816672,0.3588976860,-0.2929776907,0.9852157831,-0.1665555388,-0.0460173488,0.2833005190,0.6718264818,0.1608836055,-0.6653942466,
7020.132,0.1831110567,0.1220740378,0.9765923023,0.0672627985,0.0014648885,-1.0116275549,-0.1511276662,-0.0438245796,-0.4375133514,0.0022955015,0.0057418756,-0.0137488246,0.0321423411,0.0957946628,-0.9949903488,0.0052438281,-3.0518510342,0.0610370189,5.4933319092,-0.4580217898,0.8263191581,-0.3408307135,-0.2662434876,0.4577776492,-0.3215430081,0.1460438073,0.2003959417,0.1526987851,0.4908576906,0.7388721108,0.4484151304,-0.1108781695,-3.0518510342,0.0610370189,5.4933319092,-0.4580217898,0.8263191581,-0.3408307135,-0.2662434876,0.4577776492,-0.3215430081,0.1460438073,0.2003959417,0.1526987851,0.4908576906,0.7388721108,0.4484151304,-0.1108781695,0.0000000000,0.0000000000,0.0000000000,0.0000000000,0.0000000000,0.0000000000,-0.3735465705,0.3564561903,-0.2910245061,0.9852158427,-0.1665560901,-0.0460179448,0.2834872603,0.6717813611,0.1610717177,-0.6653149128,
7020.145,0.1831110567,0.0610370189,0.9155552983,0.0673848689,0.0030518509,-1.0113834143,-0.1521042585,-0.0430921353,-0.4329966009,0.0024000257,0.0073346850,-0.0135058165,0.0321507752,0.0957996994,-0.9949896932,0.0052477443,-2.9297769070,-0.4272591472,4.7608876228,-0.4493545294,0.8244880438,-0.3372905552,-0.2663655579,0.4596087635,-0.3197118938,0.1535887718,0.1966716647,0.1552058756,0.4914170504,0.7394694686,0.4468514919,-0.1107296795,-2.9297769070,-0.4272591472,4.7608876228,-0.4493545294,0.8244880438,-0.3372905552,-0.2663655579,0.4596087635,-0.3197118938,0.1535887718,0.1966716647,0.1552058756,0.4914170504,0.7394694686,0.4468514919,-0.1107296795,0.0000000000,0.0000000000,0.0000000000,0.0000000000,0.0000000000,0.0000000000,-0.3735465705,0.3603625596,-0.3105563521,0.9852154851,-0.1665565073,-0.0460179448,0.2836335599,0.6717457771,0.1612190604,-0.6652525663,
7020.158,0.1831110567,0.0610370189,0.9155552983,0.0676290169,0.0039063692,-1.0099185705,-0.1507614404,-0.0408948027,-0.4329966009,0.0026250631,0.0081907781,-0.0120422244,0.0321603306,0.0957796201,-0.9949912429,0.0052487985,-2.9297769070,-1.1597033739,4.1505174637,-0.4470351338,0.8302255273,-0.3377788663,-0.2705160677,0.4565569162,-0.3211767972,0.1549010873,0.2005758882,0.1536085308,0.4919941127,0.7400541306,0.4452604651,-0.1106710657,-2.9297769070,-1.1597033739,4.1505174637,-0.4470351338,0.8302255273,-0.3377788663,-0.2705160677,0.4565569162,-0.3211767972,0.1549010873,0.2005758882,0.1536085308,0.4919941127,0.7400541306,0.4452604651,-0.1106710657,0.0000000000,0.0000000000,0.0000000000,0.0000000000,0.0000000000,0.0000000000,-0.3718375266,0.3579210937,-0.3086031675,0.9852159619,-0.1665570736,-0.0460188985,0.2837783694,0.6717108488,0.1613648534,-0.6651911736,
7020.171,0.1831110567,0.0610370189,0.9765923023,0.0682393909,0.0013428144,-1.0101627111,-0.1563768387,-0.0440687276,-0.4311655164,0.0032135397,0.0056421584,-0.0122878551,0.0321705304,0.0957796425,-0.9949908853,0.0052572885,-3.4791100025,-1.8311105967,3.5401470661,-0.4629047513,0.8388928175,-0.3501083553,-0.2674642205,0.4586321712,-0.3175145686,0.1381774545,0.2074816823,0.1400633156,0.4926141202,0.7405579090,0.4437377453,-0.1106593013,-3.4791100025,-1.8311105967,3.5401470661,-0.4629047513,0.8388928175,-0.3501083553,-0.2674642205,0.4586321712,-0.3175145686,0.1381774545,0.2074816823,0.1400633156,0.4926141202,0.7405579090,0.4437377453,-0.1106593013,0.0000000000,0.0000000000,0.0000000000,0.0000000000,0.0000000000,0.0000000000,-0.3120212555,0.3574327826,-0.2910245061,0.9852154255,-0.1665575653,-0.0460188389,0.2840012908,0.6716565490,0.1615895331,-0.6650959849,
7020.184,0.1220740378,0.0610370189,0.9765923023,0.0684835389,0.0017090365,-1.0101627111,-0.1523483992,-0.0446790978,-0.4349497855,0.0034346953,0.0060108039,-0.0122893453,0.0321817733,0.0957985073,-0.9949886799,0.0052602100,-3.6011841297,-1.6479995251,3.1739249229,-0.4660786688,0.8399914503,-0.3519394398,-0.2706381381,0.4539933503,-0.3158055246,0.1341818869,0.2068670988,0.1370282769,0.4932239056,0.7410466671,0.4422407448,-0.1106631830,-3.6011841297,-1.6479995251,3.1739249229,-0.4660786688,0.8399914503,-0.3519394398,-0.2706381381,0.4539933503,-0.3158055246,0.1341818869,0.2068670988,0.1370282769,0.4932239056,0.7410466671,0.4422407448,-0.1106631830,0.0000000000,0.0000000000,0.0000000000,0.0000000000,0.0000000000,0.0000000000,-0.3713492155,0.3593859673,-0.2910245061,0.9852154255,-0.1665580869,-0.0460192561,0.2841938436,0.6716097593,0.1617835611,-0.6650139093,
7020.197,0.1220740378,0.0610370189,0.9765923023,0.0677510947,0.0023194067,-1.0107730627,-0.1544236541,-0.0402844325,-0.4322641790,0.0026831925,0.0066205775,-0.0129009485,0.0321915373,0.0957544371,-0.9949926138,0.0052594040,-3.6011841297,-1.2207404375,2.7466659546,-0.4654683173,0.8368175030,-0.3510849476,-0.2703939974,0.4552140832,-0.3128757477,0.1339860260,0.2020394802,0.1367272139,0.4938137233,0.7415007353,0.4408243597,-0.1106432527,-3.6011841297,-1.2207404375,2.7466659546,-0.4654683173,0.8368175030,-0.3510849476,-0.2703939974,0.4552140832,-0.3128757477,0.1339860260,0.2020394802,0.1367272139,0.4938137233,0.7415007353,0.4408243597,-0.1106432527,0.0000000000,0.0000000000,0.0000000000,0.0000000000,0.0000000000,0.0000000000,-0.3715933859,0.3569445014,-0.2910245061,0.9852152467,-0.1665585488,-0.0460194945,0.2843784988,0.6715647578,0.1619696468,-0.6649350524,
7020.210,0.1831110567,0.0610370189,0.9765923023,0.0672627985,0.0039063692,-1.0110172033,-0.1543015838,-0.0400402844,-0.4322641790,0.0021783859,0.0082097501,-0.0131461620,0.0321999006,0.0957080200,-0.9949969053,0.0052597946,-3.1128878593,-0.6103702188,1.5259255171,-0.4565569162,0.8377941251,-0.3393658400,-0.2697836161,0.4572893381,-0.3208105862,0.1421582699,0.2014978528,0.1473752260,0.4943419993,0.7419809699,0.4394063652,-0.1107044071,-3.1128878593,-0.6103702188,1.5259255171,-0.4565569162,0.8377941251,-0.3393658400,-0.2697836161,0.4572893381,-0.3208105862,0.1421582699,0.2014978528,0.1473752260,0.4943419993,0.7419809699,0.4394063652,-0.1107044071,0.0000000000,0.0000000000,0.0000000000,0.0000000000,0.0000000000,0.0000000000,-0.3737907112,0.3574327826,-0.3105563521,0.9852150679,-0.1665590405,-0.0460197330,0.2845120728,0.6715321541,0.1621041596,-0.6648780107,
7020.223,0.1220740378,0.0610370189,0.9765923023,0.0675069466,0.0040284432,-1.0108951330,-0.1555223316,-0.0404065065,-0.4376354218,0.0024049133,0.0083227875,-0.0130252242,0.0322093666,0.0956617966,-0.9950008988,0.0052546463,-2.6856288910,-0.4272591472,0.8545182943,-0.4548478723,0.8402355909,-0.3309427202,-0.2653889656,0.4572893381,-0.3238624334,0.1431899667,0.2025121450,0.1547626555,0.4948366582,0.7424758673,0.4379788637,-0.1108331159,-2.6856288910,-0.4272591472,0.8545182943,-0.4548478723,0.8402355909,-0.3309427202,-0.2653889656,0.4572893381,-0.3238624334,0.1431899667,0.2025121450,0.1547626555,0.4948366582,0.7424758673,0.4379788637,-0.1108331159,0.0000000000,0.0000000000,0.0000000000,0.0000000000,0.0000000000,0.0000000000,-0.3733024001,0.3593859673,-0.3086031675,0.9852150679,-0.1665595174,-0.0460200906,0.2846555412,0.6714971662,0.1622486711,-0.6648167372,
7020.236,0.1831110567,0.0000000000,0.9155552983,0.0688497573,0.0029297769,-1.0110172033,-0.1533249915,-0.0404065065,-0.4382458031,0.0037341714,0.0072305007,-0.0131481886,0.0322159939,0.0956271663,-0.9950041175,0.0052573513,-2.3194067478,-0.3662221134,0.3662221134,-0.4538712800,0.8424329162,-0.3297219872,-0.2661214173,0.4561906755,-0.3112888038,0.1435352266,0.2033641934,0.1549917161,0.4953204095,0.7428910732,0.4367069602,-0.1109090969,-2.3194067478,-0.3662221134,0.3662221134,-0.4538712800,0.8424329162,-0.3297219872,-0.2661214173,0.4561906755,-0.3112888038,0.1435352266,0.2033641934,0.1549917161,0.4953204095,0.7428910732,0.4367069602,-0.1109090969,0.0000000000,0.0000000000,0.0000000000,0.0000000000,0.0000000000,0.0000000000,-0.3713492155,0.3559679091,-0.3105563521,0.9852150679,-0.1665599942,-0.0460206270,0.2847850919,0.6714655161,0.1623791158,-0.6647614241,
7020.249,0.1220740378,0.0000000000,0.9765923023,0.0672627985,0.0023194067,-1.0105289221,-0.1536912173,-0.0416272469,-0.4394665360,0.0021414310,0.0066195480,-0.0126603246,0.0322190374,0.0956017822,-0.9950064421,0.0052565169,-1.7090365887,-0.3051851094,-0.5493331552,-0.4616840184,0.8429212570,-0.3339945674,-0.2653889656,0.4582659304,-0.3151951730,0.1352106631,0.2026882172,0.1498128176,0.4957377017,0.7433179617,0.4354599416,-0.1110876352,-1.7090365887,-0.3051851094,-0.5493331552,-0.4616840184,0.8429212570,-0.3339945674,-0.2653889656,0.4582659304,-0.3151951730,0.1352106631,0.2026882172,0.1498128176,0.4957377017,0.7433179617,0.4354599416,-0.1110876352,0.0000000000,0.0000000000,0.0000000000,0.0000000000,0.0000000000,0.0000000000,-0.3718375266,0.3525498211,-0.3125095367,0.9852149487,-0.1665604562,-0.0460209250,0.2848992944,0.6714375615,0.1624940783,-0.6647126079,
7020.262,0.1220740378,0.0000000000,0.9765923023,0.0684835389,0.0006103702,-1.0107730627,-0.1519821733,-0.0416272469,-0.4373912811,0.0033504963,0.0049183764,-0.0129052401,0.0322245844,0.0955817997,-0.9950081706,0.0052603455,-1.5869624615,-0.0610370189,-0.7934812307,-0.4668111205,0.8445081711,-0.3391216695,-0.2662434876,0.4570451975,-0.3239845037,0.1295886636,0.2031720281,0.1438346207,0.4961082637,0.7438061237,0.4341357350,-0.1113483086,-1.5869624615,-0.0610370189,-0.7934812307,-0.4668111205,0.8445081711,-0.3391216695,-0.2662434876,0.4570451975,-0.3239845037,0.1295886636,0.2031720281,0.1438346207,0.4961082637,0.7438061237,0.4341357350,-0.1113483086,0.0000000000,0.0000000000,0.0000000000,0.0000000000,0.0000000000,0.0000000000,-0.3742789924,0.3574327826,-0.3105563521,0.9852147698,-0.1665609330,-0.0460212231,0.2850299478,0.6714055538,0.1626256555,-0.6646566987,
7020.275,0.1220740378,0.0000000000,0.9765923023,0.0682393909,0.0012207404,-1.0110172033,-0.1567430645,-0.0430921353,-0.4373912811,0.0030960366,0.0055335611,-0.0131500959,0.0322295763,0.0955672488,-0.9950093627,0.0052627670,-1.6479995251,0.1220740378,-0.8545182943,-0.4736472666,0.8480483294,-0.3482772410,-0.2675862908,0.4583880007,-0.3175145686,0.1222577989,0.2056422830,0.1338677704,0.4964702725,0.7442476153,0.4329104424,-0.1115560904,-1.6479995251,0.1220740378,-0.8545182943,-0.4736472666,0.8480483294,-0.3482772410,-0.2675862908,0.4583880007,-0.3175145686,0.1222577989,0.2056422830,0.1338677704,0.4964702725,0.7442476153,0.4329104424,-0.1115560904,0.0000000000,0.0000000000,0.0000000000,0.0000000000,0.0000000000,0.0000000000,-0.3725699782,0.3579210937,-0.3105563521,0.9852147102,-0.1665613949,-0.0460215807,0.2851622999,0.6713731289,0.1627589613,-0.6646000743,
7020.288,0.1220740378,0.0000000000,1.0376293659,0.0690939054,0.0039063692,-1.0111392736,-0.1549119502,-0.0449232459,-0.4337290525,0.0039361492,0.0082114208,-0.0132730603,0.0322370678,0.0955774933,-0.9950081706,0.0052599208,-2.0752587318,-0.0610370189,-0.5493331552,-0.4821924567,0.8476821184,-0.3447370827,-0.2656331062,0.4600970447,-0.3177587092,0.1132336259,0.2041593194,0.1365097463,0.4968750775,0.7446684837,0.4316658676,-0.1117665693,-2.0752587318,-0.0610370189,-0.5493331552,-0.4821924567,0.8476821184,-0.3447370827,-0.2656331062,0.4600970447,-0.3177587092,0.1132336259,0.2041593194,0.1365097463,0.4968750775,0.7446684837,0.4316658676,-0.1117665693,0.0000000000,0.0000000000,0.0000000000,0.0000000000,0.0000000000,0.0000000000,-0.3725699782,0.3564561903,-0.3066499829,0.9852145910,-0.1665618867,-0.0460219979,0.2852996886,0.6713394523,0.1628973335,-0.6645412445,
7020.301,0.1220740378,-0.0610370189,0.9765923023,0.0688497573,0.0034180731,-1.0111392736,-0.1524704695,-0.0434583575,-0.4333628416,0.0036894679,0.0077171125,-0.0132731795,0.0322385989,0.0955814272,-0.9950077534,0.0052571762,-2.0752587318,-0.2441480756,-0.3051851094,-0.4842677116,0.8463392854,-0.3447370827,-0.2691732645,0.4575335085,-0.3138523400,0.1106778383,0.2016884685,0.1355940998,0.4972903430,0.7450767756,0.4304295778,-0.1119673997,-2.0752587318,-0.2441480756,-0.3051851094,-0.4842677116,0.8463392854,-0.3447370827,-0.2691732645,0.4575335085,-0.3138523400,0.1106778383,0.2016884685,0.1355940998,0.4972903430,0.7450767756,0.4304295778,-0.1119673997,0.0000000000,0.0000000000,0.0000000000,0.0000000000,0.0000000000,0.0000000000,-0.3713492155,0.3554795980,-0.3125095367,0.9852144122,-0.1665623486,-0.0460221171,0.2854197621,0.6713099480,0.1630182415,-0.6644897461,
7020.314,0.1220740378,0.0000000000,0.9765923023,0.0668965727,0.0023194067,-1.0108951330,-0.1525925547,-0.0435804315,-0.4397106767,0.0017326474,0.0066178837,-0.0130292773,0.0322404206,0.0955848843,-0.9950073361,0.0052571828,-1.8311105967,-0.0610370189,-0.1220740378,-0.4824365973,0.8456068635,-0.3430280387,-0.2707602084,0.4592425227,-0.3142185807,0.1119903922,0.1998310685,0.1364334226,0.4976849854,0.7454997897,0.4291899502,-0.1121557876,-1.8311105967,-0.0610370189,-0.1220740378,-0.4824365973,0.8456068635,-0.3430280387,-0.2707602084,0.4592425227,-0.3142185807,0.1119903922,0.1998310685,0.1364334226,0.4976849854,0.7454997897,0.4291899502,-0.1121557876,0.0000000000,0.0000000000,0.0000000000,0.0000000000,0.0000000000,0.0000000000,-0.3742789924,0.3569445014,-0.3125095367,0.9852145314,-0.1665628403,-0.0460227132,0.2855416238,0.6712800860,0.1631409526,-0.6644375920,
7020.327,0.1220740378,-0.0610370189,0.9155552983,0.0682393909,0.0029297769,-1.0106509924,-0.1546678096,-0.0444349498,-0.4351939559,0.0030757487,0.0072239847,-0.0127851367,0.0322404057,0.0955997035,-0.9950059056,0.0052555236,-1.0376293659,1.0376293659,-0.3051851094,-0.4709616303,0.8469496965,-0.3421735168,-0.2701498568,0.4572893381,-0.3116550148,0.1228376031,0.2001103759,0.1366323233,0.4979850650,0.7459622622,0.4280029833,-0.1122852042,-1.0376293659,1.0376293659,-0.3051851094,-0.4709616303,0.8469496965,-0.3421735168,-0.2701498568,0.4572893381,-0.3116550148,0.1228376031,0.2001103759,0.1366323233,0.4979850650,0.7459622622,0.4280029833,-0.1122852042,0.0000000000,0.0000000000,0.0000000000,0.0000000000,0.0000000000,0.0000000000,-0.3733024001,0.3554795980,-0.3125095367,0.9852142334,-0.1665633321,-0.0460227728,0.2856593132,0.6712511182,0.1632594615,-0.6643870473,
7020.340,0.1220740378,-0.0610370189,0.9155552983,0.0676290169,0.0031739250,-1.0111392736,-0.1541795135,-0.0417493209,-0.4321421087,0.0024688095,0.0074626845,-0.0132731795,0.0322390459,0.0955818221,-0.9950078130,0.0052520661,-0.8545182943,1.3428144455,-0.5493331552,-0.4670552611,0.8442640305,-0.3407086432,-0.2672200799,0.4587542415,-0.3162938356,0.1261126399,0.1964019537,0.1374970376,0.4982495308,0.7464579940,0.4267866015,-0.1124479994,-0.8545182943,1.3428144455,-0.5493331552,-0.4670552611,0.8442640305,-0.3407086432,-0.2672200799,0.4587542415,-0.3162938356,0.1261126399,0.1964019537,0.1374970376,0.4982495308,0.7464579940,0.4267866015,-0.1124479994,0.0000000000,0.0000000000,0.0000000000,0.0000000000,0.0000000000,0.0000000000,-0.3718375266,0.3569445014,-0.3066499829,0.9852143526,-0.1665638536,-0.0460233092,0.2857959867,0.6712175608,0.1633971334,-0.6643284559,
7020.353,0.1220740378,-0.0610370189,0.9155552983,0.0679952428,0.0028077029,-1.0111392736,-0.1527146250,-0.0446790978,-0.4370250702,0.0028366670,0.0070928512,-0.0132730007,0.0322382785,0.0956053361,-0.9950055480,0.0052509513,-0.9765923023,1.0986663103,-0.7324442267,-0.4664449096,0.8419446349,-0.3387554586,-0.2667317688,0.4561906755,-0.3214209378,0.1261382103,0.1930745840,0.1388082206,0.4985172749,0.7469813824,0.4254926145,-0.1126883999,-0.9765923023,1.0986663103,-0.7324442267,-0.4664449096,0.8419446349,-0.3387554586,-0.2667317688,0.4561906755,-0.3214209378,0.1261382103,0.1930745840,0.1388082206,0.4985172749,0.7469813824,0.4254926145,-0.1126883999,0.0000000000,0.0000000000,0.0000000000,0.0000000000,0.0000000000,0.0000000000,-0.3723258078,0.3579210937,-0.3105563521,0.9852139950,-0.1665642560,-0.0460233092,0.2859245539,0.6711857915,0.1635266542,-0.6642731428,
7020.366,0.1220740378,-0.0610370189,0.9765923023,0.0675069466,0.0007324442,-1.0104068518,-0.1569872200,-0.0444349498,-0.4359263778,0.0023522079,0.0050249342,-0.0125403404,0.0322360061,0.0956075862,-0.9950053096,0.0052544964,-1.4648884535,-0.1831110567,-1.0376293659,-0.4693746865,0.8387706876,-0.3404645026,-0.2674642205,0.4566789865,-0.3171483576,0.1227796972,0.1889056563,0.1362777948,0.4988617301,0.7474288344,0.4242223203,-0.1129858792,-1.4648884535,-0.1831110567,-1.0376293659,-0.4693746865,0.8387706876,-0.3404645026,-0.2674642205,0.4566789865,-0.3171483576,0.1227796972,0.1889056563,0.1362777948,0.4988617301,0.7474288344,0.4242223203,-0.1129858792,0.0000000000,0.0000000000,0.0000000000,0.0000000000,0.0000000000,0.0000000000,-0.3740348518,0.3535264134,-0.3125095367,0.9852141738,-0.1665647924,-0.0460239649,0.2860344648,0.6711587906,0.1636372954,-0.6642260551,
7020.379,0.1220740378,-0.0610370189,0.9155552983,0.0681173131,0.0025635548,-1.0113834143,-0.1544236541,-0.0428479873,-0.4326303899,0.0029636398,0.0068536215,-0.0135169029,0.0322356112,0.0956031233,-0.9950059056,0.0052530929,-1.7090365887,-0.5493331552,-1.0986663103,-0.4704733491,0.8404797316,-0.3408307135,-0.2703939974,0.4555803239,-0.3156834543,0.1212916970,0.1896113753,0.1350260675,0.4992344677,0.7478529215,0.4229512215,-0.1132986024,-1.7090365887,-0.5493331552,-1.0986663103,-0.4704733491,0.8404797316,-0.3408307135,-0.2703939974,0.4555803239,-0.3156834543,0.1212916970,0.1896113753,0.1350260675,0.4992344677,0.7478529215,0.4229512215,-0.1132986024,0.0000000000,0.0000000000,0.0000000000,0.0000000000,0.0000000000,0.0000000000,-0.3737907112,0.3530381322,-0.3105563521,0.9852138758,-0.1665652245,-0.0460240245,0.2861473560,0.6711308956,0.1637509912,-0.6641774774,
7020.392,0.1220740378,0.0000000000,0.9765923023,0.0676290169,0.0019531846,-1.0113834143,-0.1563768387,-0.0435804315,-0.4311655164,0.0024682581,0.0062445444,-0.0135173202,0.0322391167,0.0955974311,-0.9950061440,0.0052538938,-1.8311105967,-0.7324442267,-1.2207404375,-0.4727927446,0.8432874680,-0.3400982618,-0.2713705897,0.4549699426,-0.3131199181,0.1186177135,0.1914228201,0.1348350942,0.4996250272,0.7482487559,0.4217033982,-0.1136141643,-1.8311105967,-0.7324442267,-1.2207404375,-0.4727927446,0.8432874680,-0.3400982618,-0.2713705897,0.4549699426,-0.3131199181,0.1186177135,0.1914228201,0.1348350942,0.4996250272,0.7482487559,0.4217033982,-0.1136141643,0.0000000000,0.0000000000,0.0000000000,0.0000000000,0.0000000000,0.0000000000,-0.3718375266,0.3535264134,-0.3125095367,0.9852138162,-0.1665657014,-0.0460245013,0.2862574160,0.6711037159,0.1638617963,-0.6641302109,
7020.405,0.1220740378,0.0000000000,0.9765923023,0.0682393909,0.0021973327,-1.0105289221,-0.1539353579,-0.0432142094,-0.4367808998,0.0030682757,0.0064887679,-0.0126634836,0.0322443023,0.0955928117,-0.9950064421,0.0052542789,-1.7700735331,-0.7324442267,-1.2817773819,-0.4815820754,0.8463392854,-0.3433942795,-0.2710043788,0.4561906755,-0.3132419884,0.1095032394,0.1935157180,0.1306263804,0.5000051260,0.7486399412,0.4204663038,-0.1139497533,-1.7700735331,-0.7324442267,-1.2817773819,-0.4815820754,0.8463392854,-0.3433942795,-0.2710043788,0.4561906755,-0.3132419884,0.1095032394,0.1935157180,0.1306263804,0.5000051260,0.7486399412,0.4204663038,-0.1139497533,0.0000000000,0.0000000000,0.0000000000,0.0000000000,0.0000000000,0.0000000000,-0.3715933859,0.3579210937,-0.3125095367,0.9852137566,-0.1665661335,-0.0460249186,0.2863792777,0.6710736156,0.1639845520,-0.6640778184,
7020.418,0.1220740378,0.0000000000,0.9765923023,0.0667745024,0.0036622211,-1.0101627111,-0.1557664722,-0.0451673940,-0.4340952933,0.0016001537,0.0079464912,-0.0122974515,0.0322461687,0.0956087559,-0.9950048923,0.0052513820,-1.6479995251,-0.4882961512,-1.1597033739,-0.4868312776,0.8473159075,-0.3464461267,-0.2713705897,0.4588763118,-0.3205664158,0.1039079726,0.1935524344,0.1267099977,0.5003508925,0.7490819693,0.4191627502,-0.1143281758,-1.6479995251,-0.4882961512,-1.1597033739,-0.4868312776,0.8473159075,-0.3464461267,-0.2713705897,0.4588763118,-0.3205664158,0.1039079726,0.1935524344,0.1267099977,0.5003508925,0.7490819693,0.4191627502,-0.1143281758,0.0000000000,0.0000000000,0.0000000000,0.0000000000,0.0000000000,0.0000000000,-0.3720816672,0.3520615399,-0.3086031675,0.9852136970,-0.1665665954,-0.0460252166,0.2864935696,0.6710453629,0.1640996635,-0.6640286446,
7020.431,0.1220740378,0.0000000000,0.9765923023,0.0666524246,0.0028077029,-1.0105289221,-0.1539353579,-0.0423596911,-0.4388561547,0.0014755875,0.0070890686,-0.0126639009,0.0322476327,0.0955925286,-0.9950064421,0.0052495296,-1.5869624615,-0.0610370189,-1.0986663103,-0.4867091775,0.8464613557,-0.3469344079,-0.2678304315,0.4571672678,-0.3167821169,0.1036433578,0.1917646527,0.1254141033,0.5006767511,0.7495201826,0.4178962409,-0.1146671250,-1.5869624615,-0.0610370189,-1.0986663103,-0.4867091775,0.8464613557,-0.3469344079,-0.2678304315,0.4571672678,-0.3167821169,0.1036433578,0.1917646527,0.1254141033,0.5006767511,0.7495201826,0.4178962409,-0.1146671250,0.0000000000,0.0000000000,0.0000000000,0.0000000000,0.0000000000,0.0000000000,-0.3745231628,0.3564561903,-0.3125095367,0.9852135777,-0.1665671170,-0.0460255742,0.2866084874,0.6710169315,0.1642153859,-0.6639791727,
7020.444,0.1220740378,0.0000000000,0.9765923023,0.0672627985,0.0029297769,-1.0106509924,-0.1549119502,-0.0461439863,-0.4333628416,0.0020805299,0.0072076549,-0.0127862692,0.0322503448,0.0956238061,-0.9950033426,0.0052490677,-1.3428144455,0.8545182943,-1.2207404375,-0.4768211842,0.8447523713,-0.3426618278,-0.2719809711,0.4553361535,-0.3189794719,0.1130578518,0.1891345382,0.1290000081,0.5009489059,0.7499977946,0.4166261554,-0.1149751395,-1.3428144455,0.8545182943,-1.2207404375,-0.4768211842,0.8447523713,-0.3426618278,-0.2719809711,0.4553361535,-0.3189794719,0.1130578518,0.1891345382,0.1290000081,0.5009489059,0.7499977946,0.4166261554,-0.1149751395,0.0000000000,0.0000000000,0.0000000000,0.0000000000,0.0000000000,0.0000000000,-0.3098239005,0.3525498211,-0.3066499829,0.9852134585,-0.1665675938,-0.0460259914,0.2867644131,0.6709783077,0.1643725485,-0.6639119983,
7020.457,0.1220740378,0.0000000000,0.9765923023,0.0676290169,0.0021973327,-1.0108951330,-0.1521042585,-0.0426038392,-0.4443494976,0.0024396107,0.0064753615,-0.0130308867,0.0322539397,0.0956146494,-0.9950041175,0.0052491878,-1.2817773819,1.0376293659,-1.4038513899,-0.4749900699,0.8434095383,-0.3397320509,-0.2729575634,0.4577776492,-0.3181249499,0.1144226193,0.1868928671,0.1312625110,0.5012149215,0.7504561543,0.4153988063,-0.1152662635,-1.2817773819,1.0376293659,-1.4038513899,-0.4749900699,0.8434095383,-0.3397320509,-0.2729575634,0.4577776492,-0.3181249499,0.1144226193,0.1868928671,0.1312625110,0.5012149215,0.7504561543,0.4153988063,-0.1152662635,0.0000000000,0.0000000000,0.0000000000,0.0000000000,0.0000000000,0.0000000000,-0.3120212555,0.3545030057,-0.3066499829,0.9852132797,-0.1665680408,-0.0460262299,0.2869235575,0.6709387898,0.1645329893,-0.6638433337,
7020.470,0.1220740378,0.0000000000,0.9765923023,0.0666524246,0.0031739250,-1.0105289221,-0.1510055810,-0.0445570238,-0.4409314394,0.0014606044,0.0074472753,-0.0126647949,0.0322552584,0.0956354216,-0.9950020909,0.0052476479,-1.2207404375,1.0376293659,-1.5259255171,-0.4749900699,0.8413342834,-0.3376567960,-0.2712485194,0.4530167580,-0.3215430081,0.1139772534,0.1839423776,0.1326738894,0.5014632940,0.7509543300,0.4140967727,-0.1156253144,-1.2207404375,1.0376293659,-1.5259255171,-0.4749900699,0.8413342834,-0.3376567960,-0.2712485194,0.4530167580,-0.3215430081,0.1139772534,0.1839423776,0.1326738894,0.5014632940,0.7509543300,0.4140967727,-0.1156253144,0.0000000000,0.0000000000,0.0000000000,0.0000000000,0.0000000000,0.0000000000,-0.3105563521,0.3515732288,-0.3086031675,0.9852133393,-0.1665685624,-0.0460267067,0.2870698869,0.6709025502,0.1646804512,-0.6637802720,
7020.483,0.1831110567,0.0000000000,0.9765923023,0.0683614612,0.0019531846,-1.0100406408,-0.1523483992,-0.0439466536,-0.4372692108,0.0031586662,0.0062385406,-0.0121772885,0.0322601013,0.0956449956,-0.9950009584,0.0052544628,-1.3428144455,0.3662221134,-1.7090365887,-0.4746238589,0.8393810987,-0.3377788663,-0.2722251117,0.4557023942,-0.3197118938,0.1139774919,0.1811310053,0.1318097413,0.5017442703,0.7514110804,0.4128184021,-0.1160102785,-1.3428144455,0.3662221134,-1.7090365887,-0.4746238589,0.8393810987,-0.3377788663,-0.2722251117,0.4557023942,-0.3197118938,0.1139774919,0.1811310053,0.1318097413,0.5017442703,0.7514110804,0.4128184021,-0.1160102785,0.0000000000,0.0000000000,0.0000000000,0.0000000000,0.0000000000,0.0000000000,-0.3718375266,0.3535264134,-0.3086031675,0.9852131009,-0.1665690243,-0.0460268855,0.2871849239,0.6708739400,0.1647963375,-0.6637305617,
7020.496,0.1220740378,0.0000000000,0.9765923023,0.0668965727,0.0023194067,-1.0102847815,-0.1513718069,-0.0457777642,-0.4350718856,0.0016901642,0.0066042705,-0.0124216676,0.0322617330,0.0956818536,-0.9949973226,0.0052555865,-1.4648884535,0.1220740378,-1.8311105967,-0.4757225215,0.8409680724,-0.3398541212,-0.2710043788,0.4592425227,-0.3132419884,0.1125470102,0.1818707585,0.1289615333,0.5020509958,0.7518006563,0.4116392136,-0.1163485125,-1.4648884535,0.1220740378,-1.8311105967,-0.4757225215,0.8409680724,-0.3398541212,-0.2710043788,0.4592425227,-0.3132419884,0.1125470102,0.1818707585,0.1289615333,0.5020509958,0.7518006563,0.4116392136,-0.1163485125,0.0000000000,0.0000000000,0.0000000000,0.0000000000,0.0000000000,0.0000000000,-0.3737907112,0.3584093750,-0.3125095367,0.9852132201,-0.1665695310,-0.0460274220,0.2873021960,0.6708448529,0.1649144590,-0.6636800170,
7020.509,0.1220740378,0.0000000000,0.9765923023,0.0682393909,0.0024414808,-1.0107730627,-0.1514938772,-0.0441908017,-0.4404431283,0.0030229166,0.0067252587,-0.0129106045,0.0322667249,0.0956959873,-0.9949958920,0.0052559865,-1.4648884535,0.1831110567,-1.9531846046,-0.4781640172,0.8443861008,-0.3421735168,-0.2705160677,0.4539933503,-0.3159276247,0.1097846627,0.1844617724,0.1258813143,0.5023378134,0.7522293925,0.4103923142,-0.1167446449,-1.4648884535,0.1831110567,-1.9531846046,-0.4781640172,0.8443861008,-0.3421735168,-0.2705160677,0.4539933503,-0.3159276247,0.1097846627,0.1844617724,0.1258813143,0.5023378134,0.7522293925,0.4103923142,-0.1167446449,0.0000000000,0.0000000000,0.0000000000,0.0000000000,0.0000000000,0.0000000000,-0.3728141189,0.3535264134,-0.3105563521,0.9852129221,-0.1665699333,-0.0460275412,0.2874106169,0.6708177924,0.1650236845,-0.6636331081,
7020.522,0.1220740378,0.0000000000,0.9155552983,0.0686056092,0.0031739250,-1.0100406408,-0.1549119502,-0.0455336161,-0.4391003251,0.0033770725,0.0074523003,-0.0121789575,0.0322728604,0.0957226679,-0.9949929714,0.0052547427,-1.2817773819,1.0986663103,-2.3194067478,-0.4810937941,0.8443861008,-0.3455916047,-0.2685628831,0.4578997195,-0.3175145686,0.1065084040,0.1837054491,0.1218310595,0.5025681853,0.7526587844,0.4092180431,-0.1171063632,-1.2817773819,1.0986663103,-2.3194067478,-0.4810937941,0.8443861008,-0.3455916047,-0.2685628831,0.4578997195,-0.3175145686,0.1065084040,0.1837054491,0.1218310595,0.5025681853,0.7526587844,0.4092180431,-0.1171063632,0.0000000000,0.0000000000,0.0000000000,0.0000000000,0.0000000000,0.0000000000,-0.3747673035,0.3564561903,-0.3066499829,0.9852129817,-0.1665704399,-0.0460281372,0.2875353396,0.6707867980,0.1651493460,-0.6635792851,
7020.535,0.1220740378,0.0000000000,0.9765923023,0.0673848689,0.0026856288,-1.0102847815,-0.1549119502,-0.0408948027,-0.4356822371,0.0021504015,0.0069617433,-0.0124234557,0.0322761163,0.0956847817,-0.9949967861,0.0052526705,-1.1597033739,1.5869624615,-2.5635547638,-0.4781640172,0.8435316086,-0.3437604904,-0.2689290941,0.4602191150,-0.3176366389,0.1090750098,0.1821258664,0.1230930388,0.5027731657,0.7530819178,0.4080902934,-0.1174409613,-1.1597033739,1.5869624615,-2.5635547638,-0.4781640172,0.8435316086,-0.3437604904,-0.2689290941,0.4602191150,-0.3176366389,0.1090750098,0.1821258664,0.1230930388,0.5027731657,0.7530819178,0.4080902934,-0.1174409613,0.0000000000,0.0000000000,0.0000000000,0.0000000000,0.0000000000,0.0000000000,-0.3730582595,0.3535264134,-0.3105563521,0.9852127433,-0.1665708870,-0.0460281968,0.2876424491,0.6707600355,0.1652572304,-0.6635329127,
7020.548,0.1220740378,0.0000000000,0.9765923023,0.0677510947,0.0030518509,-1.0107730627,-0.1538132876,-0.0439466536,-0.4345835745,0.0025091544,0.0073239105,-0.0129122138,0.0322800167,0.0956901982,-0.9949959517,0.0052511883,-1.1597033739,1.7700735331,-2.8077027798,-0.4735251963,0.8406018019,-0.3389995992,-0.2703939974,0.4587542415,-0.3191015422,0.1133594811,0.1784870028,0.1272943616,0.5029690862,0.7535122037,0.4069516659,-0.1177926809,-1.1597033739,1.7700735331,-2.8077027798,-0.4735251963,0.8406018019,-0.3389995992,-0.2703939974,0.4587542415,-0.3191015422,0.1133594811,0.1784870028,0.1272943616,0.5029690862,0.7535122037,0.4069516659,-0.1177926809,0.0000000000,0.0000000000,0.0000000000,0.0000000000,0.0000000000,0.0000000000,-0.3115329444,0.3549913168,-0.2910245061,0.9852126837,-0.1665714532,-0.0460286736,0.2878395021,0.6707109213,0.1654559821,-0.6634476185,
7020.561,0.1220740378,0.0000000000,0.9765923023,0.0673848689,0.0039063692,-1.0111392736,-0.1533249915,-0.0413830988,-0.4294564724,0.0021373555,0.0081701837,-0.0132787824,0.0322833173,0.0956649259,-0.9949983954,0.0052465294,-1.2817773819,0.8545182943,-3.4180731773,-0.4720602930,0.8347422481,-0.3292336762,-0.2729575634,0.4563127458,-0.3145847917,0.1146317422,0.1719657779,0.1363626719,0.5032169819,0.7538785338,0.4058431685,-0.1182137877,-1.2817773819,0.8545182943,-3.4180731773,-0.4720602930,0.8347422481,-0.3292336762,-0.2729575634,0.4563127458,-0.3145847917,0.1146317422,0.1719657779,0.1363626719,0.5032169819,0.7538785338,0.4058431685,-0.1182137877,0.0000000000,0.0000000000,0.0000000000,0.0000000000,0.0000000000,0.0000000000,-0.3750114441,0.3545030057,-0.3066499829,0.9852125645,-0.1665719002,-0.0460289717,0.2879564166,0.6706817150,0.1655737907,-0.6633970141,
7020.574,0.1220740378,0.0000000000,0.9155552983,0.0677510947,0.0006103702,-1.0101627111,-0.1558885425,-0.0424817652,-0.4299447536,0.0024958998,0.0048815552,-0.0123027563,0.0322868638,0.0956516936,-0.9949994683,0.0052501392,-1.4648884535,0.1831110567,-3.5401470661,-0.4784081578,0.8358409405,-0.3322855234,-0.2694174051,0.4569231272,-0.3160496950,0.1081771851,0.1724224091,0.1325304210,0.5034897327,0.7542323470,0.4047033489,-0.1187017485,-1.4648884535,0.1831110567,-3.5401470661,-0.4784081578,0.8358409405,-0.3322855234,-0.2694174051,0.4569231272,-0.3160496950,0.1081771851,0.1724224091,0.1325304210,0.5034897327,0.7542323470,0.4047033489,-0.1187017485,0.0000000000,0.0000000000,0.0000000000,0.0000000000,0.0000000000,0.0000000000,-0.3713492155,0.3554795980,-0.3086031675,0.9852125049,-0.1665723771,-0.0460293889,0.2880727649,0.6706526279,0.1656910032,-0.6633466482,
7020.587,0.1220740378,0.0000000000,0.9765923023,0.0704367235,0.0032959990,-1.0119937658,-0.1544236541,-0.0437025055,-0.4329966009,0.0051613376,0.0075619747,-0.0141350627,0.0322971717,0.0956527144,-0.9949990511,0.0052485480,-1.4648884535,-0.3662221134,-3.6622211933,-0.4841456413,0.8407238722,-0.3330179751,-0.2725913227,0.4577776492,-0.3147068620,0.1024036407,0.1766841412,0.1309563816,0.5037836432,0.7545615435,0.4035684466,-0.1192261502,-1.4648884535,-0.3662221134,-3.6622211933,-0.4841456413,0.8407238722,-0.3330179751,-0.2725913227,0.4577776492,-0.3147068620,0.1024036407,0.1766841412,0.1309563816,0.5037836432,0.7545615435,0.4035684466,-0.1192261502,0.0000000000,0.0000000000,0.0000000000,0.0000000000,0.0000000000,0.0000000000,-0.3713492155,0.3525498211,-0.3105563521,0.9852123857,-0.1665728539,-0.0460297465,0.2881754637,0.6706269383,0.1657944173,-0.6633021832,
7020.600,0.1220740378,-0.0610370189,0.9765923023,0.0664082766,0.0046388134,-1.0110172033,-0.1579638124,-0.0467543565,-0.4349497855,0.0011429116,0.0088929627,-0.0131577849,0.0322925933,0.0956817940,-0.9949963689,0.0052431221,-1.2207404375,-0.1220740378,-3.4180731773,-0.4891506732,0.8501235843,-0.3309427202,-0.2700277865,0.4569231272,-0.3155613840,0.0973194540,0.1854504347,0.1322242022,0.5040598512,0.7549184561,0.4023988545,-0.1197506264,-1.2207404375,-0.1220740378,-3.4180731773,-0.4891506732,0.8501235843,-0.3309427202,-0.2700277865,0.4569231272,-0.3155613840,0.0973194540,0.1854504347,0.1322242022,0.5040598512,0.7549184561,0.4023988545,-0.1197506264,0.0000000000,0.0000000000,0.0000000000,0.0000000000,0.0000000000,0.0000000000,-0.3745231628,0.3564561903,-0.3066499829,0.9852122664,-0.1665733606,-0.0460301042,0.2882964313,0.6705966592,0.1659163088,-0.6632497311,
7020.613,0.1220740378,-0.0610370189,0.9765923023,0.0678731650,0.0020752586,-1.0110172033,-0.1547898799,-0.0433362834,-0.4316537976,0.0026105344,0.0063302945,-0.0131576061,0.0322912075,0.0956771970,-0.9949969649,0.0052432823,-0.8545182943,0.3051851094,-3.2959990501,-0.4903714061,0.8520767689,-0.3319193125,-0.2722251117,0.4586321712,-0.3184911609,0.0959713459,0.1867916584,0.1305302083,0.5042911768,0.7553128004,0.4012115896,-0.1202732325,-0.8545182943,0.3051851094,-3.2959990501,-0.4903714061,0.8520767689,-0.3319193125,-0.2722251117,0.4586321712,-0.3184911609,0.0959713459,0.1867916584,0.1305302083,0.5042911768,0.7553128004,0.4012115896,-0.1202732325,0.0000000000,0.0000000000,0.0000000000,0.0000000000,0.0000000000,0.0000000000,-0.3728141189,0.3554795980,-0.3086031675,0.9852122068,-0.1665738225,-0.0460305214,0.2884101868,0.6705681682,0.1660309136,-0.6632004380,
7020.626,0.1220740378,-0.0610370189,0.9765923023,0.0681173131,0.0026856288,-1.0115054846,-0.1549119502,-0.0427259132,-0.4332407713,0.0028563961,0.0069385380,-0.0136457682,0.0322905257,0.0956639946,-0.9949982166,0.0052417135,-0.5493331552,0.6103702188,-3.1739249229,-0.4935453236,0.8484145403,-0.3304544091,-0.2718588710,0.4592425227,-0.3183690906,0.0926495492,0.1825454235,0.1313419342,0.5044912696,0.7557213902,0.4000333846,-0.1207906753,-0.5493331552,0.6103702188,-3.1739249229,-0.4935453236,0.8484145403,-0.3304544091,-0.2718588710,0.4592425227,-0.3183690906,0.0926495492,0.1825454235,0.1313419342,0.5044912696,0.7557213902,0.4000333846,-0.1207906753,0.0000000000,0.0000000000,0.0000000000,0.0000000000,0.0000000000,0.0000000000,-0.3108004928,0.3545030057,-0.2910245061,0.9852120280,-0.1665743291,-0.0460308194,0.2886024117,0.6705199480,0.1662248522,-0.6631169319,
7020.639,0.1831110567,-0.0610370189,0.9765923023,0.0676290169,0.0026856288,-1.0100406408,-0.1517380327,-0.0439466536,-0.4364146888,0.0023717061,0.0069470387,-0.0121807456,0.0322882608,0.0956756175,-0.9949971437,0.0052461498,-0.1220740378,0.3662221134,-2.9297769070,-0.4911038578,0.8404797316,-0.3286233246,-0.2683187425,0.4585101008,-0.3128757477,0.0949409902,0.1740469337,0.1325500906,0.5046784878,0.7561239600,0.3988816142,-0.1212968528,-0.1220740378,0.3662221134,-2.9297769070,-0.4911038578,0.8404797316,-0.3286233246,-0.2683187425,0.4585101008,-0.3128757477,0.0949409902,0.1740469337,0.1325500906,0.5046784878,0.7561239600,0.3988816142,-0.1212968528,0.0000000000,0.0000000000,0.0000000000,0.0000000000,0.0000000000,0.0000000000,-0.3720816672,0.3569445014,-0.3086031675,0.9852119684,-0.1665748060,-0.0460312366,0.2887191176,0.6704906821,0.1663424522,-0.6630662680,
7020.652,0.1831110567,0.0000000000,0.9765923023,0.0681173131,0.0035401471,-1.0105289221,-0.1492965519,-0.0413830988,-0.4342173636,0.0028507188,0.0078057987,-0.0126696229,0.0322927609,0.0956611559,-0.9949983954,0.0052482383,-0.0610370189,0.0000000000,-2.7466659546,-0.4912259281,0.8398693800,-0.3306985795,-0.2684408128,0.4585101008,-0.3148289323,0.0946765244,0.1728674173,0.1298329234,0.5048654675,0.7565463781,0.3976766169,-0.1218405515,-0.0610370189,0.0000000000,-2.7466659546,-0.4912259281,0.8398693800,-0.3306985795,-0.2684408128,0.4585101008,-0.3148289323,0.0946765244,0.1728674173,0.1298329234,0.5048654675,0.7565463781,0.3976766169,-0.1218405515,0.0000000000,0.0000000000,0.0000000000,0.0000000000,0.0000000000,0.0000000000,-0.3733024001,0.3554795980,-0.3066499829,0.9852119088,-0.1665753126,-0.0460315347,0.2888353467,0.6704614758,0.1664595604,-0.6630157828,
7020.665,0.1831110567,-0.0610370189,0.9765923023,0.0666524246,0.0029297769,-1.0108951330,-0.1511276662,-0.0433362834,-0.4365367591,0.0013945624,0.0072026704,-0.0130352974,0.0322880335,0.0956665352,-0.9949979782,0.0052515995,-0.0610370189,-0.2441480756,-2.5635547638,-0.4936674237,0.8435316086,-0.3347270191,-0.2717368007,0.4541154206,-0.3162938356,0.0920891166,0.1759503484,0.1251505017,0.5050462484,0.7570034862,0.3963934183,-0.1224317625,-0.0610370189,-0.2441480756,-2.5635547638,-0.4936674237,0.8435316086,-0.3347270191,-0.2717368007,0.4541154206,-0.3162938356,0.0920891166,0.1759503484,0.1251505017,0.5050462484,0.7570034862,0.3963934183,-0.1224317625,0.0000000000,0.0000000000,0.0000000000,0.0000000000,0.0000000000,0.0000000000,-0.3110446632,0.3530381322,-0.3105563521,0.9852118492,-0.1665758044,-0.0460320115,0.2889707386,0.6704274416,0.1665960550,-0.6629569530,
7020.678,0.1220740378,-0.0610370189,0.9765923023,0.0688497573,0.0020752586,-1.0112613440,-0.1538132876,-0.0438245796,-0.4377574921,0.0035898834,0.0063489475,-0.0134016871,0.0322889797,0.0956696272,-0.9949977398,0.0052521918,0.0610370189,0.0000000000,-1.9531846046,-0.4956206083,0.8464613557,-0.3385113180,-0.2713705897,0.4535050392,-0.3191015422,0.0898975730,0.1782566905,0.1207644045,0.5052030683,0.7575116158,0.3950409889,-0.1230122149,0.0610370189,0.0000000000,-1.9531846046,-0.4956206083,0.8464613557,-0.3385113180,-0.2713705897,0.4535050392,-0.3191015422,0.0898975730,0.1782566905,0.1207644045,0.5052030683,0.7575116158,0.3950409889,-0.1230122149,0.0000000000,0.0000000000,0.0000000000,0.0000000000,0.0000000000,0.0000000000,-0.3718375266,0.3559679091,-0.3105563521,0.9852116704,-0.1665762365,-0.0460322499,0.2890781164,0.6704003811,0.1667042673,-0.6629102230,
7020.691,0.1220740378,-0.0610370189,0.9765923023,0.0681173131,0.0021973327,-1.0106509924,-0.1538132876,-0.0423596911,-0.4353160262,0.0028588623,0.0064712027,-0.0127912164,0.0322883464,0.0956542343,-0.9949991703,0.0052517150,0.1220740378,0.0000000000,-1.7090365887,-0.4969634116,0.8460951447,-0.3353373706,-0.2732017040,0.4552140832,-0.3191015422,0.0882972777,0.1772492528,0.1233327687,0.5053634644,0.7580192089,0.3936814070,-0.1235828027,0.1220740378,0.0000000000,-1.7090365887,-0.4969634116,0.8460951447,-0.3353373706,-0.2732017040,0.4552140832,-0.3191015422,0.0882972777,0.1772492528,0.1233327687,0.5053634644,0.7580192089,0.3936814070,-0.1235828027,0.0000000000,0.0000000000,0.0000000000,0.0000000000,0.0000000000,0.0000000000,-0.3093356192,0.3545030057,-0.3125095367,0.9852117300,-0.1665767431,-0.0460327864,0.2892123759,0.6703666449,0.1668396145,-0.6628518701,
7020.704,0.1220740378,-0.0610370189,1.0376293659,0.0678731650,0.0028077029,-1.0101627111,-0.1518601030,-0.0404065065,-0.4328745306,0.0026171952,0.0070794267,-0.0123028159,0.0322874226,0.0956142023,-0.9950030446,0.0052492283,0.1831110567,0.0000000000,-1.5259255171,-0.4981841445,0.8446302414,-0.3325296938,-0.2733237743,0.4576555789,-0.3184911609,0.0868083239,0.1751335859,0.1255331933,0.5055279136,0.7585173249,0.3923341334,-0.1241374016,0.1831110567,0.0000000000,-1.5259255171,-0.4981841445,0.8446302414,-0.3325296938,-0.2733237743,0.4576555789,-0.3184911609,0.0868083239,0.1751335859,0.1255331933,0.5055279136,0.7585173249,0.3923341334,-0.1241374016,0.0000000000,0.0000000000,0.0000000000,0.0000000000,0.0000000000,0.0000000000,-0.3713492155,0.3535264134,-0.3086031675,0.9852114320,-0.1665771753,-0.0460329056,0.2893168628,0.6703402400,0.1669449061,-0.6628063321,
7020.717,0.1220740378,-0.0610370189,0.9765923023,0.0679952428,0.0018311106,-1.0117496252,-0.1529587656,-0.0407727286,-0.4343394339,0.0027416125,0.0061048432,-0.0138895512,0.0322863348,0.0955809951,-0.9950063825,0.0052490379,0.5493331552,-0.0610370189,-0.8545182943,-0.5029450655,0.8423108459,-0.3365581334,-0.2705160677,0.4559465349,-0.3192236125,0.0817215443,0.1721504927,0.1209503412,0.5056621432,0.7590645552,0.3909201324,-0.1247058585,0.5493331552,-0.0610370189,-0.8545182943,-0.5029450655,0.8423108459,-0.3365581334,-0.2705160677,0.4559465349,-0.3192236125,0.0817215443,0.1721504927,0.1209503412,0.5056621432,0.7590645552,0.3909201324,-0.1247058585,0.0000000000,0.0000000000,0.0000000000,0.0000000000,0.0000000000,0.0000000000,-0.3718375266,0.3559679091,-0.3105563521,0.9852113724,-0.1665776819,-0.0460333228,0.2894225419,0.6703135967,0.1670513749,-0.6627603173,
7020.730,0.1220740378,-0.1220740378,0.9765923023,0.0671407208,0.0024414808,-1.0101627111,-0.1563768387,-0.0419934690,-0.4328745306,0.0019037575,0.0067141787,-0.0123015642,0.0322782174,0.0955546349,-0.9950090051,0.0052468693,0.6714072227,0.1220740378,-0.4272591472,-0.5022125840,0.8412122130,-0.3415631652,-0.2718588710,0.4554582238,-0.3183690906,0.0820580125,0.1703675985,0.1154482961,0.5057743192,0.7596359849,0.3894895613,-0.1252461672,0.6714072227,0.1220740378,-0.4272591472,-0.5022125840,0.8412122130,-0.3415631652,-0.2718588710,0.4554582238,-0.3183690906,0.0820580125,0.1703675985,0.1154482961,0.5057743192,0.7596359849,0.3894895613,-0.1252461672,0.0000000000,0.0000000000,0.0000000000,0.0000000000,0.0000000000,0.0000000000,-0.3747673035,0.3559679091,-0.3086031675,0.9852113128,-0.1665781885,-0.0460336804,0.2895308137,0.6702862978,0.1671604663,-0.6627131701,
7020.743,0.1220740378,-0.1220740378,0.9765923023,0.0666524246,0.0021973327,-1.0097965002,-0.1535691470,-0.0443128757,-0.4294564724,0.0014342964,0.0064702071,-0.0119341016,0.0322687514,0.0955675393,-0.9950082898,0.0052464711,0.6714072227,0.3051851094,-0.2441480756,-0.4969634116,0.8412122130,-0.3444929421,-0.2744224370,0.4555803239,-0.3154393137,0.0868555009,0.1696618795,0.1120592952,0.5058795214,0.7602040768,0.3880839050,-0.1257369965,0.6714072227,0.3051851094,-0.2441480756,-0.4969634116,0.8412122130,-0.3444929421,-0.2744224370,0.4555803239,-0.3154393137,0.0868555009,0.1696618795,0.1120592952,0.5058795214,0.7602040768,0.3880839050,-0.1257369965,0.0000000000,0.0000000000,0.0000000000,0.0000000000,0.0000000000,0.0000000000,-0.3733024001,0.3588976860,-0.3125095367,0.9852113128,-0.1665786952,-0.0460340977,0.2896378338,0.6702592969,0.1672682911,-0.6626665592,
7020.756,0.1220740378,-0.0610370189,0.9765923023,0.0675069466,0.0030518509,-1.0099185705,-0.1534470618,-0.0418713950,-0.4303109944,0.0022927895,0.0073206713,-0.0120559335,0.0322670639,0.0955486819,-0.9950100183,0.0052436511,0.5493331552,0.3051851094,0.0610370189,-0.4928129017,0.8412122130,-0.3381450772,-0.2729575634,0.4526505470,-0.3140965104,0.0905131996,0.1688990593,0.1179143190,0.5060041547,0.7607768774,0.3866411746,-0.1262144297,0.5493331552,0.3051851094,0.0610370189,-0.4928129017,0.8412122130,-0.3381450772,-0.2729575634,0.4526505470,-0.3140965104,0.0905131996,0.1688990593,0.1179143190,0.5060041547,0.7607768774,0.3866411746,-0.1262144297,0.0000000000,0.0000000000,0.0000000000,0.0000000000,0.0000000000,0.0000000000,-0.3117770851,0.3598742783,-0.3125095367,0.9852112532,-0.1665792167,-0.0460344553,0.2897822559,0.6702228189,0.1674139351,-0.6626035571,
7020.769,0.1220740378,-0.0610370189,0.9765923023,0.0681173131,0.0024414808,-1.0106509924,-0.1544236541,-0.0397961363,-0.4282357395,0.0029043332,0.0067092935,-0.0127882361,0.0322667807,0.0955004841,-0.9950147867,0.0052415296,0.5493331552,0.0610370189,0.1220740378,-0.4931791127,0.8388928175,-0.3354594707,-0.2725913227,0.4549699426,-0.3144627213,0.0896762311,0.1658157706,0.1200752258,0.5061413646,0.7613367438,0.3851974010,-0.1267026067,0.5493331552,0.0610370189,0.1220740378,-0.4931791127,0.8388928175,-0.3354594707,-0.2725913227,0.4549699426,-0.3144627213,0.0896762311,0.1658157706,0.1200752258,0.5061413646,0.7613367438,0.3851974010,-0.1267026067,0.0000000000,0.0000000000,0.0000000000,0.0000000000,0.0000000000,0.0000000000,-0.3723258078,0.3535264134,-0.3086031675,0.9852110147,-0.1665796638,-0.0460346937,0.2898832858,0.6701971889,0.1675157398,-0.6625594497,
7020.782,0.1831110567,-0.0610370189,0.9765923023,0.0660420582,0.0025635548,-1.0102847815,-0.1543015838,-0.0413830988,-0.4299447536,0.0008403584,0.0068403874,-0.0124213099,0.0322608724,0.0954733863,-0.9950174093,0.0052446024,0.5493331552,-0.3662221134,0.2441480756,-0.4937894940,0.8371837735,-0.3320413828,-0.2740562260,0.4553361535,-0.3103122115,0.0886250138,0.1633338332,0.1229145825,0.5063060522,0.7618634105,0.3837779164,-0.1271857470,0.5493331552,-0.3662221134,0.2441480756,-0.4937894940,0.8371837735,-0.3320413828,-0.2740562260,0.4553361535,-0.3103122115,0.0886250138,0.1633338332,0.1229145825,0.5063060522,0.7618634105,0.3837779164,-0.1271857470,0.0000000000,0.0000000000,0.0000000000,0.0000000000,0.0000000000,0.0000000000,-0.3120212555,0.3564561903,-0.3105563521,0.9852110147,-0.1665801257,-0.0460351706,0.2900220454,0.6701620817,0.1676556915,-0.6624988914,
7020.795,0.1220740378,-0.0610370189,0.9765923023,0.0649433881,0.0020752586,-1.0115054846,-0.1558885425,-0.0400402844,-0.4321421087,-0.0002413243,0.0063528544,-0.0136408806,0.0322526284,0.0954238176,-0.9950225353,0.0052425615,0.4272591472,-1.4038513899,0.6714072227,-0.4939115644,0.8385265470,-0.3311868608,-0.2716147304,0.4558244646,-0.3138523400,0.0880945921,0.1638511419,0.1230680346,0.5065113902,0.7624055743,0.3822414875,-0.1277448833,0.4272591472,-1.4038513899,0.6714072227,-0.4939115644,0.8385265470,-0.3311868608,-0.2716147304,0.4558244646,-0.3138523400,0.0880945921,0.1638511419,0.1230680346,0.5065113902,0.7624055743,0.3822414875,-0.1277448833,0.0000000000,0.0000000000,0.0000000000,0.0000000000,0.0000000000,0.0000000000,-0.3720816672,0.3510849476,-0.3105563521,0.9852107167,-0.1665805578,-0.0460352898,0.2901102901,0.6701396704,0.1677445769,-0.6624603271,
7020.808,0.1220740378,-0.0610370189,0.9765923023,0.0667745024,0.0025635548,-1.0100406408,-0.1533249915,-0.0440687276,-0.4276253581,0.0015972182,0.0068394830,-0.0121755600,0.0322489403,0.0954354256,-0.9950215220,0.0052417517,0.4272591472,-1.8311105967,0.9155552983,-0.4961088896,0.8397473097,-0.3358256817,-0.2743003666,0.4532608986,-0.3123874664,0.0854952335,0.1642370224,0.1177030802,0.5067211390,0.7629573345,0.3806622922,-0.1283327639,0.4272591472,-1.8311105967,0.9155552983,-0.4961088896,0.8397473097,-0.3358256817,-0.2743003666,0.4532608986,-0.3123874664,0.0854952335,0.1642370224,0.1177030802,0.5067211390,0.7629573345,0.3806622922,-0.1283327639,0.0000000000,0.0000000000,0.0000000000,0.0000000000,0.0000000000,0.0000000000,-0.3720816672,0.3559679091,-0.2910245061,0.9852105975,-0.1665810794,-0.0460357070,0.2902618945,0.6701012254,0.1678975224,-0.6623940468,
7020.821,0.1220740378,0.0000000000,1.0376293659,0.0668965727,0.0034180731,-1.0110172033,-0.1552781761,-0.0440687276,-0.4344615042,0.0017158240,0.0076888283,-0.0131523609,0.0322509259,0.0954341516,-0.9950215816,0.0052393009,0.4882961512,-1.8921475410,1.0376293659,-0.4975737929,0.8458510041,-0.3397320509,-0.2753990293,0.4576555789,-0.3145847917,0.0836106539,0.1695009470,0.1130828559,0.5069255233,0.7635121942,0.3790774941,-0.1289149672,0.4882961512,-1.8921475410,1.0376293659,-0.4975737929,0.8458510041,-0.3397320509,-0.2753990293,0.4576555789,-0.3145847917,0.0836106539,0.1695009470,0.1130828559,0.5069255233,0.7635121942,0.3790774941,-0.1289149672,0.0000000000,0.0000000000,0.0000000000,0.0000000000,0.0000000000,0.0000000000,-0.3735465705,0.3588976860,-0.3125095367,0.9852105975,-0.1665815711,-0.0460361242,0.2903650701,0.6700750589,0.1680014879,-0.6623489857,
7020.834,0.1220740378,0.0000000000,0.9765923023,0.0671407208,0.0023194067,-1.0112613440,-0.1557664722,-0.0417493209,-0.4339731932,0.0019553527,0.0065897480,-0.0133967996,0.0322533920,0.0954068676,-0.9950241446,0.0052384315,0.6103702188,-1.4648884535,1.2207404375,-0.4992828071,0.8459730744,-0.3425397575,-0.2749107480,0.4544816315,-0.3155613840,0.0814300478,0.1687876582,0.1096315980,0.5070940256,0.7641046047,0.3774560690,-0.1294988990,0.6103702188,-1.4648884535,1.2207404375,-0.4992828071,0.8459730744,-0.3425397575,-0.2749107480,0.4544816315,-0.3155613840,0.0814300478,0.1687876582,0.1096315980,0.5070940256,0.7641046047,0.3774560690,-0.1294988990,0.0000000000,0.0000000000,0.0000000000,0.0000000000,0.0000000000,0.0000000000,-0.3728141189,0.3574327826,-0.3125095367,0.9852105379,-0.1665820479,-0.0460364819,0.2904641032,0.6700499058,0.1681012660,-0.6623057127,
7020.847,0.1220740378,0.0000000000,0.9765923023,0.0676290169,0.0028077029,-1.0110172033,-0.1539353579,-0.0418713950,-0.4312875867,0.0024365783,0.0070752194,-0.0131530762,0.0322571546,0.0953871757,-0.9950258732,0.0052367253,1.2207404375,-0.0610370189,1.4038513899,-0.4929349720,0.8385265470,-0.3387554586,-0.2729575634,0.4552140832,-0.3212988675,0.0871696770,0.1605348587,0.1129886210,0.5071660280,0.7647734284,0.3758151233,-0.1300406754,1.2207404375,-0.0610370189,1.4038513899,-0.4929349720,0.8385265470,-0.3387554586,-0.2729575634,0.4552140832,-0.3212988675,0.0871696770,0.1605348587,0.1129886210,0.5071660280,0.7647734284,0.3758151233,-0.1300406754,0.0000000000,0.0000000000,0.0000000000,0.0000000000,0.0000000000,0.0000000000,-0.3713492155,0.3569445014,-0.3066499829,0.9852104783,-0.1665825099,-0.0460368991,0.2905766964,0.6700212955,0.1682147831,-0.6622564793,
7020.860,0.1220740378,0.0000000000,0.9765923023,0.0676290169,0.0035401471,-1.0110172033,-0.1513718069,-0.0432142094,-0.4317758679,0.0024295375,0.0078012384,-0.0131534934,0.0322609432,0.0953927338,-0.9950252175,0.0052340436,1.3428144455,0.0000000000,1.2817773819,-0.4876857698,0.8335215449,-0.3347270191,-0.2719809711,0.4578997195,-0.3203222752,0.0918166935,0.1547418237,0.1166064739,0.5072337985,0.7654240727,0.3742138147,-0.1305646449,1.3428144455,0.0000000000,1.2817773819,-0.4876857698,0.8335215449,-0.3347270191,-0.2719809711,0.4578997195,-0.3203222752,0.0918166935,0.1547418237,0.1166064739,0.5072337985,0.7654240727,0.3742138147,-0.1305646449,0.0000000000,0.0000000000,0.0000000000,0.0000000000,0.0000000000,0.0000000000,-0.3125095367,0.3584093750,-0.3125095367,0.9852104187,-0.1665830165,-0.0460373163,0.2907120287,0.6699869037,0.1683512777,-0.6621972322,
7020.873,0.1220740378,0.0000000000,0.9765923023,0.0681173131,0.0037842952,-1.0101627111,-0.1525925547,-0.0430921353,-0.4301889241,0.0029081255,0.0080377758,-0.0122996569,0.0322661363,0.0953934342,-0.9950250983,0.0052307402,1.2817773819,-0.3662221134,1.2207404375,-0.4867091775,0.8315683603,-0.3382671475,-0.2732017040,0.4572893381,-0.3198339939,0.0922250152,0.1520143747,0.1126305163,0.5073059797,0.7660689354,0.3725996614,-0.1311175376,1.2817773819,-0.3662221134,1.2207404375,-0.4867091775,0.8315683603,-0.3382671475,-0.2732017040,0.4572893381,-0.3198339939,0.0922250152,0.1520143747,0.1126305163,0.5073059797,0.7660689354,0.3725996614,-0.1311175376,0.0000000000,0.0000000000,0.0000000000,0.0000000000,0.0000000000,0.0000000000,-0.3720816672,0.3559679091,-0.3086031675,0.9852101803,-0.1665834635,-0.0460374951,0.2908153236,0.6699605584,0.1684553921,-0.6621519327,
7020.886,0.1220740378,-0.0610370189,0.9765923023,0.0670186505,0.0025635548,-1.0105289221,-0.1538132876,-0.0426038392,-0.4297006130,0.0018159896,0.0068154982,-0.0126654506,0.0322630070,0.0953841954,-0.9950260520,0.0052293632,0.9765923023,-1.2207404375,1.3428144455,-0.4887844622,0.8377941251,-0.3431501091,-0.2732017040,0.4587542415,-0.3194677532,0.0896280110,0.1574343443,0.1072020829,0.5074236393,0.7666875720,0.3709577322,-0.1317010075,0.9765923023,-1.2207404375,1.3428144455,-0.4887844622,0.8377941251,-0.3431501091,-0.2732017040,0.4587542415,-0.3194677532,0.0896280110,0.1574343443,0.1072020829,0.5074236393,0.7666875720,0.3709577322,-0.1317010075,0.0000000000,0.0000000000,0.0000000000,0.0000000000,0.0000000000,0.0000000000,-0.3728141189,0.3554795980,-0.2910245061,0.9852101207,-0.1665839404,-0.0460379124,0.2909615636,0.6699233055,0.1686029285,-0.6620878577,
7020.899,0.1831110567,-0.0610370189,0.9765923023,0.0661641285,0.0030518509,-1.0111392736,-0.1550340354,-0.0419934690,-0.4344615042,0.0009723529,0.0073104920,-0.0132750869,0.0322573744,0.0953626037,-0.9950282574,0.0052314773,0.8545182943,-1.2207404375,1.3428144455,-0.4918363094,0.8436536789,-0.3453474641,-0.2739341557,0.4560686052,-0.3171483576,0.0860549212,0.1624822021,0.1044468880,0.5075469613,0.7672984600,0.3693150282,-0.1322834641,0.8545182943,-1.2207404375,1.3428144455,-0.4918363094,0.8436536789,-0.3453474641,-0.2739341557,0.4560686052,-0.3171483576,0.0860549212,0.1624822021,0.1044468880,0.5075469613,0.7672984600,0.3693150282,-0.1322834641,0.0000000000,0.0000000000,0.0000000000,0.0000000000,0.0000000000,0.0000000000,-0.3718375266,0.3559679091,-0.3105563521,0.9852100611,-0.1665844172,-0.0460383296,0.2910588980,0.6698985100,0.1687010229,-0.6620452404,
7020.912,0.1831110567,-0.0610370189,0.9765923023,0.0676290169,0.0015869625,-1.0101627111,-0.1562547684,-0.0401623584,-0.4345835745,0.0024405494,0.0058594919,-0.0122983456,0.0322553217,0.0953138396,-0.9950329661,0.0052366536,0.8545182943,-0.7934812307,1.2817773819,-0.4946440160,0.8457289338,-0.3454695344,-0.2753990293,0.4526505470,-0.3173924983,0.0827076733,0.1637589931,0.1038078368,0.5076476932,0.7679268122,0.3676554263,-0.1328725666,0.8545182943,-0.7934812307,1.2817773819,-0.4946440160,0.8457289338,-0.3454695344,-0.2753990293,0.4526505470,-0.3173924983,0.0827076733,0.1637589931,0.1038078368,0.5076476932,0.7679268122,0.3676554263,-0.1328725666,0.0000000000,0.0000000000,0.0000000000,0.0000000000,0.0000000000,0.0000000000,-0.3725699782,0.3540147245,-0.3066499829,0.9852100015,-0.1665848792,-0.0460386276,0.2911596000,0.6698728204,0.1688025296,-0.6620010734,
7020.925,0.1220740378,-0.0610370189,0.9765923023,0.0686056092,0.0032959990,-1.0111392736,-0.1550340354,-0.0439466536,-0.4288460910,0.0034159571,0.0075632855,-0.0132749677,0.0322561376,0.0953190401,-0.9950324297,0.0052342690,1.0376293659,0.0000000000,1.2207404375,-0.4876857698,0.8381603360,-0.3398541212,-0.2732017040,0.4530167580,-0.3195898235,0.0890673101,0.1554073691,0.1090027988,0.5077087283,0.7685761452,0.3660089672,-0.1334293336,1.0376293659,0.0000000000,1.2207404375,-0.4876857698,0.8381603360,-0.3398541212,-0.2732017040,0.4530167580,-0.3195898235,0.0890673101,0.1554073691,0.1090027988,0.5077087283,0.7685761452,0.3660089672,-0.1334293336,0.0000000000,0.0000000000,0.0000000000,0.0000000000,0.0000000000,0.0000000000,-0.3713492155,0.3598742783,-0.3125095367,0.9852097034,-0.1665853560,-0.0460387468,0.2912621498,0.6698465943,0.1689059138,-0.6619560122,
7020.938,0.1220740378,-0.0610370189,0.9765923023,0.0668965727,0.0025635548,-1.0101627111,-0.1551561058,-0.0439466536,-0.4290902317,0.0017137975,0.0068292287,-0.0122979879,0.0322527550,0.0953237787,-0.9950321913,0.0052332892,1.0986663103,-0.1831110567,1.0986663103,-0.4820703864,0.8319345713,-0.3350932300,-0.2699056864,0.4546037316,-0.3202002048,0.0941107273,0.1484118104,0.1133266985,0.5077742934,0.7692120671,0.3643708527,-0.1339973807,1.0986663103,-0.1831110567,1.0986663103,-0.4820703864,0.8319345713,-0.3350932300,-0.2699056864,0.4546037316,-0.3202002048,0.0941107273,0.1484118104,0.1133266985,0.5077742934,0.7692120671,0.3643708527,-0.1339973807,0.0000000000,0.0000000000,0.0000000000,0.0000000000,0.0000000000,0.0000000000,-0.3720816672,0.3574327826,-0.3066499829,0.9852098823,-0.1665858924,-0.0460394025,0.2913716733,0.6698186994,0.1690163165,-0.6619080305,
7020.951,0.1220740378,-0.0610370189,0.9765923023,0.0659199804,0.0028077029,-1.0105289221,-0.1557664722,-0.0412610248,-0.4333628416,0.0007489994,0.0070705661,-0.0126634240,0.0322471857,0.0952909663,-0.9950355291,0.0052302624,1.0986663103,-0.6103702188,0.9765923023,-0.4797509611,0.8308358788,-0.3346049488,-0.2734458447,0.4530167580,-0.3191015422,0.0959024131,0.1465560794,0.1133382618,0.5078477263,0.7698428631,0.3627079129,-0.1346070617,1.0986663103,-0.6103702188,0.9765923023,-0.4797509611,0.8308358788,-0.3346049488,-0.2734458447,0.4530167580,-0.3191015422,0.0959024131,0.1465560794,0.1133382618,0.5078477263,0.7698428631,0.3627079129,-0.1346070617,0.0000000000,0.0000000000,0.0000000000,0.0000000000,0.0000000000,0.0000000000,-0.3125095367,0.3559679091,-0.3086031675,0.9852096438,-0.1665863097,-0.0460396409,0.2915061712,0.6697842479,0.1691520214,-0.6618489027,
7020.964,0.1220740378,0.0000000000,0.9765923023,0.0666524246,0.0026856288,-1.0099185705,-0.1546678096,-0.0393078402,-0.4312875867,0.0014787465,0.0069462894,-0.0120531917,0.0322489217,0.0952363387,-0.9950406551,0.0052275248,0.9155552983,-1.4038513899,0.6714072227,-0.4857325852,0.8381603360,-0.3404645026,-0.2705160677,0.4539933503,-0.3182470202,0.0894959867,0.1531530023,0.1069124043,0.5079510808,0.7704344392,0.3610577285,-0.1352673620,0.9155552983,-1.4038513899,0.6714072227,-0.4857325852,0.8381603360,-0.3404645026,-0.2705160677,0.4539933503,-0.3182470202,0.0894959867,0.1531530023,0.1069124043,0.5079510808,0.7704344392,0.3610577285,-0.1352673620,0.0000000000,0.0000000000,0.0000000000,0.0000000000,0.0000000000,0.0000000000,-0.3117770851,0.3603625596,-0.3086031675,0.9852097631,-0.1665868461,-0.0460401773,0.2916522324,0.6697469354,0.1692993939,-0.6617847681,
7020.977,0.1220740378,-0.0610370189,0.9765923023,0.0671407208,0.0021973327,-1.0118716955,-0.1549119502,-0.0426038392,-0.4315317273,0.0019732043,0.0064582382,-0.0140059590,0.0322459005,0.0952242389,-0.9950420260,0.0052269590,0.7934812307,-1.3428144455,0.6714072227,-0.4901272655,0.8434095383,-0.3435163498,-0.2730796337,0.4530167580,-0.3175145686,0.0846766829,0.1576738954,0.1032905281,0.5080546737,0.7710226178,0.3594036996,-0.1359301805,0.7934812307,-1.3428144455,0.6714072227,-0.4901272655,0.8434095383,-0.3435163498,-0.2730796337,0.4530167580,-0.3175145686,0.0846766829,0.1576738954,0.1032905281,0.5080546737,0.7710226178,0.3594036996,-0.1359301805,0.0000000000,0.0000000000,0.0000000000,0.0000000000,0.0000000000,0.0000000000,-0.3108004928,0.3559679091,-0.3066499829,0.9852093458,-0.1665872931,-0.0460401773,0.2917912006,0.6697112322,0.1694396436,-0.6617234945,
7020.990,0.1220740378,0.0000000000,1.0376293659,0.0673848689,0.0024414808,-1.0112613440,-0.1547898799,-0.0429700613,-0.4321421087,0.0022115186,0.0067021102,-0.0133959651,0.0322488882,0.0952118263,-0.9950430393,0.0052266987,0.7324442267,-0.9765923023,0.7324442267,-0.4919583797,0.8454847932,-0.3465681970,-0.2706381381,0.4537492096,-0.3232520521,0.0823861957,0.1590194106,0.0997089744,0.5081354976,0.7716374397,0.3577119112,-0.1366006285,0.7324442267,-0.9765923023,0.7324442267,-0.4919583797,0.8454847932,-0.3465681970,-0.2706381381,0.4537492096,-0.3232520521,0.0823861957,0.1590194106,0.0997089744,0.5081354976,0.7716374397,0.3577119112,-0.1366006285,0.0000000000,0.0000000000,0.0000000000,0.0000000000,0.0000000000,0.0000000000,-0.3745231628,0.3545030057,-0.3066499829,0.9852094054,-0.1665878147,-0.0460407734,0.2918884456,0.6696863770,0.1695376486,-0.6616808176,
7021.003,0.1831110567,-0.0610370189,0.9765923023,0.0667745024,0.0032959990,-1.0102847815,-0.1505172849,-0.0435804315,-0.4311655164,0.0016086102,0.0075620613,-0.0124189854,0.0322448388,0.0952261165,-0.9950417876,0.0052295108,0.6714072227,-0.6714072227,0.6714072227,-0.4881740808,0.8402355909,-0.3413190246,-0.2702719271,0.4531388283,-0.3209326565,0.0856968164,0.1530393362,0.1044423878,0.5082163811,0.7722371817,0.3560529053,-0.1372421831,0.6714072227,-0.6714072227,0.6714072227,-0.4881740808,0.8402355909,-0.3413190246,-0.2702719271,0.4531388283,-0.3209326565,0.0856968164,0.1530393362,0.1044423878,0.5082163811,0.7722371817,0.3560529053,-0.1372421831,0.0000000000,0.0000000000,0.0000000000,0.0000000000,0.0000000000,0.0000000000,-0.3745231628,0.3579210937,-0.3105563521,0.9852093458,-0.1665882766,-0.0460410714,0.2919849455,0.6696616411,0.1696349233,-0.6616383791,
7021.016,0.1220740378,0.0000000000,0.9765923023,0.0661641285,0.0028077029,-1.0096743107,-0.1554002464,-0.0415051728,-0.4323862493,0.0009978414,0.0070709400,-0.0118085146,0.0322453193,0.0951981917,-0.9950444102,0.0052272184,0.6103702188,-0.8545182943,0.5493331552,-0.4841456413,0.8390148878,-0.3346049488,-0.2732017040,0.4521622360,-0.3243507147,0.0892776251,0.1510809064,0.1105949581,0.5083051920,0.7728462219,0.3543334901,-0.1379344016,0.6103702188,-0.8545182943,0.5493331552,-0.4841456413,0.8390148878,-0.3346049488,-0.2732017040,0.4521622360,-0.3243507147,0.0892776251,0.1510809064,0.1105949581,0.5083051920,0.7728462219,0.3543334901,-0.1379344016,0.0000000000,0.0000000000,0.0000000000,0.0000000000,0.0000000000,0.0000000000,-0.3715933859,0.3569445014,-0.3086031675,0.9852091074,-0.1665886939,-0.0460413098,0.2920847833,0.6696359515,0.1697355956,-0.6615943909,
7021.029,0.1220740378,0.0000000000,0.9765923023,0.0673848689,0.0024414808,-1.0105289221,-0.1547898799,-0.0411389507,-0.4323862493,0.0022124425,0.0067037279,-0.0126634836,0.0322485864,0.0951673463,-0.9950472713,0.0052260188,0.6103702188,-1.1597033739,0.4882961512,-0.4830469787,0.8371837735,-0.3322855234,-0.2745445073,0.4557023942,-0.3233741224,0.0899626315,0.1485199332,0.1123183370,0.5084092021,0.7734283209,0.3526387811,-0.1386295259,0.6103702188,-1.1597033739,0.4882961512,-0.4830469787,0.8371837735,-0.3322855234,-0.2745445073,0.4557023942,-0.3233741224,0.0899626315,0.1485199332,0.1123183370,0.5084092021,0.7734283209,0.3526387811,-0.1386295259,0.0000000000,0.0000000000,0.0000000000,0.0000000000,0.0000000000,0.0000000000,-0.3713492155,0.3569445014,-0.3086031675,0.9852092266,-0.1665891856,-0.0460418463,0.2921843231,0.6696104407,0.1698359400,-0.6615506411,
7021.042,0.1831110567,0.0000000000,0.9765923023,0.0661641285,0.0024414808,-1.0105289221,-0.1533249915,-0.0440687276,-0.4306772053,0.0009916127,0.0067133773,-0.0126635432,0.0322481059,0.0951796845,-0.9950460196,0.0052312282,0.8545182943,-1.4648884535,0.3662221134,-0.4847559929,0.8399914503,-0.3324075937,-0.2736899853,0.4559465349,-0.3214209378,0.0878809690,0.1506315470,0.1115975082,0.5085076690,0.7739992738,0.3509574234,-0.1393462867,0.8545182943,-1.4648884535,0.3662221134,-0.4847559929,0.8399914503,-0.3324075937,-0.2736899853,0.4559465349,-0.3214209378,0.0878809690,0.1506315470,0.1115975082,0.5085076690,0.7739992738,0.3509574234,-0.1393462867,0.0000000000,0.0000000000,0.0000000000,0.0000000000,0.0000000000,0.0000000000,-0.3730582595,0.3574327826,-0.3086031675,0.9852089286,-0.1665896177,-0.0460420251,0.2922836542,0.6695848107,0.1699360907,-0.6615068316,
7021.055,0.1220740378,0.0000000000,0.9765923023,0.0688497573,0.0019531846,-1.0104068518,-0.1551561058,-0.0424817652,-0.4349497855,0.0036638901,0.0062264618,-0.0125423670,0.0322547741,0.0951646343,-0.9950473309,0.0052320650,0.9765923023,-1.3428144455,0.3051851094,-0.4863429666,0.8413342834,-0.3366802037,-0.2749107480,0.4536271393,-0.3197118938,0.0859190226,0.1513062119,0.1067702174,0.5085816383,0.7745799422,0.3492769599,-0.1400696635,0.9765923023,-1.3428144455,0.3051851094,-0.4863429666,0.8413342834,-0.3366802037,-0.2749107480,0.4536271393,-0.3197118938,0.0859190226,0.1513062119,0.1067702174,0.5085816383,0.7745799422,0.3492769599,-0.1400696635,0.0000000000,0.0000000000,0.0000000000,0.0000000000,0.0000000000,0.0000000000,-0.3735465705,0.3545030057,-0.3125095367,0.9852088690,-0.1665900499,-0.0460424423,0.2923644185,0.6695640087,0.1700174510,-0.6614713073,
7021.068,0.1220740378,0.0000000000,1.0376293659,0.0690939054,0.0023194067,-1.0110172033,-0.1512497365,-0.0408948027,-0.4326303899,0.0038938224,0.0065929512,-0.0131536126,0.0322620049,0.0951353386,-0.9950498343,0.0052319276,1.0986663103,-1.1597033739,0.2441480756,-0.4890286028,0.8408460021,-0.3391216695,-0.2739341557,0.4524063766,-0.3227637708,0.0828603208,0.1501802802,0.1038173735,0.5086253285,0.7751834989,0.3475677669,-0.1408217549,1.0986663103,-1.1597033739,0.2441480756,-0.4890286028,0.8408460021,-0.3391216695,-0.2739341557,0.4524063766,-0.3227637708,0.0828603208,0.1501802802,0.1038173735,0.5086253285,0.7751834989,0.3475677669,-0.1408217549,0.0000000000,0.0000000000,0.0000000000,0.0000000000,0.0000000000,0.0000000000,-0.3737907112,0.3554795980,-0.3086031675,0.9852088094,-0.1665904969,-0.0460429192,0.2924570143,0.6695401669,0.1701107919,-0.6614305377,
7021.081,0.1220740378,-0.0610370189,0.9765923023,0.0678731650,0.0018311106,-1.0108951330,-0.1535691470,-0.0410168767,-0.4321421087,0.0026754737,0.0061066383,-0.0130313635,0.0322608687,0.0951065794,-0.9950526357,0.0052318685,1.0986663103,-1.0986663103,0.3662221134,-0.4934232533,0.8406018019,-0.3398541212,-0.2746665776,0.4528946877,-0.3187353015,0.0780893266,0.1493012905,0.1025806069,0.5086721778,0.7757667899,0.3458999991,-0.1415458769,1.0986663103,-1.0986663103,0.3662221134,-0.4934232533,0.8406018019,-0.3398541212,-0.2746665776,0.4528946877,-0.3187353015,0.0780893266,0.1493012905,0.1025806069,0.5086721778,0.7757667899,0.3458999991,-0.1415458769,0.0000000000,0.0000000000,0.0000000000,0.0000000000,0.0000000000,0.0000000000,-0.3112888038,0.3564561903,-0.3125095367,0.9852087498,-0.1665909737,-0.0460433364,0.2925782800,0.6695089340,0.1702331156,-0.6613770723,
7021.094,0.1220740378,-0.1220740378,0.9765923023,0.0676290169,0.0024414808,-1.0106509924,-0.1536912173,-0.0433362834,-0.4354380965,0.0024454519,0.0067159641,-0.0127863288,0.0322538726,0.0951071754,-0.9950528145,0.0052306936,1.0986663103,-1.2207404375,0.5493331552,-0.4959868193,0.8393810987,-0.3414410949,-0.2710043788,0.4516739547,-0.3191015422,0.0751469135,0.1474421620,0.1004849672,0.5087170601,0.7763535976,0.3442117572,-0.1422811300,1.0986663103,-1.2207404375,0.5493331552,-0.4959868193,0.8393810987,-0.3414410949,-0.2710043788,0.4516739547,-0.3191015422,0.0751469135,0.1474421620,0.1004849672,0.5087170601,0.7763535976,0.3442117572,-0.1422811300,0.0000000000,0.0000000000,0.0000000000,0.0000000000,0.0000000000,0.0000000000,-0.3725699782,0.3584093750,-0.3086031675,0.9852086306,-0.1665914655,-0.0460436940,0.2926786244,0.6694830656,0.1703342944,-0.6613327861,
7021.107,0.1220740378,-0.1220740378,0.9765923023,0.0688497573,0.0028077029,-1.0108951330,-0.1529587656,-0.0437025055,-0.4329966009,0.0036743134,0.0070793405,-0.0130299926,0.0322499126,0.0951154083,-0.9950522780,0.0052291551,1.0376293659,-1.2207404375,0.7324442267,-0.4954985082,0.8404797316,-0.3448591530,-0.2739341557,0.4538712800,-0.3227637708,0.0752281845,0.1478856206,0.0965664089,0.5087546706,0.7769567370,0.3424829543,-0.1430241019,1.0376293659,-1.2207404375,0.7324442267,-0.4954985082,0.8404797316,-0.3448591530,-0.2739341557,0.4538712800,-0.3227637708,0.0752281845,0.1478856206,0.0965664089,0.5087546706,0.7769567370,0.3424829543,-0.1430241019,0.0000000000,0.0000000000,0.0000000000,0.0000000000,0.0000000000,0.0000000000,-0.3100680709,0.3569445014,-0.3125095367,0.9852085710,-0.1665919721,-0.0460439920,0.2928007543,0.6694515944,0.1704575270,-0.6612788439,
7021.120,0.1220740378,-0.1220740378,0.9765923023,0.0670186505,0.0035401471,-1.0111392736,-0.1573534310,-0.0424817652,-0.4342173636,0.0018604100,0.0078053358,-0.0132729411,0.0322417580,0.0950947851,-0.9950543642,0.0052244556,0.9765923023,-0.4882961512,0.9155552983,-0.4928129017,0.8401135206,-0.3463240564,-0.2739341557,0.4557023942,-0.3209326565,0.0774193108,0.1468425393,0.0946780145,0.5087774396,0.7775568366,0.3408076763,-0.1436818987,0.9765923023,-0.4882961512,0.9155552983,-0.4928129017,0.8401135206,-0.3463240564,-0.2739341557,0.4557023942,-0.3209326565,0.0774193108,0.1468425393,0.0946780145,0.5087774396,0.7775568366,0.3408076763,-0.1436818987,0.0000000000,0.0000000000,0.0000000000,0.0000000000,0.0000000000,0.0000000000,-0.3117770851,0.3593859673,-0.3086031675,0.9852085114,-0.1665924340,-0.0460444689,0.2929376066,0.6694163084,0.1705956608,-0.6612184048,
7021.133,0.1220740378,-0.1220740378,0.9765923023,0.0678731650,0.0019531846,-1.0116275549,-0.1567430645,-0.0443128757,-0.4336069822,0.0027279630,0.0062197964,-0.0137603879,0.0322351605,0.0950995758,-0.9950542450,0.0052246959,1.0376293659,-0.1831110567,0.7934812307,-0.4834131896,0.8371837735,-0.3402203321,-0.2763756216,0.4530167580,-0.3226416707,0.0862962306,0.1432312727,0.1003855169,0.5087825060,0.7781802416,0.3390899003,-0.1443517953,1.0376293659,-0.1831110567,0.7934812307,-0.4834131896,0.8371837735,-0.3402203321,-0.2763756216,0.4530167580,-0.3226416707,0.0862962306,0.1432312727,0.1003855169,0.5087825060,0.7781802416,0.3390899003,-0.1443517953,0.0000000000,0.0000000000,0.0000000000,0.0000000000,0.0000000000,0.0000000000,-0.3720816672,0.3598742783,-0.3066499829,0.9852081537,-0.1665928513,-0.0460445285,0.2930452824,0.6693883538,0.1707042903,-0.6611707211,
7021.146,0.1220740378,-0.0610370189,0.9765923023,0.0675069466,0.0019531846,-1.0108951330,-0.1564989239,-0.0478530228,-0.4320200086,0.0023656711,0.0062212045,-0.0130277276,0.0322328731,0.0951505899,-0.9950494170,0.0052268626,1.0376293659,-0.3051851094,0.5493331552,-0.4793847501,0.8349864483,-0.3365581334,-0.2739341557,0.4548478723,-0.3217871785,0.0898360312,0.1403697133,0.1036323905,0.5087972283,0.7787758708,0.3374117613,-0.1450176239,1.0376293659,-0.3051851094,0.5493331552,-0.4793847501,0.8349864483,-0.3365581334,-0.2739341557,0.4548478723,-0.3217871785,0.0898360312,0.1403697133,0.1036323905,0.5087972283,0.7787758708,0.3374117613,-0.1450176239,0.0000000000,0.0000000000,0.0000000000,0.0000000000,0.0000000000,0.0000000000,-0.3723258078,0.3593859673,-0.3125095367,0.9852083325,-0.1665933281,-0.0460451841,0.2931364477,0.6693648696,0.1707961857,-0.6611305475,
7021.159,0.1220740378,-0.1220740378,0.9765923023,0.0666524246,0.0035401471,-1.0104068518,-0.1550340354,-0.0468764305,-0.4288460910,0.0015297160,0.0078017209,-0.0125381947,0.0322236903,0.0951944888,-0.9950454831,0.0052241879,0.9765923023,-1.0986663103,0.2441480756,-0.4806054831,0.8341318965,-0.3347270191,-0.2733237743,0.4557023942,-0.3202002048,0.0882341862,0.1388813853,0.1049556732,0.5088407397,0.7793328762,0.3357453942,-0.1457386315,0.9765923023,-1.0986663103,0.2441480756,-0.4806054831,0.8341318965,-0.3347270191,-0.2733237743,0.4557023942,-0.3202002048,0.0882341862,0.1388813853,0.1049556732,0.5088407397,0.7793328762,0.3357453942,-0.1457386315,0.0000000000,0.0000000000,0.0000000000,0.0000000000,0.0000000000,0.0000000000,-0.3735465705,0.3554795980,-0.3105563521,0.9852081537,-0.1665938050,-0.0460454822,0.2932204604,0.6693431139,0.1708808392,-0.6610934138,
7021.172,0.1220740378,-0.0610370189,0.9765923023,0.0664082766,0.0025635548,-1.0099185705,-0.1551561058,-0.0439466536,-0.4268929064,0.0012944564,0.0068235286,-0.0120492578,0.0322193056,0.0952005014,-0.9950450659,0.0052231615,0.9765923023,-1.4038513899,0.0610370189,-0.4828028083,0.8355967999,-0.3365581334,-0.2722251117,0.4506973624,-0.3211767972,0.0857058167,0.1397395730,0.1025926769,0.5088751316,0.7799018621,0.3340234160,-0.1465288401,0.9765923023,-1.4038513899,0.0610370189,-0.4828028083,0.8355967999,-0.3365581334,-0.2722251117,0.4506973624,-0.3211767972,0.0857058167,0.1397395730,0.1025926769,0.5088751316,0.7799018621,0.3340234160,-0.1465288401,0.0000000000,0.0000000000,0.0000000000,0.0000000000,0.0000000000,0.0000000000,-0.3733024001,0.3579210937,-0.2910245061,0.9852080941,-0.1665943265,-0.0460459590,0.2933609784,0.6693067551,0.1710226685,-0.6610312462,
7021.185,0.1220740378,-0.0610370189,0.9765923023,0.0668965727,0.0013428144,-1.0095522404,-0.1518601030,-0.0450453199,-0.4294564724,0.0017890707,0.0056072283,-0.0116825700,0.0322157890,0.0952301398,-0.9950423241,0.0052260300,0.9765923023,-1.6479995251,0.0000000000,-0.4850001633,0.8365733624,-0.3410748541,-0.2713705897,0.4511856437,-0.3216650784,0.0832061470,0.1401293278,0.0975371897,0.5089054108,0.7804656029,0.3322992027,-0.1473406106,0.9765923023,-1.6479995251,0.0000000000,-0.4850001633,0.8365733624,-0.3410748541,-0.2713705897,0.4511856437,-0.3216650784,0.0832061470,0.1401293278,0.0975371897,0.5089054108,0.7804656029,0.3322992027,-0.1473406106,0.0000000000,0.0000000000,0.0000000000,0.0000000000,0.0000000000,0.0000000000,-0.3105563521,0.3569445014,-0.3086031675,0.9852078557,-0.1665947735,-0.0460461378,0.2934891284,0.6692734957,0.1711520255,-0.6609744430,
7021.198,0.1220740378,-0.0610370189,0.9765923023,0.0660420582,0.0021973327,-1.0094301701,-0.1578417271,-0.0443128757,-0.4318979383,0.0009450242,0.0064619356,-0.0115597844,0.0322105587,0.0952315107,-0.9950423837,0.0052256687,0.8545182943,-1.3428144455,-0.1220740378,-0.4914700687,0.8417004943,-0.3469344079,-0.2713705897,0.4532608986,-0.3181249499,0.0764342844,0.1446899176,0.0911687016,0.5089337826,0.7809996009,0.3306577206,-0.1481041759,0.8545182943,-1.3428144455,-0.1220740378,-0.4914700687,0.8417004943,-0.3469344079,-0.2713705897,0.4532608986,-0.3181249499,0.0764342844,0.1446899176,0.0911687016,0.5089337826,0.7809996009,0.3306577206,-0.1481041759,0.0000000000,0.0000000000,0.0000000000,0.0000000000,0.0000000000,0.0000000000,-0.3718375266,0.3559679091,-0.3105563521,0.9852077961,-0.1665952206,-0.0460464954,0.2935737073,0.6692515612,0.1712372601,-0.6609370112,
7021.211,0.1831110567,-0.0610370189,1.0376293659,0.0657979101,0.0018311106,-1.0104068518,-0.1539353579,-0.0445570238,-0.4306772053,0.0007128343,0.0061090463,-0.0125358105,0.0322039016,0.0952427983,-0.9950414896,0.0052321008,0.8545182943,-1.1597033739,-0.1220740378,-0.4920804501,0.8417004943,-0.3431501091,-0.2705160677,0.4492324591,-0.3162938356,0.0755151510,0.1441215277,0.0944485962,0.5089576840,0.7815362811,0.3290043473,-0.1488715559,0.8545182943,-1.1597033739,-0.1220740378,-0.4920804501,0.8417004943,-0.3431501091,-0.2705160677,0.4492324591,-0.3162938356,0.0755151510,0.1441215277,0.0944485962,0.5089576840,0.7815362811,0.3290043473,-0.1488715559,0.0000000000,0.0000000000,0.0000000000,0.0000000000,0.0000000000,0.0000000000,-0.3742789924,0.3545030057,-0.2929776907,0.9852076769,-0.1665957272,-0.0460468531,0.2936971784,0.6692195535,0.1713618785,-0.6608822942,
7021.224,0.1220740378,0.0000000000,0.9765923023,0.0675069466,0.0021973327,-1.0104068518,-0.1551561058,-0.0426038392,-0.4299447536,0.0024146959,0.0064753965,-0.0125362873,0.0322075374,0.0952303186,-0.9950425625,0.0052321036,0.8545182943,-1.1597033739,-0.1220740378,-0.4922025204,0.8410901427,-0.3408307135,-0.2724692523,0.4589983821,-0.3193456829,0.0750891566,0.1429437995,0.0962570310,0.5089927912,0.7820449471,0.3274033070,-0.1496076584,0.8545182943,-1.1597033739,-0.1220740378,-0.4922025204,0.8410901427,-0.3408307135,-0.2724692523,0.4589983821,-0.3193456829,0.0750891566,0.1429437995,0.0962570310,0.5089927912,0.7820449471,0.3274033070,-0.1496076584,0.0000000000,0.0000000000,0.0000000000,0.0000000000,0.0000000000,0.0000000000,-0.3735465705,0.3569445014,-0.3105563521,0.9852076769,-0.1665962040,-0.0460473299,0.2937824130,0.6691974401,0.1714477837,-0.6608445644,
7021.237,0.1831110567,0.0000000000,0.9765923023,0.0670186505,0.0020752586,-1.0097965002,-0.1534470618,-0.0422376171,-0.4301889241,0.0019214600,0.0063646804,-0.0119262338,0.0322095230,0.0952181742,-0.9950436354,0.0052376026,0.8545182943,-1.0376293659,0.0610370189,-0.4963530302,0.8374279141,-0.3466902673,-0.2740562260,0.4548478723,-0.3169042170,0.0706182122,0.1387254596,0.0899247229,0.5090059638,0.7825703621,0.3257828057,-0.1503509730,0.8545182943,-1.0376293659,0.0610370189,-0.4963530302,0.8374279141,-0.3466902673,-0.2740562260,0.4548478723,-0.3169042170,0.0706182122,0.1387254596,0.0899247229,0.5090059638,0.7825703621,0.3257828057,-0.1503509730,0.0000000000,0.0000000000,0.0000000000,0.0000000000,0.0000000000,0.0000000000,-0.3750114441,0.3530381322,-0.3105563521,0.9852074981,-0.1665966809,-0.0460476279,0.2938554883,0.6691784263,0.1715213805,-0.6608121991,
7021.250,0.1831110567,0.0000000000,0.9765923023,0.0676290169,0.0029297769,-1.0107730627,-0.1538132876,-0.0432142094,-0.4337290525,0.0025242269,0.0072262906,-0.0129033923,0.0322129801,0.0952168927,-0.9950436354,0.0052414555,0.8545182943,-0.6714072227,0.1220740378,-0.4917142391,0.8370617032,-0.3470564783,-0.2732017040,0.4528946877,-0.3245948553,0.0748863816,0.1377914548,0.0891308188,0.5089876056,0.7831428647,0.3240744472,-0.1511223912,0.8545182943,-0.6714072227,0.1220740378,-0.4917142391,0.8370617032,-0.3470564783,-0.2732017040,0.4528946877,-0.3245948553,0.0748863816,0.1377914548,0.0891308188,0.5089876056,0.7831428647,0.3240744472,-0.1511223912,0.0000000000,0.0000000000,0.0000000000,0.0000000000,0.0000000000,0.0000000000,-0.3728141189,0.3540147245,-0.3066499829,0.9852074385,-0.1665971726,-0.0460479856,0.2939419448,0.6691559553,0.1716085076,-0.6607738733,
7021.263,0.1220740378,0.0000000000,0.9765923023,0.0687276870,0.0021973327,-1.0107730627,-0.1557664722,-0.0440687276,-0.4311655164,0.0036099330,0.0064938907,-0.0129042268,0.0322194137,0.0952212587,-0.9950429797,0.0052422378,0.9155552983,-0.3662221134,0.0610370189,-0.4847559929,0.8363292217,-0.3430280387,-0.2722251117,0.4497207701,-0.3199560642,0.0814408064,0.1364845037,0.0927622318,0.5089638233,0.7837101221,0.3223925829,-0.1518574804,0.9155552983,-0.3662221134,0.0610370189,-0.4847559929,0.8363292217,-0.3430280387,-0.2722251117,0.4497207701,-0.3199560642,0.0814408064,0.1364845037,0.0927622318,0.5089638233,0.7837101221,0.3223925829,-0.1518574804,0.0000000000,0.0000000000,0.0000000000,0.0000000000,0.0000000000,0.0000000000,-0.3713492155,0.3540147245,-0.3066499829,0.9852073193,-0.1665976197,-0.0460484028,0.2940288186,0.6691333652,0.1716960818,-0.6607353687,
7021.276,0.1220740378,-0.0610370189,0.9765923023,0.0681173131,0.0042725913,-1.0112613440,-0.1545457393,-0.0422376171,-0.4303109944,0.0030004680,0.0085589541,-0.0133923888,0.0322195329,0.0952058434,-0.9950444698,0.0052366196,0.8545182943,-0.5493331552,-0.3662221134,-0.4835352600,0.8358409405,-0.3368022740,-0.2752769589,0.4524063766,-0.3197118938,0.0823285282,0.1354501247,0.0985432565,0.5089554191,0.7842451334,0.3207424879,-0.1526158899,0.8545182943,-0.5493331552,-0.3662221134,-0.4835352600,0.8358409405,-0.3368022740,-0.2752769589,0.4524063766,-0.3197118938,0.0823285282,0.1354501247,0.0985432565,0.5089554191,0.7842451334,0.3207424879,-0.1526158899,0.0000000000,0.0000000000,0.0000000000,0.0000000000,0.0000000000,0.0000000000,-0.3730582595,0.3540147245,-0.3086031675,0.9852072001,-0.1665981263,-0.0460487008,0.2941093743,0.6691123843,0.1717772484,-0.6606996655,
7021.289,0.1220740378,-0.0610370189,0.9765923023,0.0679952428,0.0021973327,-1.0106509924,-0.1533249915,-0.0438245796,-0.4350718856,0.0028796867,0.0064837900,-0.0127819180,0.0322188437,0.0952134803,-0.9950437546,0.0052368520,0.8545182943,-0.9155552983,-0.4272591472,-0.4858546853,0.8371837735,-0.3353373706,-0.2753990293,0.4547258019,-0.3230079114,0.0797200799,0.1362559795,0.0995194912,0.5089550614,0.7847722769,0.3190677464,-0.1534155011,0.8545182943,-0.9155552983,-0.4272591472,-0.4858546853,0.8371837735,-0.3353373706,-0.2753990293,0.4547258019,-0.3230079114,0.0797200799,0.1362559795,0.0995194912,0.5089550614,0.7847722769,0.3190677464,-0.1534155011,0.0000000000,0.0000000000,0.0000000000,0.0000000000,0.0000000000,0.0000000000,-0.3720816672,0.3520615399,-0.3086031675,0.9852070808,-0.1665985882,-0.0460491180,0.2941846251,0.6690927744,0.1718530506,-0.6606662869,
7021.302,0.1220740378,-0.0610370189,0.9765923023,0.0675069466,0.0026856288,-1.0111392736,-0.1556444019,-0.0418713950,-0.4356822371,0.0023952425,0.0069697737,-0.0132699609,0.0322171636,0.0951888636,-0.9950461984,0.0052347193,0.7934812307,-1.2207404375,-0.4272591472,-0.4920804501,0.8410901427,-0.3375347257,-0.2758873403,0.4553361535,-0.3211767972,0.0732425451,0.1396334767,0.0967967212,0.5089672208,0.7852792144,0.3174045384,-0.1542292088,0.7934812307,-1.2207404375,-0.4272591472,-0.4920804501,0.8410901427,-0.3375347257,-0.2758873403,0.4553361535,-0.3211767972,0.0732425451,0.1396334767,0.0967967212,0.5089672208,0.7852792144,0.3174045384,-0.1542292088,0.0000000000,0.0000000000,0.0000000000,0.0000000000,0.0000000000,0.0000000000,-0.3713492155,0.3515732288,-0.3105563521,0.9852070212,-0.1665990353,-0.0460494161,0.2942537069,0.6690747738,0.1719226241,-0.6606356502,
7021.315,0.1220740378,-0.0610370189,0.9765923023,0.0675069466,0.0028077029,-1.0099185705,-0.1554002464,-0.0438245796,-0.4327524602,0.0023986772,0.0070889271,-0.0120490193,0.0322155803,0.0951910540,-0.9950460196,0.0052331723,0.7934812307,-0.9155552983,-0.1220740378,-0.4953764379,0.8413342834,-0.3459578156,-0.2750328183,0.4541154206,-0.3272804916,0.0696370900,0.1393428445,0.0879119933,0.5089429617,0.7858297825,0.3156732321,-0.1550553143,0.7934812307,-0.9155552983,-0.1220740378,-0.4953764379,0.8413342834,-0.3459578156,-0.2750328183,0.4541154206,-0.3272804916,0.0696370900,0.1393428445,0.0879119933,0.5089429617,0.7858297825,0.3156732321,-0.1550553143,0.0000000000,0.0000000000,0.0000000000,0.0000000000,0.0000000000,0.0000000000,-0.3740348518,0.3535264134,-0.3125095367,0.9852068424,-0.1665995121,-0.0460497141,0.2943215370,0.6690570712,0.1719909161,-0.6606055498,
7021.328,0.1220740378,-0.1220740378,0.9765923023,0.0677510947,0.0014648885,-1.0107730627,-0.1571092904,-0.0407727286,-0.4343394339,0.0026559457,0.0057498482,-0.0129026771,0.0322090834,0.0951486081,-0.9950503111,0.0052330312,0.7934812307,-0.5493331552,-0.0610370189,-0.4936674237,0.8401135206,-0.3464461267,-0.2741782963,0.4575335085,-0.3151951730,0.0709982514,0.1375836134,0.0870049894,0.5089365244,0.7863219380,0.3141123652,-0.1557499319,0.7934812307,-0.5493331552,-0.0610370189,-0.4936674237,0.8401135206,-0.3464461267,-0.2741782963,0.4575335085,-0.3151951730,0.0709982514,0.1375836134,0.0870049894,0.5089365244,0.7863219380,0.3141123652,-0.1557499319,0.0000000000,0.0000000000,0.0000000000,0.0000000000,0.0000000000,0.0000000000,-0.3747673035,0.3540147245,-0.3086031675,0.9852069616,-0.1665999591,-0.0460503101,0.2943996191,0.6690367460,0.1720695943,-0.6605709791,
7021.341,0.1220740378,-0.1220740378,0.9765923023,0.0689718351,0.0031739250,-1.0101627111,-0.1549119502,-0.0411389507,-0.4358043075,0.0038835406,0.0074541527,-0.0122919083,0.0322060585,0.0951169282,-0.9950534701,0.0052293222,0.7934812307,-0.3051851094,-0.1220740378,-0.4917142391,0.8370617032,-0.3466902673,-0.2727133930,0.4560686052,-0.3197118938,0.0725917816,0.1340045333,0.0863745213,0.5089054704,0.7868386507,0.3125068545,-0.1564699113,0.7934812307,-0.3051851094,-0.1220740378,-0.4917142391,0.8370617032,-0.3466902673,-0.2727133930,0.4560686052,-0.3197118938,0.0725917816,0.1340045333,0.0863745213,0.5089054704,0.7868386507,0.3125068545,-0.1564699113,0.0000000000,0.0000000000,0.0000000000,0.0000000000,0.0000000000,0.0000000000,-0.3745231628,0.3579210937,-0.3086031675,0.9852066636,-0.1666004062,-0.0460504293,0.2944882512,0.6690135598,0.1721589714,-0.6605315208,
7021.354,0.1220740378,-0.0610370189,0.9765923023,0.0683614612,0.0028077029,-1.0100406408,-0.1560106277,-0.0424817652,-0.4349497855,0.0032723173,0.0070850286,-0.0121698380,0.0322067104,0.0950998962,-0.9950550795,0.0052273665,0.6714072227,-0.1831110567,-0.1220740378,-0.4907376468,0.8347422481,-0.3441267014,-0.2760094106,0.4542374909,-0.3206884861,0.0732040703,0.1311497688,0.0885435343,0.5088713169,0.7873641253,0.3108637631,-0.1572096050,0.6714072227,-0.1831110567,-0.1220740378,-0.4907376468,0.8347422481,-0.3441267014,-0.2760094106,0.4542374909,-0.3206884861,0.0732040703,0.1311497688,0.0885435343,0.5088713169,0.7873641253,0.3108637631,-0.1572096050,0.0000000000,0.0000000000,0.0000000000,0.0000000000,0.0000000000,0.0000000000,-0.3723258078,0.3588976860,-0.3066499829,0.9852067232,-0.1666009128,-0.0460509658,0.2945853472,0.6689882874,0.1722569019,-0.6604884267,
7021.367,0.1220740378,-0.1220740378,0.9155552983,0.0677510947,0.0026856288,-1.0107730627,-0.1557664722,-0.0466322824,-0.4306772053,0.0026749223,0.0069599869,-0.0129014254,0.0322001539,0.0951434001,-0.9950511456,0.0052266773,0.6103702188,-0.3662221134,-0.1220740378,-0.4902493358,0.8343760371,-0.3433942795,-0.2750328183,0.4553361535,-0.3180028796,0.0733427405,0.1302452087,0.0888556540,0.5088533759,0.7878641486,0.3092545271,-0.1579343975,0.6103702188,-0.3662221134,-0.1220740378,-0.4902493358,0.8343760371,-0.3433942795,-0.2750328183,0.4553361535,-0.3180028796,0.0733427405,0.1302452087,0.0888556540,0.5088533759,0.7878641486,0.3092545271,-0.1579343975,0.0000000000,0.0000000000,0.0000000000,0.0000000000,0.0000000000,0.0000000000,-0.3733024001,0.3564561903,-0.3125095367,0.9852066040,-0.1666013449,-0.0460512638,0.2946600616,0.6689687371,0.1723321974,-0.6604552269,
7021.380,0.1220740378,-0.1220740378,0.9155552983,0.0664082766,0.0021973327,-1.0101627111,-0.1543015838,-0.0445570238,-0.4294564724,0.0013514310,0.0064711398,-0.0122897625,0.0321904346,0.0951647833,-0.9950494170,0.0052261720,0.4882961512,-0.4882961512,-0.1220740378,-0.4897610545,0.8343760371,-0.3441267014,-0.2683187425,0.4502090514,-0.3220313191,0.0734896064,0.1297007203,0.0876810849,0.5088312030,0.7883790731,0.3075805008,-0.1587038338,0.4882961512,-0.4882961512,-0.1220740378,-0.4897610545,0.8343760371,-0.3441267014,-0.2683187425,0.4502090514,-0.3220313191,0.0734896064,0.1297007203,0.0876810849,0.5088312030,0.7883790731,0.3075805008,-0.1587038338,0.0000000000,0.0000000000,0.0000000000,0.0000000000,0.0000000000,0.0000000000,-0.3720816672,0.3579210937,-0.3105563521,0.9852063656,-0.1666017622,-0.0460515022,0.2947439551,0.6689467430,0.1724167913,-0.6604178548,
7021.393,0.1220740378,-0.1220740378,0.9765923023,0.0668965727,0.0025635548,-1.0104068518,-0.1552781761,-0.0429700613,-0.4337290525,0.0018566847,0.0068356958,-0.0125328302,0.0321821086,0.0951563045,-0.9950504899,0.0052242586,0.3662221134,-0.3051851094,-0.3051851094,-0.4858546853,0.8342539668,-0.3446150124,-0.2716147304,0.4538712800,-0.3226416707,0.0770505071,0.1290385127,0.0867616534,0.5088091493,0.7888814211,0.3059377670,-0.1594519168,0.3662221134,-0.3051851094,-0.3051851094,-0.4858546853,0.8342539668,-0.3446150124,-0.2716147304,0.4538712800,-0.3226416707,0.0770505071,0.1290385127,0.0867616534,0.5088091493,0.7888814211,0.3059377670,-0.1594519168,0.0000000000,0.0000000000,0.0000000000,0.0000000000,0.0000000000,0.0000000000,-0.3745231628,0.3569445014,-0.3086031675,0.9852065444,-0.1666022688,-0.0460520983,0.2948282063,0.6689248085,0.1725017130,-0.6603804827,
7021.406,0.1220740378,-0.0610370189,0.9765923023,0.0672627985,0.0025635548,-1.0106509924,-0.1529587656,-0.0424817652,-0.4383678734,0.0022274181,0.0068340385,-0.0127766132,0.0321799889,0.0951471254,-0.9950514436,0.0052229213,0.3051851094,-0.2441480756,-0.4882961512,-0.4842677116,0.8352305889,-0.3424176872,-0.2719809711,0.4492324591,-0.3232520521,0.0783063173,0.1294823885,0.0885197520,0.5087789893,0.7893927097,0.3042554259,-0.1602348983,0.3051851094,-0.2441480756,-0.4882961512,-0.4842677116,0.8352305889,-0.3424176872,-0.2719809711,0.4492324591,-0.3232520521,0.0783063173,0.1294823885,0.0885197520,0.5087789893,0.7893927097,0.3042554259,-0.1602348983,0.0000000000,0.0000000000,0.0000000000,0.0000000000,0.0000000000,0.0000000000,-0.3718375266,0.3554795980,-0.3105563521,0.9852062464,-0.1666026860,-0.0460523367,0.2949046493,0.6689047217,0.1725787520,-0.6603464484,
7021.419,0.1220740378,-0.0610370189,0.9765923023,0.0671407208,0.0020752586,-1.0110172033,-0.1543015838,-0.0437025055,-0.4348277152,0.0021105632,0.0063465084,-0.0131425261,0.0321773328,0.0951507837,-0.9950511456,0.0052231723,0.3662221134,-0.3051851094,-0.6714072227,-0.4835352600,0.8358409405,-0.3394879103,-0.2712485194,0.4511856437,-0.3214209378,0.0787356198,0.1295778751,0.0910015404,0.5087547898,0.7898805141,0.3026167750,-0.1610088050,0.3662221134,-0.3051851094,-0.6714072227,-0.4835352600,0.8358409405,-0.3394879103,-0.2712485194,0.4511856437,-0.3214209378,0.0787356198,0.1295778751,0.0910015404,0.5087547898,0.7898805141,0.3026167750,-0.1610088050,0.0000000000,0.0000000000,0.0000000000,0.0000000000,0.0000000000,0.0000000000,-0.3745231628,0.3569445014,-0.3125095367,0.9852061868,-0.1666031480,-0.0460528135,0.2949784100,0.6688854098,0.1726530641,-0.6603136659,
7021.432,0.1220740378,-0.0610370189,0.9765923023,0.0668965727,0.0015869625,-1.0102847815,-0.1523483992,-0.0423596911,-0.4326303899,0.0018725544,0.0058613806,-0.0124097466,0.0321741588,0.0951431841,-0.9950519800,0.0052242102,0.1220740378,-0.9155552983,-0.7934812307,-0.4896389544,0.8349864483,-0.3410748541,-0.2678304315,0.4536271393,-0.3178808093,0.0724119246,0.1282228231,0.0888801515,0.5087698698,0.7903125882,0.3010427654,-0.1617890745,0.1220740378,-0.9155552983,-0.7934812307,-0.4896389544,0.8349864483,-0.3410748541,-0.2678304315,0.4536271393,-0.3178808093,0.0724119246,0.1282228231,0.0888801515,0.5087698698,0.7903125882,0.3010427654,-0.1617890745,0.0000000000,0.0000000000,0.0000000000,0.0000000000,0.0000000000,0.0000000000,-0.3750114441,0.3608508706,-0.2910245061,0.9852061272,-0.1666036844,-0.0460531712,0.2951170504,0.6688491106,0.1727930605,-0.6602518559,
7021.445,0.1220740378,0.0000000000,0.9765923023,0.0661641285,0.0018311106,-1.0110172033,-0.1516159624,-0.0433362834,-0.4348277152,0.0011394322,0.0061074779,-0.0131421685,0.0321743675,0.0951500908,-0.9950513244,0.0052254368,0.0000000000,-1.0986663103,-0.7934812307,-0.4924466610,0.8349864483,-0.3443708718,-0.2708822787,0.4543595612,-0.3166600466,0.0694050789,0.1277275085,0.0850298107,0.5087898970,0.7907343507,0.2994706631,-0.1625807881,0.0000000000,-1.0986663103,-0.7934812307,-0.4924466610,0.8349864483,-0.3443708718,-0.2708822787,0.4543595612,-0.3166600466,0.0694050789,0.1277275085,0.0850298107,0.5087898970,0.7907343507,0.2994706631,-0.1625807881,0.0000000000,0.0000000000,0.0000000000,0.0000000000,0.0000000000,0.0000000000,-0.3718375266,0.3559679091,-0.3066499829,0.9852060080,-0.1666041613,-0.0460536480,0.2952031493,0.6688265204,0.1728798598,-0.6602135301,
7021.458,0.1831110567,0.0000000000,0.9765923023,0.0660420582,0.0019531846,-1.0105289221,-0.1557664722,-0.0467543565,-0.4364146888,0.0010171235,0.0062415185,-0.0126540065,0.0321737155,0.0951882750,-0.9950476289,0.0052326415,-0.0610370189,-0.9765923023,-0.7934812307,-0.4953764379,0.8362071514,-0.3514511585,-0.2712485194,0.4558244646,-0.3176366389,0.0662685931,0.1284667850,0.0774267912,0.5087959170,0.7911581993,0.2979110181,-0.1633638144,-0.0610370189,-0.9765923023,-0.7934812307,-0.4953764379,0.8362071514,-0.3514511585,-0.2712485194,0.4558244646,-0.3176366389,0.0662685931,0.1284667850,0.0774267912,0.5087959170,0.7911581993,0.2979110181,-0.1633638144,0.0000000000,0.0000000000,0.0000000000,0.0000000000,0.0000000000,0.0000000000,-0.3713492155,0.3545030057,-0.2910245061,0.9852058887,-0.1666046530,-0.0460540056,0.2953252792,0.6687945127,0.1730031520,-0.6601590514,
7021.471,0.1220740378,0.0000000000,0.9765923023,0.0666524246,0.0036622211,-1.0099185705,-0.1524704695,-0.0455336161,-0.4339731932,0.0016240478,0.0079433769,-0.0120438337,0.0321755968,0.0952213854,-0.9950445294,0.0052303015,0.0000000000,0.0610370189,-0.8545182943,-0.4907376468,0.8347422481,-0.3516952991,-0.2717368007,0.4546037316,-0.3234961927,0.0706172287,0.1265272498,0.0767790377,0.5087507367,0.7916262746,0.2963246107,-0.1641204655,0.0000000000,0.0610370189,-0.8545182943,-0.4907376468,0.8347422481,-0.3516952991,-0.2717368007,0.4546037316,-0.3234961927,0.0706172287,0.1265272498,0.0767790377,0.5087507367,0.7916262746,0.2963246107,-0.1641204655,0.0000000000,0.0000000000,0.0000000000,0.0000000000,0.0000000000,0.0000000000,-0.3733024001,0.3525498211,-0.3086031675,0.9852058291,-0.1666051447,-0.0460543633,0.2953950465,0.6687762141,0.1730734259,-0.6601279974,
7021.484,0.1220740378,-0.0610370189,0.9155552983,0.0657979101,0.0037842952,-1.0104068518,-0.1528366953,-0.0465102084,-0.4303109944,0.0007810891,0.0080570187,-0.0125313401,0.0321699753,0.0952721760,-0.9950397015,0.0052271942,0.0000000000,0.3662221134,-1.0376293659,-0.4868312776,0.8332774043,-0.3452253938,-0.2694174051,0.4532608986,-0.3223975301,0.0742299855,0.1245918274,0.0828557312,0.5087055564,0.7920836806,0.2947666943,-0.1648578048,0.0000000000,0.3662221134,-1.0376293659,-0.4868312776,0.8332774043,-0.3452253938,-0.2694174051,0.4532608986,-0.3223975301,0.0742299855,0.1245918274,0.0828557312,0.5087055564,0.7920836806,0.2947666943,-0.1648578048,0.0000000000,0.0000000000,0.0000000000,0.0000000000,0.0000000000,0.0000000000,-0.3728141189,0.3540147245,-0.2910245061,0.9852057695,-0.1666055918,-0.0460548401,0.2955139577,0.6687449813,0.1731934845,-0.6600749493,
7021.497,0.1220740378,0.0000000000,0.9765923023,0.0665303543,0.0030518509,-1.0105289221,-0.1533249915,-0.0407727286,-0.4316537976,0.0015108362,0.0073204967,-0.0126535296,0.0321716741,0.0952406451,-0.9950428009,0.0052242717,-0.0610370189,0.1831110567,-1.2817773819,-0.4843897820,0.8341318965,-0.3364360631,-0.2723471820,0.4560686052,-0.3220313191,0.0764219165,0.1249760985,0.0911932290,0.5086839199,0.7925127149,0.2932259738,-0.1656080782,-0.0610370189,0.1831110567,-1.2817773819,-0.4843897820,0.8341318965,-0.3364360631,-0.2723471820,0.4560686052,-0.3220313191,0.0764219165,0.1249760985,0.0911932290,0.5086839199,0.7925127149,0.2932259738,-0.1656080782,0.0000000000,0.0000000000,0.0000000000,0.0000000000,0.0000000000,0.0000000000,-0.3117770851,0.3554795980,-0.2910245061,0.9852055311,-0.1666060984,-0.0460551381,0.2956721187,0.6687033772,0.1733532995,-0.6600041986,
7021.510,0.1220740378,0.0000000000,0.9765923023,0.0667745024,0.0020752586,-1.0099185705,-0.1546678096,-0.0440687276,-0.4290902317,0.0017509386,0.0063446658,-0.0120434761,0.0321736149,0.0952489302,-0.9950419068,0.0052251127,-0.1831110567,-1.0986663103,-1.3428144455,-0.4914700687,0.8342539668,-0.3313089311,-0.2733237743,0.4538712800,-0.3166600466,0.0692264140,0.1246340275,0.0957013965,0.5087142587,0.7928940058,0.2916633487,-0.1664471179,-0.1831110567,-1.0986663103,-1.3428144455,-0.4914700687,0.8342539668,-0.3313089311,-0.2733237743,0.4538712800,-0.3166600466,0.0692264140,0.1246340275,0.0957013965,0.5087142587,0.7928940058,0.2916633487,-0.1664471179,0.0000000000,0.0000000000,0.0000000000,0.0000000000,0.0000000000,0.0000000000,-0.3715933859,0.3525498211,-0.3105563521,0.9852055311,-0.1666065603,-0.0460554957,0.2957363129,0.6686865091,0.1734179407,-0.6599755883,
7021.523,0.1220740378,0.0000000000,0.9765923023,0.0676290169,0.0023194067,-1.0105289221,-0.1538132876,-0.0428479873,-0.4300668240,0.0025974065,0.0065883729,-0.0126543045,0.0321776755,0.0952436030,-0.9950422645,0.0052251057,-0.1220740378,-1.5259255171,-1.2207404375,-0.4945219159,0.8376720548,-0.3333841860,-0.2751548886,0.4510635734,-0.3211767972,0.0660790205,0.1275866628,0.0929777026,0.5087308288,0.7933031321,0.2899903655,-0.1673678458,-0.1220740378,-1.5259255171,-1.2207404375,-0.4945219159,0.8376720548,-0.3333841860,-0.2751548886,0.4510635734,-0.3211767972,0.0660790205,0.1275866628,0.0929777026,0.5087308288,0.7933031321,0.2899903655,-0.1673678458,0.0000000000,0.0000000000,0.0000000000,0.0000000000,0.0000000000,0.0000000000,-0.3745231628,0.3525498211,-0.3086031675,0.9852054119,-0.1666069776,-0.0460559130,0.2958032787,0.6686688662,0.1734853983,-0.6599457264,
7021.536,0.1220740378,0.0000000000,0.9765923023,0.0681173131,0.0014648885,-1.0115054846,-0.1541795135,-0.0439466536,-0.4334849119,0.0030756220,0.0057376451,-0.0136315823,0.0321824849,0.0952505842,-0.9950414300,0.0052277008,0.0000000000,-1.5259255171,-1.0986663103,-0.4983062148,0.8407238722,-0.3386333883,-0.2762535512,0.4549699426,-0.3242286444,0.0621868968,0.1301838756,0.0871129334,0.5087302327,0.7937200665,0.2883140147,-0.1682866663,0.0000000000,-1.5259255171,-1.0986663103,-0.4983062148,0.8407238722,-0.3386333883,-0.2762535512,0.4549699426,-0.3242286444,0.0621868968,0.1301838756,0.0871129334,0.5087302327,0.7937200665,0.2883140147,-0.1682866663,0.0000000000,0.0000000000,0.0000000000,0.0000000000,0.0000000000,0.0000000000,-0.3728141189,0.3554795980,-0.3086031675,0.9852052927,-0.1666074544,-0.0460562110,0.2958790958,0.6686488986,0.1735618114,-0.6599118710,
7021.549,0.1220740378,0.0000000000,0.9765923023,0.0679952428,0.0020752586,-1.0105289221,-0.1549119502,-0.0472426526,-0.4316537976,0.0029437691,0.0063487682,-0.0126556754,0.0321870670,0.0952982903,-0.9950368404,0.0052300850,0.3051851094,-0.4272591472,-0.9155552983,-0.5002593994,0.8387706876,-0.3444929421,-0.2766197622,0.4538712800,-0.3181249499,0.0600258112,0.1278015375,0.0808105171,0.5086765885,0.7941586375,0.2867178023,-0.1691047251,0.3051851094,-0.4272591472,-0.9155552983,-0.5002593994,0.8387706876,-0.3444929421,-0.2766197622,0.4538712800,-0.3181249499,0.0600258112,0.1278015375,0.0808105171,0.5086765885,0.7941586375,0.2867178023,-0.1691047251,0.0000000000,0.0000000000,0.0000000000,0.0000000000,0.0000000000,0.0000000000,-0.3733024001,0.3549913168,-0.3105563521,0.9852052927,-0.1666079313,-0.0460566878,0.2959480584,0.6686307192,0.1736312807,-0.6598811150,
7021.562,0.1220740378,0.0000000000,0.9765923023,0.0695822015,0.0019531846,-1.0111392736,-0.1514938772,-0.0463881344,-0.4351939559,0.0045134500,0.0062280525,-0.0132671595,0.0321953781,0.0953446552,-0.9950319529,0.0052330894,0.4272591472,-0.0610370189,-0.9765923023,-0.4968413413,0.8375499845,-0.3440046310,-0.2755210996,0.4554582238,-0.3238624334,0.0632078350,0.1261633039,0.0809115469,0.5085951686,0.7946171761,0.2851051688,-0.1699201763,0.4272591472,-0.0610370189,-0.9765923023,-0.4968413413,0.8375499845,-0.3440046310,-0.2755210996,0.4554582238,-0.3238624334,0.0632078350,0.1261633039,0.0809115469,0.5085951686,0.7946171761,0.2851051688,-0.1699201763,0.0000000000,0.0000000000,0.0000000000,0.0000000000,0.0000000000,0.0000000000,-0.3742789924,0.3569445014,-0.2910245061,0.9852049947,-0.1666083783,-0.0460569263,0.2960714102,0.6685981750,0.1737558693,-0.6598258615,
7021.575,0.1831110567,-0.0610370189,0.9765923023,0.0692159832,0.0036622211,-1.0111392736,-0.1534470618,-0.0457777642,-0.4334849119,0.0041424409,0.0079406407,-0.0132674575,0.0321974233,0.0953774154,-0.9950287342,0.0052361474,0.4272591472,0.0610370189,-0.9765923023,-0.4958647490,0.8353526592,-0.3396099806,-0.2760094106,0.4533829689,-0.3277688026,0.0639452338,0.1235457063,0.0849178433,0.5085029006,0.7950900197,0.2834417522,-0.1707656085,0.4272591472,0.0610370189,-0.9765923023,-0.4958647490,0.8353526592,-0.3396099806,-0.2760094106,0.4533829689,-0.3277688026,0.0639452338,0.1235457063,0.0849178433,0.5085029006,0.7950900197,0.2834417522,-0.1707656085,0.0000000000,0.0000000000,0.0000000000,0.0000000000,0.0000000000,0.0000000000,-0.3750114441,0.3579210937,-0.2929776907,0.9852049947,-0.1666088700,-0.0460572839,0.2961913049,0.6685665846,0.1738769263,-0.6597722173,
7021.588,0.1220740378,-0.0610370189,0.9765923023,0.0677510947,0.0023194067,-1.0107730627,-0.1517380327,-0.0423596911,-0.4253059626,0.0026798695,0.0065973527,-0.0129011273,0.0321963169,0.0953722894,-0.9950292706,0.0052356343,0.1220740378,-0.4272591472,-0.8545182943,-0.4975737929,0.8330332637,-0.3387554586,-0.2772301435,0.4553361535,-0.3263038993,0.0620294809,0.1207807660,0.0852976143,0.5084474087,0.7955318689,0.2817783654,-0.1716237366,0.1220740378,-0.4272591472,-0.8545182943,-0.4975737929,0.8330332637,-0.3387554586,-0.2772301435,0.4553361535,-0.3263038993,0.0620294809,0.1207807660,0.0852976143,0.5084474087,0.7955318689,0.2817783654,-0.1716237366,0.0000000000,0.0000000000,0.0000000000,0.0000000000,0.0000000000,0.0000000000,-0.3723258078,0.3569445014,-0.3105563521,0.9852048755,-0.1666093469,-0.0460577607,0.2962646782,0.6685472131,0.1739508659,-0.6597394347,
7021.601,0.1220740378,-0.0610370189,1.0376293659,0.0665303543,0.0035401471,-1.0108951330,-0.1484420300,-0.0419934690,-0.4246955812,0.0014675185,0.0078122853,-0.0130226016,0.0321924388,0.0953672454,-0.9950299263,0.0052321777,0.0000000000,-0.6714072227,-0.7934812307,-0.4973296225,0.8331553340,-0.3405865729,-0.2778405249,0.4541154206,-0.3199560642,0.0620749891,0.1204470992,0.0829625726,0.5084097385,0.7959513068,0.2801417112,-0.1724672765,0.0000000000,-0.6714072227,-0.7934812307,-0.4973296225,0.8331553340,-0.3405865729,-0.2778405249,0.4541154206,-0.3199560642,0.0620749891,0.1204470992,0.0829625726,0.5084097385,0.7959513068,0.2801417112,-0.1724672765,0.0000000000,0.0000000000,0.0000000000,0.0000000000,0.0000000000,0.0000000000,-0.3103122115,0.3559679091,-0.3066499829,0.9852048755,-0.1666098386,-0.0460581183,0.2963806093,0.6685166359,0.1740679294,-0.6596875191,
7021.614,0.1220740378,-0.1220740378,0.9765923023,0.0675069466,0.0029297769,-1.0110172033,-0.1536912173,-0.0465102084,-0.4264046252,0.0024582967,0.0071984599,-0.0131437182,0.0321853086,0.0954102725,-0.9950259924,0.0052311704,0.0000000000,-0.6103702188,-0.8545182943,-0.4979400039,0.8338877559,-0.3452253938,-0.2757652402,0.4527726173,-0.3255714476,0.0612661242,0.1207395196,0.0778456628,0.5083478093,0.7963900566,0.2784634531,-0.1733406782,0.0000000000,-0.6103702188,-0.8545182943,-0.4979400039,0.8338877559,-0.3452253938,-0.2757652402,0.4527726173,-0.3255714476,0.0612661242,0.1207395196,0.0778456628,0.5083478093,0.7963900566,0.2784634531,-0.1733406782,0.0000000000,0.0000000000,0.0000000000,0.0000000000,0.0000000000,0.0000000000,-0.3718375266,0.3549913168,-0.3125095367,0.9852047563,-0.1666103005,-0.0460584760,0.2964430749,0.6685001254,0.1741308421,-0.6596595645,
7021.627,0.1220740378,-0.1220740378,0.9765923023,0.0676290169,0.0036622211,-1.0112613440,-0.1534470618,-0.0452894680,-0.4316537976,0.0025939271,0.0079238508,-0.0133869648,0.0321787409,0.0954367816,-0.9950237870,0.0052278657,0.2441480756,0.2441480756,-0.9765923023,-0.4959868193,0.8358409405,-0.3422956169,-0.2790612578,0.4504531920,-0.3243507147,0.0629667044,0.1222726703,0.0804010332,0.5082437396,0.7968552709,0.2767913938,-0.1741837710,0.2441480756,0.2441480756,-0.9765923023,-0.4959868193,0.8358409405,-0.3422956169,-0.2790612578,0.4504531920,-0.3243507147,0.0629667044,0.1222726703,0.0804010332,0.5082437396,0.7968552709,0.2767913938,-0.1741837710,0.0000000000,0.0000000000,0.0000000000,0.0000000000,0.0000000000,0.0000000000,-0.3735465705,0.3574327826,-0.3066499829,0.9852046967,-0.1666107327,-0.0460588932,0.2965255082,0.6684783101,0.1742139906,-0.6596226692,
7021.640,0.1220740378,-0.1831110567,0.9765923023,0.0659199804,0.0036622211,-1.0106509924,-0.1545457393,-0.0438245796,-0.4278694987,0.0009172559,0.0079168193,-0.0127744079,0.0321629196,0.0954418182,-0.9950237870,0.0052229771,0.3051851094,0.4272591472,-0.9765923023,-0.4934232533,0.8371837735,-0.3388775289,-0.2733237743,0.4548478723,-0.3236182630,0.0652574003,0.1231885552,0.0834586918,0.5081539750,0.7972924113,0.2752021849,-0.1749612093,0.3051851094,0.4272591472,-0.9765923023,-0.4934232533,0.8371837735,-0.3388775289,-0.2733237743,0.4548478723,-0.3236182630,0.0652574003,0.1231885552,0.0834586918,0.5081539750,0.7972924113,0.2752021849,-0.1749612093,0.0000000000,0.0000000000,0.0000000000,0.0000000000,0.0000000000,0.0000000000,-0.3735465705,0.3569445014,-0.3125095367,0.9852045774,-0.1666112244,-0.0460591912,0.2965916693,0.6684607863,0.1742806286,-0.6595930457,
7021.653,0.1220740378,-0.1831110567,0.9765923023,0.0657979101,0.0032959990,-1.0106509924,-0.1554002464,-0.0426038392,-0.4360484779,0.0008279756,0.0075454013,-0.0127723217,0.0321469046,0.0954265594,-0.9950258136,0.0052183266,0.3662221134,0.2441480756,-0.9765923023,-0.4941557050,0.8371837735,-0.3368022740,-0.2756431699,0.4557023942,-0.3303323388,0.0642716289,0.1227664948,0.0851554275,0.5080527067,0.7977442145,0.2735441923,-0.1757941842,0.3662221134,0.2441480756,-0.9765923023,-0.4941557050,0.8371837735,-0.3368022740,-0.2756431699,0.4557023942,-0.3303323388,0.0642716289,0.1227664948,0.0851554275,0.5080527067,0.7977442145,0.2735441923,-0.1757941842,0.0000000000,0.0000000000,0.0000000000,0.0000000000,0.0000000000,0.0000000000,-0.3730582595,0.3559679091,-0.3105563521,0.9852044582,-0.1666116714,-0.0460596681,0.2966598868,0.6684427261,0.1743493527,-0.6595625281,
7021.666,0.1831110567,-0.1831110567,0.9765923023,0.0661641285,0.0020752586,-1.0104068518,-0.1564989239,-0.0422376171,-0.4353160262,0.0012249500,0.0063361465,-0.0125262141,0.0321311466,0.0954038352,-0.9950284362,0.0052218391,0.1831110567,-0.4272591472,-0.7934812307,-0.4996490479,0.8336436152,-0.3396099806,-0.2712485194,0.4552140832,-0.3248390257,0.0585747957,0.1187988520,0.0818930268,0.5079855323,0.7981571555,0.2719193399,-0.1766328961,0.1831110567,-0.4272591472,-0.7934812307,-0.4996490479,0.8336436152,-0.3396099806,-0.2712485194,0.4552140832,-0.3248390257,0.0585747957,0.1187988520,0.0818930268,0.5079855323,0.7981571555,0.2719193399,-0.1766328961,0.0000000000,0.0000000000,0.0000000000,0.0000000000,0.0000000000,0.0000000000,-0.3122653961,0.3579210937,-0.3105563521,0.9852042198,-0.1666121334,-0.0460598469,0.2967680693,0.6684140563,0.1744585931,-0.6595139503,
7021.679,0.1220740378,-0.1220740378,0.9765923023,0.0660420582,0.0013428144,-1.0104068518,-0.1561326981,-0.0421155430,-0.4318979383,0.0011234432,0.0056081116,-0.0125249028,0.0321208052,0.0953812227,-0.9950309396,0.0052223201,0.0610370189,-0.5493331552,-0.7324442267,-0.4984282851,0.8327890635,-0.3446150124,-0.2771080732,0.4541154206,-0.3278908730,0.0595858693,0.1175117493,0.0764313638,0.5079028606,0.7985910177,0.2702197134,-0.1775147617,0.0610370189,-0.5493331552,-0.7324442267,-0.4984282851,0.8327890635,-0.3446150124,-0.2771080732,0.4541154206,-0.3278908730,0.0595858693,0.1175117493,0.0764313638,0.5079028606,0.7985910177,0.2702197134,-0.1775147617,0.0000000000,0.0000000000,0.0000000000,0.0000000000,0.0000000000,0.0000000000,-0.3110446632,0.3535264134,-0.3105563521,0.9852043390,-0.1666126698,-0.0460603833,0.2968646586,0.6683885455,0.1745560616,-0.6594706774,
7021.692,0.1220740378,-0.0610370189,0.9765923023,0.0640888736,0.0028077029,-1.0105289221,-0.1534470618,-0.0415051728,-0.4327524602,-0.0008102581,0.0070701456,-0.0126456618,0.0321113542,0.0953583047,-0.9950334430,0.0052192272,0.0000000000,-0.4272591472,-0.7324442267,-0.4969634116,0.8319345713,-0.3471785784,-0.2711264491,0.4541154206,-0.3287453949,0.0608268678,0.1162248850,0.0734301507,0.5078198314,0.7990157008,0.2685547173,-0.1783666015,0.0000000000,-0.4272591472,-0.7324442267,-0.4969634116,0.8319345713,-0.3471785784,-0.2711264491,0.4541154206,-0.3287453949,0.0608268678,0.1162248850,0.0734301507,0.5078198314,0.7990157008,0.2685547173,-0.1783666015,0.0000000000,0.0000000000,0.0000000000,0.0000000000,0.0000000000,0.0000000000,-0.3720816672,0.3579210937,-0.3125095367,0.9852041006,-0.1666131169,-0.0460606217,0.2969326079,0.6683704853,0.1746245474,-0.6594401598,
7021.705,0.1220740378,-0.0610370189,0.9765923023,0.0667745024,0.0034180731,-1.0106509924,-0.1562547684,-0.0390636921,-0.4355601668,0.0018815771,0.0076746596,-0.0127673149,0.0321088694,0.0952953771,-0.9950395823,0.0052139838,0.1831110567,0.0000000000,-0.9765923023,-0.4919583797,0.8321787119,-0.3421735168,-0.2711264491,0.4581438601,-0.3260597587,0.0655951500,0.1160569787,0.0780478120,0.5077306628,0.7994243503,0.2669733167,-0.1791616976,0.1831110567,0.0000000000,-0.9765923023,-0.4919583797,0.8321787119,-0.3421735168,-0.2711264491,0.4581438601,-0.3260597587,0.0655951500,0.1160569787,0.0780478120,0.5077306628,0.7994243503,0.2669733167,-0.1791616976,0.0000000000,0.0000000000,0.0000000000,0.0000000000,0.0000000000,0.0000000000,-0.3120212555,0.3569445014,-0.3125095367,0.9852040410,-0.1666135788,-0.0460610390,0.2970321178,0.6683440804,0.1747249812,-0.6593955159,
7021.718,0.1220740378,-0.0610370189,0.9765923023,0.0648213178,0.0028077029,-1.0112613440,-0.1546678096,-0.0424817652,-0.4336069822,-0.0000556409,0.0070614847,-0.0133765936,0.0321011133,0.0952819958,-0.9950411320,0.0052113920,0.1831110567,0.0610370189,-1.0376293659,-0.4942777753,0.8324228525,-0.3397320509,-0.2751548886,0.4564348161,-0.3222754598,0.0630533695,0.1158980727,0.0800970793,0.5076392889,0.7998278737,0.2653925121,-0.1799661070,0.1831110567,0.0610370189,-1.0376293659,-0.4942777753,0.8324228525,-0.3397320509,-0.2751548886,0.4564348161,-0.3222754598,0.0630533695,0.1158980727,0.0800970793,0.5076392889,0.7998278737,0.2653925121,-0.1799661070,0.0000000000,0.0000000000,0.0000000000,0.0000000000,0.0000000000,0.0000000000,-0.3747673035,0.3540147245,-0.3125095367,0.9852039218,-0.1666140854,-0.0460613370,0.2970868945,0.6683295369,0.1747800857,-0.6593709588,
7021.731,0.1220740378,-0.0610370189,0.9765923023,0.0655537620,0.0037842952,-1.0099185705,-0.1582079530,-0.0405285805,-0.4398327470,0.0006886497,0.0080304388,-0.0120330453,0.0320958272,0.0952323452,-0.9950461984,0.0052054194,0.2441480756,-0.0610370189,-1.0376293659,-0.4974516928,0.8340098262,-0.3398541212,-0.2767418325,0.4587542415,-0.3269142807,0.0596754253,0.1170926094,0.0795759559,0.5075385571,0.8002363443,0.2637804449,-0.1808025986,0.2441480756,-0.0610370189,-1.0376293659,-0.4974516928,0.8340098262,-0.3398541212,-0.2767418325,0.4587542415,-0.3269142807,0.0596754253,0.1170926094,0.0795759559,0.5075385571,0.8002363443,0.2637804449,-0.1808025986,0.0000000000,0.0000000000,0.0000000000,0.0000000000,0.0000000000,0.0000000000,-0.3720816672,0.3593859673,-0.3125095367,0.9852038622,-0.1666145325,-0.0460618734,0.2971577942,0.6683107018,0.1748515368,-0.6593391895,
7021.744,0.1220740378,-0.0610370189,0.9765923023,0.0670186505,0.0025635548,-1.0091860294,-0.1534470618,-0.0396740623,-0.4340952933,0.0021579191,0.0068081217,-0.0113002062,0.0320939682,0.0951859280,-0.9950505495,0.0052029290,0.1831110567,-0.1831110567,-0.9155552983,-0.5028229356,0.8354747295,-0.3427838981,-0.2768639326,0.4582659304,-0.3254493773,0.0541079640,0.1181644201,0.0762347877,0.5074407458,0.8006378412,0.2621673048,-0.1816439927,0.1831110567,-0.1831110567,-0.9155552983,-0.5028229356,0.8354747295,-0.3427838981,-0.2768639326,0.4582659304,-0.3254493773,0.0541079640,0.1181644201,0.0762347877,0.5074407458,0.8006378412,0.2621673048,-0.1816439927,0.0000000000,0.0000000000,0.0000000000,0.0000000000,0.0000000000,0.0000000000,-0.3735465705,0.3554795980,-0.2910245061,0.9852038026,-0.1666150391,-0.0460622311,0.2972714305,0.6682805419,0.1749662906,-0.6592881083,
7021.757,0.1831110567,0.0000000000,1.0376293659,0.0664082766,0.0025635548,-1.0099185705,-0.1562547684,-0.0400402844,-0.4334849119,0.0015445203,0.0068178861,-0.0120329857,0.0320952907,0.0951319411,-0.9950557947,0.0052061933,0.2441480756,0.1220740378,-0.7324442267,-0.5024567246,0.8338877559,-0.3449812233,-0.2755210996,0.4594866931,-0.3278908730,0.0542326570,0.1161792278,0.0736765862,0.5073265433,0.8010513186,0.2605551481,-0.1824578792,0.2441480756,0.1220740378,-0.7324442267,-0.5024567246,0.8338877559,-0.3449812233,-0.2755210996,0.4594866931,-0.3278908730,0.0542326570,0.1161792278,0.0736765862,0.5073265433,0.8010513186,0.2605551481,-0.1824578792,0.0000000000,0.0000000000,0.0000000000,0.0000000000,0.0000000000,0.0000000000,-0.3728141189,0.3559679091,-0.2910245061,0.9852037430,-0.1666155308,-0.0460627079,0.2973862886,0.6682500243,0.1750822812,-0.6592364907,
7021.770,0.1220740378,0.0000000000,0.9155552983,0.0676290169,0.0026856288,-1.0108951330,-0.1571092904,-0.0395519882,-0.4336069822,0.0027564913,0.0069370703,-0.0130101442,0.0321000703,0.0950799584,-0.9950605631,0.0052034962,0.3051851094,0.4272591472,-0.6714072227,-0.5000152588,0.8324228525,-0.3459578156,-0.2764976919,0.4574114084,-0.3241065741,0.0563966036,0.1143159866,0.0723859072,0.5071983933,0.8014718294,0.2589558959,-0.1832427680,0.3051851094,0.4272591472,-0.6714072227,-0.5000152588,0.8324228525,-0.3459578156,-0.2764976919,0.4574114084,-0.3241065741,0.0563966036,0.1143159866,0.0723859072,0.5071983933,0.8014718294,0.2589558959,-0.1832427680,0.0000000000,0.0000000000,0.0000000000,0.0000000000,0.0000000000,0.0000000000,-0.3713492155,0.3574327826,-0.3125095367,0.9852036238,-0.1666159630,-0.0460631251,0.2974507213,0.6682328582,0.1751472056,-0.6592075825,
7021.783,0.1220740378,0.0000000000,0.9765923023,0.0661641285,0.0026856288,-1.0104068518,-0.1586962491,-0.0393078402,-0.4333628416,0.0012899712,0.0069348789,-0.0125219226,0.0321013220,0.0950157270,-0.9950666428,0.0052004112,0.3051851094,0.5493331552,-0.6714072227,-0.4963530302,0.8310800791,-0.3410748541,-0.2767418325,0.4531388283,-0.3274025619,0.0597680807,0.1125639677,0.0769529641,0.5070581436,0.8019097447,0.2572899461,-0.1840601116,0.3051851094,0.5493331552,-0.6714072227,-0.4963530302,0.8310800791,-0.3410748541,-0.2767418325,0.4531388283,-0.3274025619,0.0597680807,0.1125639677,0.0769529641,0.5070581436,0.8019097447,0.2572899461,-0.1840601116,0.0000000000,0.0000000000,0.0000000000,0.0000000000,0.0000000000,0.0000000000,-0.3718375266,0.3584093750,-0.3105563521,0.9852035046,-0.1666163951,-0.0460634232,0.2975220382,0.6682138443,0.1752191037,-0.6591755152,
7021.796,0.1220740378,0.0000000000,0.9765923023,0.0664082766,0.0025635548,-1.0099185705,-0.1567430645,-0.0426038392,-0.4377574921,0.0015311316,0.0068112244,-0.0120338202,0.0321029797,0.0949984044,-0.9950682521,0.0051992079,0.1220740378,0.0000000000,-0.6714072227,-0.4984282851,0.8312021494,-0.3396099806,-0.2750328183,0.4546037316,-0.3255714476,0.0574519038,0.1122674942,0.0780187249,0.5069518685,0.8023123145,0.2556418478,-0.1848930717,0.1220740378,0.0000000000,-0.6714072227,-0.4984282851,0.8312021494,-0.3396099806,-0.2750328183,0.4546037316,-0.3255714476,0.0574519038,0.1122674942,0.0780187249,0.5069518685,0.8023123145,0.2556418478,-0.1848930717,0.0000000000,0.0000000000,0.0000000000,0.0000000000,0.0000000000,0.0000000000,-0.3730582595,0.3549913168,-0.2910245061,0.9852034450,-0.1666169018,-0.0460638404,0.2976327538,0.6681843996,0.1753309220,-0.6591256857,
7021.809,0.1220740378,0.0000000000,0.9765923023,0.0675069466,0.0025635548,-1.0104068518,-0.1543015838,-0.0402844325,-0.4348277152,0.0026215762,0.0068096588,-0.0125226378,0.0321073607,0.0949586108,-0.9950719476,0.0051975362,0.0000000000,-0.2441480756,-0.5493331552,-0.5020905137,0.8314462900,-0.3400982618,-0.2768639326,0.4546037316,-0.3208105862,0.0535641313,0.1120829582,0.0770925283,0.5068637729,0.8026950359,0.2540068924,-0.1857248545,0.0000000000,-0.2441480756,-0.5493331552,-0.5020905137,0.8314462900,-0.3400982618,-0.2768639326,0.4546037316,-0.3208105862,0.0535641313,0.1120829582,0.0770925283,0.5068637729,0.8026950359,0.2540068924,-0.1857248545,0.0000000000,0.0000000000,0.0000000000,0.0000000000,0.0000000000,0.0000000000,-0.3730582595,0.3564561903,-0.3125095367,0.9852032661,-0.1666173041,-0.0460640788,0.2976922393,0.6681684852,0.1753908396,-0.6590989232,
7021.822,0.1220740378,0.0000000000,0.9765923023,0.0678731650,0.0018311106,-1.0113834143,-0.1545457393,-0.0417493209,-0.4409314394,0.0029781461,0.0060792854,-0.0134998560,0.0321121924,0.0949359238,-0.9950739145,0.0051982952,0.0000000000,-0.3662221134,-0.4272591472,-0.5030671358,0.8333994746,-0.3424176872,-0.2778405249,0.4527726173,-0.3270363510,0.0523539186,0.1136003137,0.0743319988,0.5067578554,0.8031003475,0.2522852123,-0.1866055876,0.0000000000,-0.3662221134,-0.4272591472,-0.5030671358,0.8333994746,-0.3424176872,-0.2778405249,0.4527726173,-0.3270363510,0.0523539186,0.1136003137,0.0743319988,0.5067578554,0.8031003475,0.2522852123,-0.1866055876,0.0000000000,0.0000000000,0.0000000000,0.0000000000,0.0000000000,0.0000000000,-0.3713492155,0.3545030057,-0.3125095367,0.9852031469,-0.1666177958,-0.0460644960,0.2977470458,0.6681538820,0.1754459888,-0.6590743065,
7021.835,0.1220740378,0.0000000000,0.9765923023,0.0668965727,0.0029297769,-1.0101627111,-0.1551561058,-0.0412610248,-0.4362926185,0.0019963384,0.0071745734,-0.0122794509,0.0321151055,0.0949064717,-0.9950766563,0.0051959106,0.0610370189,0.1831110567,-0.4272591472,-0.4968413413,0.8323007822,-0.3429059684,-0.2810144424,0.4536271393,-0.3189794719,0.0582868755,0.1120619178,0.0734744966,0.5066437125,0.8035032153,0.2506314218,-0.1874084175,0.0610370189,0.1831110567,-0.4272591472,-0.4968413413,0.8323007822,-0.3429059684,-0.2810144424,0.4536271393,-0.3189794719,0.0582868755,0.1120619178,0.0734744966,0.5066437125,0.8035032153,0.2506314218,-0.1874084175,0.0000000000,0.0000000000,0.0000000000,0.0000000000,0.0000000000,0.0000000000,-0.3740348518,0.3588976860,-0.2929776907,0.9852032065,-0.1666183174,-0.0460650325,0.2978617251,0.6681233644,0.1755618155,-0.6590226889,
7021.848,0.1831110567,0.0000000000,0.9155552983,0.0671407208,0.0040284432,-1.0105289221,-0.1528366953,-0.0422376171,-0.4387340844,0.0022341684,0.0082743987,-0.0126460791,0.0321182236,0.0949015021,-0.9950770140,0.0051966286,0.0000000000,0.3051851094,-0.6103702188,-0.4924466610,0.8303475976,-0.3397320509,-0.2779625952,0.4526505470,-0.3170262873,0.0623950958,0.1096741557,0.0762781501,0.5065370798,0.8038889170,0.2490199655,-0.1881889552,0.0000000000,0.3051851094,-0.6103702188,-0.4924466610,0.8303475976,-0.3397320509,-0.2779625952,0.4526505470,-0.3170262873,0.0623950958,0.1096741557,0.0762781501,0.5065370798,0.8038889170,0.2490199655,-0.1881889552,0.0000000000,0.0000000000,0.0000000000,0.0000000000,0.0000000000,0.0000000000,-0.3745231628,0.3549913168,-0.3125095367,0.9852029681,-0.1666187346,-0.0460652113,0.2979151309,0.6681090593,0.1756155938,-0.6589986086,
7021.861,0.1220740378,0.0000000000,0.9765923023,0.0662862062,0.0030518509,-1.0104068518,-0.1538132876,-0.0428479873,-0.4350718856,0.0013775826,0.0072938423,-0.0125241280,0.0321194679,0.0948970169,-0.9950774312,0.0051946081,0.0000000000,0.0610370189,-0.8545182943,-0.4922025204,0.8305917382,-0.3376567960,-0.2744224370,0.4514297843,-0.3194677532,0.0624033213,0.1095051169,0.0779522359,0.5064310431,0.8042632937,0.2474033087,-0.1890054941,0.0000000000,0.0610370189,-0.8545182943,-0.4922025204,0.8305917382,-0.3376567960,-0.2744224370,0.4514297843,-0.3194677532,0.0624033213,0.1095051169,0.0779522359,0.5064310431,0.8042632937,0.2474033087,-0.1890054941,0.0000000000,0.0000000000,0.0000000000,0.0000000000,0.0000000000,0.0000000000,-0.3725699782,0.3569445014,-0.2910245061,0.9852027893,-0.1666191965,-0.0460654497,0.2980295420,0.6680784822,0.1757311672,-0.6589469910,
7021.874,0.1220740378,0.0000000000,0.9765923023,0.0689718351,0.0015869625,-1.0105289221,-0.1558885425,-0.0445570238,-0.4339731932,0.0040479898,0.0058322502,-0.0126472116,0.0321268402,0.0949086994,-0.9950760603,0.0051973518,-0.1831110567,-0.5493331552,-0.8545182943,-0.5018463731,0.8341318965,-0.3398541212,-0.2753990293,0.4554582238,-0.3197118938,0.0525943041,0.1126388311,0.0752696991,0.5063528419,0.8046033978,0.2458017319,-0.1898549497,-0.1831110567,-0.5493331552,-0.8545182943,-0.5018463731,0.8341318965,-0.3398541212,-0.2753990293,0.4554582238,-0.3197118938,0.0525943041,0.1126388311,0.0752696991,0.5063528419,0.8046033978,0.2458017319,-0.1898549497,0.0000000000,0.0000000000,0.0000000000,0.0000000000,0.0000000000,0.0000000000,-0.3750114441,0.3554795980,-0.3125095367,0.9852028489,-0.1666197032,-0.0460660458,0.2980832458,0.6680641770,0.1757851988,-0.6589229107,
7021.887,0.1831110567,0.0000000000,0.9765923023,0.0665303543,0.0013428144,-1.0102847815,-0.1567430645,-0.0446790978,-0.4386120141,0.0016032755,0.0056032203,-0.0124033093,0.0321276821,0.0949183404,-0.9950751662,0.0052053449,-0.3051851094,-0.6103702188,-0.7324442267,-0.5062410235,0.8341318965,-0.3436384201,-0.2749107480,0.4513077140,-0.3256935477,0.0480358005,0.1122293472,0.0709925294,0.5062560439,0.8049644828,0.2441125214,-0.1907599270,-0.3051851094,-0.6103702188,-0.7324442267,-0.5062410235,0.8341318965,-0.3436384201,-0.2749107480,0.4513077140,-0.3256935477,0.0480358005,0.1122293472,0.0709925294,0.5062560439,0.8049644828,0.2441125214,-0.1907599270,0.0000000000,0.0000000000,0.0000000000,0.0000000000,0.0000000000,0.0000000000,-0.3747673035,0.3559679091,-0.3105563521,0.9852027297,-0.1666201353,-0.0460664034,0.2981429398,0.6680482030,0.1758453250,-0.6588960290,
7021.900,0.1831110567,0.0000000000,0.9765923023,0.0666524246,0.0041505173,-1.0105289221,-0.1546678096,-0.0445570238,-0.4321421087,0.0017216206,0.0084120976,-0.0126477480,0.0321293995,0.0949342847,-0.9950734973,0.0052066222,-0.3051851094,-0.4272591472,-0.4882961512,-0.5085604191,0.8330332637,-0.3479110003,-0.2767418325,0.4554582238,-0.3208105862,0.0455147624,0.1107141376,0.0662639141,0.5061626434,0.8053150177,0.2424840033,-0.1916035861,-0.3051851094,-0.4272591472,-0.4882961512,-0.5085604191,0.8330332637,-0.3479110003,-0.2767418325,0.4554582238,-0.3208105862,0.0455147624,0.1107141376,0.0662639141,0.5061626434,0.8053150177,0.2424840033,-0.1916035861,0.0000000000,0.0000000000,0.0000000000,0.0000000000,0.0000000000,0.0000000000,-0.3720816672,0.3569445014,-0.2910245061,0.9852026105,-0.1666206568,-0.0460667610,0.2982565165,0.6680178642,0.1759600490,-0.6588447690,
7021.913,0.1831110567,0.0000000000,0.9765923023,0.0673848689,0.0029297769,-1.0107730627,-0.1541795135,-0.0457777642,-0.4423963130,0.0024468377,0.0071985610,-0.0128923655,0.0321325026,0.0949646905,-0.9950704575,0.0052115358,-0.1831110567,0.3051851094,-0.4272591472,-0.5025787950,0.8309579492,-0.3459578156,-0.2797937095,0.4564348161,-0.3231299818,0.0512195826,0.1082156897,0.0678493083,0.5060390830,0.8056923747,0.2408459187,-0.1924080998,-0.1831110567,0.3051851094,-0.4272591472,-0.5025787950,0.8309579492,-0.3459578156,-0.2797937095,0.4564348161,-0.3231299818,0.0512195826,0.1082156897,0.0678493083,0.5060390830,0.8056923747,0.2408459187,-0.1924080998,0.0000000000,0.0000000000,0.0000000000,0.0000000000,0.0000000000,0.0000000000,-0.3747673035,0.3549913168,-0.3105563521,0.9852025509,-0.1666211039,-0.0460671186,0.2983126342,0.6680028439,0.1760165542,-0.6588194966,
7021.926,0.1831110567,0.0000000000,0.9765923023,0.0657979101,0.0041505173,-1.0102847815,-0.1560106277,-0.0455336161,-0.4399548471,0.0008603260,0.0084204301,-0.0124040842,0.0321321078,0.0949868932,-0.9950683713,0.0052127936,-0.1220740378,0.5493331552,-0.4272591472,-0.4992828071,0.8313242197,-0.3403424323,-0.2764976919,0.4554582238,-0.3204443455,0.0542157590,0.1081489325,0.0731092393,0.5059230924,0.8060585856,0.2392461300,-0.1931734681,-0.1220740378,0.5493331552,-0.4272591472,-0.4992828071,0.8313242197,-0.3403424323,-0.2764976919,0.4554582238,-0.3204443455,0.0542157590,0.1081489325,0.0731092393,0.5059230924,0.8060585856,0.2392461300,-0.1931734681,0.0000000000,0.0000000000,0.0000000000,0.0000000000,0.0000000000,0.0000000000,-0.3737907112,0.3559679091,-0.3086031675,0.9852024913,-0.1666215509,-0.0460675955,0.2983765900,0.6679857373,0.1760810018,-0.6587907076,
7021.939,0.1220740378,0.0000000000,0.9765923023,0.0666524246,0.0035401471,-1.0112613440,-0.1539353579,-0.0437025055,-0.4355601668,0.0017114058,0.0078035840,-0.0133808255,0.0321341008,0.0949924812,-0.9950677752,0.0052099130,-0.0610370189,0.4882961512,-0.4272591472,-0.4970854819,0.8309579492,-0.3365581334,-0.2812585831,0.4535050392,-0.3175145686,0.0561157167,0.1073462963,0.0765281320,0.5058014989,0.8064294457,0.2376089394,-0.1939631999,-0.0610370189,0.4882961512,-0.4272591472,-0.4970854819,0.8309579492,-0.3365581334,-0.2812585831,0.4535050392,-0.3175145686,0.0561157167,0.1073462963,0.0765281320,0.5058014989,0.8064294457,0.2376089394,-0.1939631999,0.0000000000,0.0000000000,0.0000000000,0.0000000000,0.0000000000,0.0000000000,-0.3733024001,0.3545030057,-0.3105563521,0.9852021933,-0.1666219831,-0.0460677147,0.2984315753,0.6679709554,0.1761363745,-0.6587658525,
7021.952,0.1220740378,0.0000000000,0.9155552983,0.0661641285,0.0023194067,-1.0102847815,-0.1541795135,-0.0407727286,-0.4369029701,0.0012217239,0.0065817223,-0.0124043226,0.0321349911,0.0949640721,-0.9950704575,0.0052085030,0.0000000000,-0.1220740378,-0.5493331552,-0.4974516928,0.8335215449,-0.3341166377,-0.2763756216,0.4547258019,-0.3205664158,0.0555121601,0.1094839573,0.0785411000,0.5056955218,0.8067773581,0.2359714210,-0.1947900951,0.0000000000,-0.1220740378,-0.5493331552,-0.4974516928,0.8335215449,-0.3341166377,-0.2763756216,0.4547258019,-0.3205664158,0.0555121601,0.1094839573,0.0785411000,0.5056955218,0.8067773581,0.2359714210,-0.1947900951,0.0000000000,0.0000000000,0.0000000000,0.0000000000,0.0000000000,0.0000000000,-0.3713492155,0.3574327826,-0.3125095367,0.9852023125,-0.1666224748,-0.0460683703,0.2984907925,0.6679551601,0.1761959940,-0.6587392688,
7021.965,0.1220740378,0.0000000000,0.9765923023,0.0677510947,0.0018311106,-1.0105289221,-0.1552781761,-0.0474868007,-0.4362926185,0.0027996376,0.0060954206,-0.0126490593,0.0321391486,0.0950141102,-0.9950655103,0.0052115438,-0.1220740378,-0.4882961512,-0.4882961512,-0.5031892061,0.8340098262,-0.3381450772,-0.2795495391,0.4515518546,-0.3176366389,0.0495721102,0.1095519662,0.0740462244,0.5055881143,0.8071225286,0.2342907190,-0.1956655234,-0.1220740378,-0.4882961512,-0.4882961512,-0.5031892061,0.8340098262,-0.3381450772,-0.2795495391,0.4515518546,-0.3176366389,0.0495721102,0.1095519662,0.0740462244,0.5055881143,0.8071225286,0.2342907190,-0.1956655234,0.0000000000,0.0000000000,0.0000000000,0.0000000000,0.0000000000,0.0000000000,-0.3723258078,0.3579210937,-0.3086031675,0.9852021337,-0.1666228622,-0.0460685492,0.2985600531,0.6679365039,0.1762658507,-0.6587079763,
7021.978,0.1220740378,0.0000000000,0.9765923023,0.0667745024,0.0017090365,-1.0107730627,-0.1538132876,-0.0438245796,-0.4375133514,0.0018189251,0.0059759356,-0.0128934979,0.0321410447,0.0950208902,-0.9950647950,0.0052132485,-0.1831110567,-0.5493331552,-0.3662221134,-0.5041657686,0.8333994746,-0.3452253938,-0.2767418325,0.4557023942,-0.3247169554,0.0483801961,0.1085219979,0.0665171742,0.5054732561,0.8074697852,0.2326095402,-0.1965337545,-0.1831110567,-0.5493331552,-0.3662221134,-0.5041657686,0.8333994746,-0.3452253938,-0.2767418325,0.4557023942,-0.3247169554,0.0483801961,0.1085219979,0.0665171742,0.5054732561,0.8074697852,0.2326095402,-0.1965337545,0.0000000000,0.0000000000,0.0000000000,0.0000000000,0.0000000000,0.0000000000,-0.3713492155,0.3588976860,-0.3066499829,0.9852021337,-0.1666233838,-0.0460691452,0.2986371517,0.6679158807,0.1763436049,-0.6586732268,
7021.991,0.1831110567,0.0000000000,0.9765923023,0.0662862062,0.0025635548,-1.0107730627,-0.1517380327,-0.0421155430,-0.4339731932,0.0013289228,0.0068394430,-0.0128936172,0.0321415104,0.0950125307,-0.9950655699,0.0052175359,-0.2441480756,0.0000000000,-0.2441480756,-0.5044099092,0.8302255273,-0.3496200442,-0.2785729468,0.4560686052,-0.3281350136,0.0478683710,0.1049286127,0.0617428422,0.5053317547,0.8078382611,0.2309157401,-0.1973787397,-0.2441480756,0.0000000000,-0.2441480756,-0.5044099092,0.8302255273,-0.3496200442,-0.2785729468,0.4560686052,-0.3281350136,0.0478683710,0.1049286127,0.0617428422,0.5053317547,0.8078382611,0.2309157401,-0.1973787397,0.0000000000,0.0000000000,0.0000000000,0.0000000000,0.0000000000,0.0000000000,-0.3740348518,0.3559679091,-0.3086031675,0.9852019548,-0.1666238308,-0.0460694432,0.2986993194,0.6678991914,0.1764062494,-0.6586451530,
7022.004,0.1220740378,0.0610370189,0.9765923023,0.0668965727,0.0036622211,-1.0095522404,-0.1543015838,-0.0458998382,-0.4331187010,0.0019235387,0.0079309745,-0.0116738677,0.0321495198,0.0950458869,-0.9950622320,0.0052158106,-0.3051851094,0.1831110567,-0.3051851094,-0.5019684434,0.8297372460,-0.3465681970,-0.2788171172,0.4515518546,-0.3209326565,0.0500333905,0.1040155292,0.0644168258,0.5051944852,0.8081989288,0.2292388678,-0.1982070357,-0.3051851094,0.1831110567,-0.3051851094,-0.5019684434,0.8297372460,-0.3465681970,-0.2788171172,0.4515518546,-0.3209326565,0.0500333905,0.1040155292,0.0644168258,0.5051944852,0.8081989288,0.2292388678,-0.1982070357,0.0000000000,0.0000000000,0.0000000000,0.0000000000,0.0000000000,0.0000000000,-0.3737907112,0.3559679091,-0.3086031675,0.9852017164,-0.1666242331,-0.0460696816,0.2987612784,0.6678825021,0.1764687002,-0.6586171389,
7022.017,0.1220740378,0.0000000000,0.9765923023,0.0670186505,0.0030518509,-1.0106509924,-0.1543015838,-0.0443128757,-0.4350718856,0.0020403787,0.0073165414,-0.0127729177,0.0321522653,0.0950580388,-0.9950609207,0.0052144309,-0.3051851094,0.1220740378,-0.3051851094,-0.4995269775,0.8297372460,-0.3422956169,-0.2779625952,0.4552140832,-0.3186132312,0.0521994829,0.1035811901,0.0682919025,0.5050789714,0.8085346222,0.2276157290,-0.1990011632,-0.3051851094,0.1220740378,-0.3051851094,-0.4995269775,0.8297372460,-0.3422956169,-0.2779625952,0.4552140832,-0.3186132312,0.0521994829,0.1035811901,0.0682919025,0.5050789714,0.8085346222,0.2276157290,-0.1990011632,0.0000000000,0.0000000000,0.0000000000,0.0000000000,0.0000000000,0.0000000000,-0.3730582595,0.3569445014,-0.3105563521,0.9852016568,-0.1666247100,-0.0460700393,0.2988212705,0.6678664088,0.1765291244,-0.6585900784,
7022.030,0.1220740378,0.0000000000,0.9155552983,0.0661641285,0.0009765923,-1.0107730627,-0.1544236541,-0.0427259132,-0.4347056448,0.0011848062,0.0052467985,-0.0128950477,0.0321525410,0.0950544477,-0.9950613379,0.0052171107,-0.4272591472,-0.1831110567,-0.3051851094,-0.5006256104,0.8316904306,-0.3394879103,-0.2779625952,0.4557023942,-0.3198339939,0.0508518219,0.1050876379,0.0706440210,0.5049807429,0.8088541627,0.2259740680,-0.1998211592,-0.4272591472,-0.1831110567,-0.3051851094,-0.5006256104,0.8316904306,-0.3394879103,-0.2779625952,0.4557023942,-0.3198339939,0.0508518219,0.1050876379,0.0706440210,0.5049807429,0.8088541627,0.2259740680,-0.1998211592,0.0000000000,0.0000000000,0.0000000000,0.0000000000,0.0000000000,0.0000000000,-0.3733024001,0.3574327826,-0.3105563521,0.9852016568,-0.1666252017,-0.0460705161,0.2988821566,0.6678500772,0.1765904576,-0.6585626006,
7022.043,0.1220740378,-0.0610370189,0.9765923023,0.0676290169,0.0025635548,-1.0101627111,-0.1543015838,-0.0466322824,-0.4340952933,0.0026519597,0.0068320986,-0.0122845173,0.0321512744,0.0950967222,-0.9950571656,0.0052175419,-0.4882961512,-0.1831110567,-0.2441480756,-0.5020905137,0.8331553340,-0.3404645026,-0.2758873403,0.4571672678,-0.3236182630,0.0491328239,0.1061000824,0.0692072213,0.5048840046,0.8091698289,0.2243288904,-0.2006397247,-0.4882961512,-0.1831110567,-0.2441480756,-0.5020905137,0.8331553340,-0.3404645026,-0.2758873403,0.4571672678,-0.3236182630,0.0491328239,0.1061000824,0.0692072213,0.5048840046,0.8091698289,0.2243288904,-0.2006397247,0.0000000000,0.0000000000,0.0000000000,0.0000000000,0.0000000000,0.0000000000,-0.3718375266,0.3540147245,-0.3105563521,0.9852016568,-0.1666256636,-0.0460709333,0.2989341319,0.6678361297,0.1766427606,-0.6585391760,
7022.056,0.1220740378,0.0000000000,0.9765923023,0.0673848689,0.0023194067,-1.0097965002,-0.1523483992,-0.0410168767,-0.4380016625,0.0024004802,0.0065874974,-0.0119188428,0.0321550854,0.0950705260,-0.9950596690,0.0052168192,-0.4882961512,0.0000000000,-0.2441480756,-0.5007476807,0.8326669931,-0.3438825607,-0.2766197622,0.4583880007,-0.3252052367,0.0502022505,0.1051654220,0.0653646290,0.5047731400,0.8094924092,0.2226860821,-0.2014460117,-0.4882961512,0.0000000000,-0.2441480756,-0.5007476807,0.8326669931,-0.3438825607,-0.2766197622,0.4583880007,-0.3252052367,0.0502022505,0.1051654220,0.0653646290,0.5047731400,0.8094924092,0.2226860821,-0.2014460117,0.0000000000,0.0000000000,0.0000000000,0.0000000000,0.0000000000,0.0000000000,-0.3720816672,0.3574327826,-0.3086031675,0.9852015376,-0.1666261405,-0.0460713506,0.2989999950,0.6678184271,0.1767091453,-0.6585094333,
7022.069,0.1220740378,0.0000000000,0.9765923023,0.0672627985,0.0028077029,-1.0102847815,-0.1557664722,-0.0428479873,-0.4371471405,0.0022718981,0.0070729363,-0.0124075413,0.0321585312,0.0950587764,-0.9950606227,0.0052153277,-0.4882961512,0.6103702188,-0.4272591472,-0.4985503852,0.8301034570,-0.3419293761,-0.2768639326,0.4577776492,-0.3227637708,0.0521055162,0.1021729112,0.0669507384,0.5046489239,0.8098157644,0.2210924327,-0.2022113055,-0.4882961512,0.6103702188,-0.4272591472,-0.4985503852,0.8301034570,-0.3419293761,-0.2768639326,0.4577776492,-0.3227637708,0.0521055162,0.1021729112,0.0669507384,0.5046489239,0.8098157644,0.2210924327,-0.2022113055,0.0000000000,0.0000000000,0.0000000000,0.0000000000,0.0000000000,0.0000000000,-0.3725699782,0.3598742783,-0.2929776907,0.9852014780,-0.1666266471,-0.0460716486,0.2991118431,0.6677883863,0.1768221557,-0.6584587693,
7022.082,0.1220740378,0.0000000000,0.9765923023,0.0666524246,0.0034180731,-1.0111392736,-0.1572313607,-0.0439466536,-0.4329966009,0.0016583055,0.0076774633,-0.0132622123,0.0321604162,0.0950580537,-0.9950607419,0.0052125477,-0.5493331552,0.5493331552,-0.5493331552,-0.4959868193,0.8281502724,-0.3392437398,-0.2780846655,0.4580217898,-0.3248390257,0.0543931723,0.0997946262,0.0692506731,0.5045237541,0.8101348877,0.2194812596,-0.2029989213,-0.5493331552,0.5493331552,-0.5493331552,-0.4959868193,0.8281502724,-0.3392437398,-0.2780846655,0.4580217898,-0.3248390257,0.0543931723,0.0997946262,0.0692506731,0.5045237541,0.8101348877,0.2194812596,-0.2029989213,0.0000000000,0.0000000000,0.0000000000,0.0000000000,0.0000000000,0.0000000000,-0.3728141189,0.3603625596,-0.3125095367,0.9852013588,-0.1666270643,-0.0460720658,0.2991747558,0.6677714586,0.1768855751,-0.6584303379,
7022.095,0.1220740378,0.0000000000,0.9765923023,0.0677510947,0.0030518509,-1.0099185705,-0.1558885425,-0.0457777642,-0.4405651987,0.0027479976,0.0073072175,-0.0120420456,0.0321649574,0.0950828195,-0.9950580597,0.0052117743,-0.6103702188,0.1831110567,-0.6103702188,-0.4962309599,0.8285164833,-0.3361918926,-0.2761314809,0.4531388283,-0.3186132312,0.0539115667,0.0997344255,0.0718621016,0.5044153929,0.8104335070,0.2178711742,-0.2038090378,-0.6103702188,0.1831110567,-0.6103702188,-0.4962309599,0.8285164833,-0.3361918926,-0.2761314809,0.4531388283,-0.3186132312,0.0539115667,0.0997344255,0.0718621016,0.5044153929,0.8104335070,0.2178711742,-0.2038090378,0.0000000000,0.0000000000,0.0000000000,0.0000000000,0.0000000000,0.0000000000,-0.3715933859,0.3559679091,-0.3105563521,0.9852011204,-0.1666275114,-0.0460722446,0.2992307842,0.6677563190,0.1769420058,-0.6584049463,
7022.108,0.1220740378,0.0000000000,0.9765923023,0.0682393909,0.0026856288,-1.0115054846,-0.1566209942,-0.0451673940,-0.4383678734,0.0032254383,0.0069388254,-0.0136296749,0.0321703851,0.0950980261,-0.9950565696,0.0052117021,-0.6103702188,-0.5493331552,-0.6714072227,-0.5007476807,0.8299813867,-0.3360698223,-0.2761314809,0.4575335085,-0.3186132312,0.0492317080,0.1007878780,0.0714688301,0.5043286085,0.8107005358,0.2162805945,-0.2046541274,-0.6103702188,-0.5493331552,-0.6714072227,-0.5007476807,0.8299813867,-0.3360698223,-0.2761314809,0.4575335085,-0.3186132312,0.0492317080,0.1007878780,0.0714688301,0.5043286085,0.8107005358,0.2162805945,-0.2046541274,0.0000000000,0.0000000000,0.0000000000,0.0000000000,0.0000000000,0.0000000000,-0.3715933859,0.3564561903,-0.3125095367,0.9852010012,-0.1666279584,-0.0460726023,0.2992830873,0.6677422523,0.1769946665,-0.6583812833,
7022.121,0.1220740378,0.0000000000,0.9155552983,0.0661641285,0.0012207404,-1.0111392736,-0.1546678096,-0.0480971709,-0.4395886064,0.0011494532,0.0054783146,-0.0132635236,0.0321702100,0.0951614752,-0.9950504303,0.0052159685,-0.5493331552,-0.5493331552,-0.6714072227,-0.5027008653,0.8326669931,-0.3399761915,-0.2802819908,0.4582659304,-0.3143406510,0.0471143723,0.1030739546,0.0670688152,0.5042323470,0.8109678030,0.2147019804,-0.2054926753,-0.5493331552,-0.5493331552,-0.6714072227,-0.5027008653,0.8326669931,-0.3399761915,-0.2802819908,0.4582659304,-0.3143406510,0.0471143723,0.1030739546,0.0670688152,0.5042323470,0.8109678030,0.2147019804,-0.2054926753,0.0000000000,0.0000000000,0.0000000000,0.0000000000,0.0000000000,0.0000000000,-0.3718375266,0.3569445014,-0.3066499829,0.9852010012,-0.1666284502,-0.0460730195,0.2993508577,0.6677240133,0.1770629883,-0.6583506465,
7022.134,0.1220740378,-0.0610370189,0.9765923023,0.0668965727,0.0023194067,-1.0115054846,-0.1571092904,-0.0478530228,-0.4356822371,0.0018883497,0.0065766084,-0.0136293173,0.0321667567,0.0952095613,-0.9950459599,0.0052170292,-0.4272591472,-0.2441480756,-0.6103702188,-0.5041657686,0.8349864483,-0.3400982618,-0.2775963545,0.4593645930,-0.3167821169,0.0454577208,0.1049976945,0.0664964914,0.5041242242,0.8112409115,0.2131408006,-0.2063040882,-0.4272591472,-0.2441480756,-0.6103702188,-0.5041657686,0.8349864483,-0.3400982618,-0.2775963545,0.4593645930,-0.3167821169,0.0454577208,0.1049976945,0.0664964914,0.5041242242,0.8112409115,0.2131408006,-0.2063040882,0.0000000000,0.0000000000,0.0000000000,0.0000000000,0.0000000000,0.0000000000,-0.3742789924,0.3564561903,-0.3105563521,0.9852010012,-0.1666289270,-0.0460735559,0.2994058430,0.6677092314,0.1771183461,-0.6583258510,
7022.147,0.1220740378,-0.0610370189,0.9765923023,0.0682393909,0.0031739250,-1.0116275549,-0.1555223316,-0.0450453199,-0.4399548471,0.0032310337,0.0074265408,-0.0137513876,0.0321669579,0.0952254981,-0.9950444102,0.0052152672,-0.1831110567,0.4272591472,-0.7934812307,-0.4974516928,0.8340098262,-0.3357036114,-0.2771080732,0.4552140832,-0.3198339939,0.0519388020,0.1036434174,0.0705276430,0.5039727092,0.8115462065,0.2115458399,-0.2071131766,-0.1831110567,0.4272591472,-0.7934812307,-0.4974516928,0.8340098262,-0.3357036114,-0.2771080732,0.4552140832,-0.3198339939,0.0519388020,0.1036434174,0.0705276430,0.5039727092,0.8115462065,0.2115458399,-0.2071131766,0.0000000000,0.0000000000,0.0000000000,0.0000000000,0.0000000000,0.0000000000,-0.3742789924,0.3505966365,-0.2910245061,0.9852008224,-0.1666293591,-0.0460737944,0.2994939387,0.6676854491,0.1772073060,-0.6582858562,
7022.160,0.1220740378,-0.0610370189,0.9765923023,0.0682393909,0.0031739250,-1.0107730627,-0.1572313607,-0.0456556901,-0.4373912811,0.0032306239,0.0074219657,-0.0128968954,0.0321672820,0.0952446833,-0.9950425625,0.0052136290,-0.1220740378,0.3051851094,-0.9155552983,-0.4962309599,0.8312021494,-0.3333841860,-0.2734458447,0.4569231272,-0.3184911609,0.0529547334,0.1004750729,0.0724756718,0.5038307309,0.8118311167,0.2100085020,-0.2079054415,-0.1220740378,0.3051851094,-0.9155552983,-0.4962309599,0.8312021494,-0.3333841860,-0.2734458447,0.4569231272,-0.3184911609,0.0529547334,0.1004750729,0.0724756718,0.5038307309,0.8118311167,0.2100085020,-0.2079054415,0.0000000000,0.0000000000,0.0000000000,0.0000000000,0.0000000000,0.0000000000,-0.3737907112,0.3535264134,-0.3066499829,0.9852006435,-0.1666298360,-0.0460740924,0.2995500267,0.6676703095,0.1772637814,-0.6582604647,
7022.173,0.1220740378,-0.0610370189,0.9765923023,0.0679952428,0.0020752586,-1.0104068518,-0.1586962491,-0.0445570238,-0.4351939559,0.0029871389,0.0063241674,-0.0125306249,0.0321669020,0.0952459946,-0.9950424433,0.0052140718,-0.1220740378,0.0000000000,-0.9765923023,-0.5008697510,0.8287606239,-0.3336283565,-0.2749107480,0.4548478723,-0.3176366389,0.0481617451,0.0976959467,0.0718320608,0.5036804080,0.8121113181,0.2084435821,-0.2087482512,-0.1220740378,0.0000000000,-0.9765923023,-0.5008697510,0.8287606239,-0.3336283565,-0.2749107480,0.4548478723,-0.3176366389,0.0481617451,0.0976959467,0.0718320608,0.5036804080,0.8121113181,0.2084435821,-0.2087482512,0.0000000000,0.0000000000,0.0000000000,0.0000000000,0.0000000000,0.0000000000,-0.3747673035,0.3535264134,-0.3066499829,0.9852006435,-0.1666302979,-0.0460745692,0.2996052504,0.6676554084,0.1773193926,-0.6582354903,
7022.186,0.1220740378,-0.0610370189,0.9765923023,0.0671407208,0.0024414808,-1.0099185705,-0.1580858827,-0.0493179113,-0.4327524602,0.0021373183,0.0066894405,-0.0120420456,0.0321642682,0.0953098536,-0.9950364232,0.0052154385,-0.1220740378,-0.5493331552,-0.9765923023,-0.5045319796,0.8281502724,-0.3391216695,-0.2763756216,0.4559465349,-0.3203222752,0.0443934202,0.0967676044,0.0659088790,0.5035207272,0.8123888969,0.2068402022,-0.2096463740,-0.1220740378,-0.5493331552,-0.9765923023,-0.5045319796,0.8281502724,-0.3391216695,-0.2763756216,0.4559465349,-0.3203222752,0.0443934202,0.0967676044,0.0659088790,0.5035207272,0.8123888969,0.2068402022,-0.2096463740,0.0000000000,0.0000000000,0.0000000000,0.0000000000,0.0000000000,0.0000000000,-0.3740348518,0.3574327826,-0.3066499829,0.9852005243,-0.1666307449,-0.0460749269,0.2996714711,0.6676375270,0.1773861498,-0.6582055092,
7022.199,0.1220740378,0.0000000000,0.9765923023,0.0682393909,0.0020752586,-1.0102847815,-0.1543015838,-0.0452894680,-0.4347056448,0.0032247528,0.0063240854,-0.0124089718,0.0321697034,0.0953334123,-0.9950339794,0.0052171694,-0.0610370189,-0.4882961512,-0.9765923023,-0.5067293048,0.8310800791,-0.3405865729,-0.2779625952,0.4553361535,-0.3149510324,0.0420872569,0.0993868113,0.0640305281,0.5033584833,0.8126615882,0.2052630931,-0.2105271965,-0.0610370189,-0.4882961512,-0.9765923023,-0.5067293048,0.8310800791,-0.3405865729,-0.2779625952,0.4553361535,-0.3149510324,0.0420872569,0.0993868113,0.0640305281,0.5033584833,0.8126615882,0.2052630931,-0.2105271965,0.0000000000,0.0000000000,0.0000000000,0.0000000000,0.0000000000,0.0000000000,-0.3750114441,0.3545030057,-0.3125095367,0.9852004051,-0.1666312069,-0.0460752845,0.2997141778,0.6676259637,0.1774290651,-0.6581861973,
7022.212,0.1220740378,-0.0610370189,0.9155552983,0.0682393909,0.0036622211,-1.0101627111,-0.1582079530,-0.0448011719,-0.4386120141,0.0032241195,0.0079033775,-0.0122869015,0.0321703330,0.0953433737,-0.9950330257,0.0052137026,0.0610370189,-0.2441480756,-0.9155552983,-0.5064851642,0.8324228525,-0.3404645026,-0.2752769589,0.4549699426,-0.3162938356,0.0421949029,0.1004202366,0.0637782812,0.5031849742,0.8129406571,0.2036960125,-0.2113847286,0.0610370189,-0.2441480756,-0.9155552983,-0.5064851642,0.8324228525,-0.3404645026,-0.2752769589,0.4549699426,-0.3162938356,0.0421949029,0.1004202366,0.0637782812,0.5031849742,0.8129406571,0.2036960125,-0.2113847286,0.0000000000,0.0000000000,0.0000000000,0.0000000000,0.0000000000,0.0000000000,-0.3735465705,0.3540147245,-0.3105563521,0.9852003455,-0.1666316688,-0.0460757017,0.2997609675,0.6676133275,0.1774761230,-0.6581650376,
7022.225,0.1220740378,0.0000000000,0.9765923023,0.0665303543,0.0029297769,-1.0102847815,-0.1575975865,-0.0432142094,-0.4327524602,0.0015123114,0.0071676113,-0.0124091506,0.0321719386,0.0953309163,-0.9950341582,0.0052117785,0.3051851094,0.1831110567,-0.7324442267,-0.5053865314,0.8326669931,-0.3364360631,-0.2821131051,0.4574114084,-0.3151951730,0.0431037545,0.1003473997,0.0674901605,0.5029898286,0.8132398129,0.2021072060,-0.2122218609,0.3051851094,0.1831110567,-0.7324442267,-0.5053865314,0.8326669931,-0.3364360631,-0.2821131051,0.4574114084,-0.3151951730,0.0431037545,0.1003473997,0.0674901605,0.5029898286,0.8132398129,0.2021072060,-0.2122218609,0.0000000000,0.0000000000,0.0000000000,0.0000000000,0.0000000000,0.0000000000,-0.3747673035,0.3545030057,-0.2910245061,0.9852002263,-0.1666321754,-0.0460760593,0.2998579741,0.6675871611,0.1775741130,-0.6581209898,
7022.238,0.1220740378,-0.0610370189,0.9765923023,0.0673848689,0.0023194067,-1.0104068518,-0.1573534310,-0.0458998382,-0.4389782548,0.0023705438,0.0065569556,-0.0125310421,0.0321699902,0.0953519195,-0.9950321913,0.0052121379,0.3662221134,0.1831110567,-0.6714072227,-0.5058748126,0.8310800791,-0.3365581334,-0.2771080732,0.4549699426,-0.3205664158,0.0424231887,0.0984479785,0.0670626462,0.5027808547,0.8135462403,0.2004899085,-0.2130751908,0.3662221134,0.1831110567,-0.6714072227,-0.5058748126,0.8310800791,-0.3365581334,-0.2771080732,0.4549699426,-0.3205664158,0.0424231887,0.0984479785,0.0670626462,0.5027808547,0.8135462403,0.2004899085,-0.2130751908,0.0000000000,0.0000000000,0.0000000000,0.0000000000,0.0000000000,0.0000000000,-0.3728141189,0.3525498211,-0.3125095367,0.9852001667,-0.1666326076,-0.0460764766,0.2998955846,0.6675769687,0.1776118726,-0.6581040025,
7022.251,0.1220740378,0.0000000000,1.0376293659,0.0671407208,0.0028077029,-1.0095522404,-0.1550340354,-0.0419934690,-0.4314096570,0.0021204278,0.0070432364,-0.0116767883,0.0321731977,0.0953260139,-0.9950345755,0.0052105822,0.4882961512,0.1831110567,-0.6103702188,-0.5058748126,0.8302255273,-0.3387554586,-0.2773522139,0.4553361535,-0.3219092488,0.0422232747,0.0972906351,0.0645872056,0.5025553703,0.8138605952,0.1988605857,-0.2139317095,0.4882961512,0.1831110567,-0.6103702188,-0.5058748126,0.8302255273,-0.3387554586,-0.2773522139,0.4553361535,-0.3219092488,0.0422232747,0.0972906351,0.0645872056,0.5025553703,0.8138605952,0.1988605857,-0.2139317095,0.0000000000,0.0000000000,0.0000000000,0.0000000000,0.0000000000,0.0000000000,-0.3735465705,0.3540147245,-0.2949308753,0.9851999283,-0.1666330695,-0.0460766554,0.2999809980,0.6675538421,0.1776981205,-0.6580651402,
7022.264,0.1220740378,0.0000000000,0.9765923023,0.0678731650,0.0024414808,-1.0104068518,-0.1543015838,-0.0461439863,-0.4360484779,0.0028435439,0.0066761379,-0.0125319362,0.0321777053,0.0953602567,-0.9950312376,0.0052116988,0.4272591472,0.2441480756,-0.7324442267,-0.5003814697,0.8276619911,-0.3402203321,-0.2797937095,0.4578997195,-0.3184911609,0.0475125313,0.0944288969,0.0628575981,0.5023337007,0.8141656518,0.1972727031,-0.2147600651,0.4272591472,0.2441480756,-0.7324442267,-0.5003814697,0.8276619911,-0.3402203321,-0.2797937095,0.4578997195,-0.3184911609,0.0475125313,0.0944288969,0.0628575981,0.5023337007,0.8141656518,0.1972727031,-0.2147600651,0.0000000000,0.0000000000,0.0000000000,0.0000000000,0.0000000000,0.0000000000,-0.3747673035,0.3525498211,-0.3066499829,0.9852000475,-0.1666335315,-0.0460773110,0.3000313640,0.6675402522,0.1777487844,-0.6580424309,
7022.277,0.1220740378,-0.0610370189,0.9765923023,0.0665303543,0.0020752586,-1.0102847815,-0.1557664722,-0.0463881344,-0.4345835745,0.0015086830,0.0063108536,-0.0124093890,0.0321735293,0.0953932628,-0.9950281382,0.0052128532,0.3662221134,0.1220740378,-0.7934812307,-0.4989165962,0.8257088065,-0.3394879103,-0.2786950171,0.4581438601,-0.3209326565,0.0487895310,0.0921801329,0.0633075833,0.5021134615,0.8144635558,0.1956786513,-0.2156022489,0.3662221134,0.1220740378,-0.7934812307,-0.4989165962,0.8257088065,-0.3394879103,-0.2786950171,0.4581438601,-0.3209326565,0.0487895310,0.0921801329,0.0633075833,0.5021134615,0.8144635558,0.1956786513,-0.2156022489,0.0000000000,0.0000000000,0.0000000000,0.0000000000,0.0000000000,0.0000000000,-0.3723258078,0.3535264134,-0.3066499829,0.9851996899,-0.1666339487,-0.0460773706,0.3000855446,0.6675254703,0.1778033674,-0.6580177546,
7022.290,0.1831110567,0.0000000000,0.9765923023,0.0677510947,0.0023194067,-1.0101627111,-0.1527146250,-0.0444349498,-0.4348277152,0.0027206317,0.0065653585,-0.0122879744,0.0321773253,0.0954103917,-0.9950263500,0.0052189846,0.3051851094,-0.0610370189,-0.9765923023,-0.4990386665,0.8263191581,-0.3396099806,-0.2779625952,0.4559465349,-0.3265480399,0.0485160649,0.0925087929,0.0628786385,0.5018814206,0.8147618175,0.1940384656,-0.2164964676,0.3051851094,-0.0610370189,-0.9765923023,-0.4990386665,0.8263191581,-0.3396099806,-0.2779625952,0.4559465349,-0.3265480399,0.0485160649,0.0925087929,0.0628786385,0.5018814206,0.8147618175,0.1940384656,-0.2164964676,0.0000000000,0.0000000000,0.0000000000,0.0000000000,0.0000000000,0.0000000000,-0.3713492155,0.3501083553,-0.3066499829,0.9852001071,-0.1666345000,-0.0460782647,0.3001305759,0.6675134897,0.1778486222,-0.6579975486,
7022.303,0.1220740378,0.0000000000,0.9765923023,0.0665303543,0.0023194067,-1.0106509924,-0.1534470618,-0.0429700613,-0.4360484779,0.0014973208,0.0065650376,-0.0127763748,0.0321786478,0.0954055712,-0.9950267673,0.0052187918,0.2441480756,-0.2441480756,-1.0986663103,-0.5039216280,0.8291268945,-0.3393658400,-0.2773522139,0.4550920129,-0.3219092488,0.0435233712,0.0950484276,0.0627832413,0.5016611218,0.8150387406,0.1924313009,-0.2173972577,0.2441480756,-0.2441480756,-1.0986663103,-0.5039216280,0.8291268945,-0.3393658400,-0.2773522139,0.4550920129,-0.3219092488,0.0435233712,0.0950484276,0.0627832413,0.5016611218,0.8150387406,0.1924313009,-0.2173972577,0.0000000000,0.0000000000,0.0000000000,0.0000000000,0.0000000000,0.0000000000,-0.3725699782,0.3525498211,-0.3125095367,0.9851996303,-0.1666348726,-0.0460782647,0.3001669049,0.6675034761,0.1778851151,-0.6579809785,
7022.316,0.1220740378,0.0000000000,0.9765923023,0.0675069466,0.0014648885,-1.0102847815,-0.1516159624,-0.0423596911,-0.4309213459,0.0024664328,0.0057144174,-0.0124107003,0.0321822204,0.0953993872,-0.9950271845,0.0052208910,0.2441480756,-0.3051851094,-1.0986663103,-0.5042878389,0.8292489648,-0.3392437398,-0.2773522139,0.4561906755,-0.3214209378,0.0430533886,0.0949043036,0.0625606477,0.5014436245,0.8153077364,0.1908372790,-0.2182935923,0.2441480756,-0.3051851094,-1.0986663103,-0.5042878389,0.8292489648,-0.3392437398,-0.2773522139,0.4561906755,-0.3214209378,0.0430533886,0.0949043036,0.0625606477,0.5014436245,0.8153077364,0.1908372790,-0.2182935923,0.0000000000,0.0000000000,0.0000000000,0.0000000000,0.0000000000,0.0000000000,-0.3733024001,0.3525498211,-0.3125095367,0.9851995707,-0.1666352898,-0.0460786819,0.3002026677,0.6674937606,0.1779210120,-0.6579648256,
7022.329,0.1220740378,0.0000000000,0.9765923023,0.0675069466,0.0023194067,-1.0108951330,-0.1512497365,-0.0451673940,-0.4323862493,0.0024591759,0.0065686018,-0.0130215287,0.0321856849,0.0954310074,-0.9950241446,0.0052220942,0.2441480756,-0.2441480756,-1.0986663103,-0.5070955753,0.8315683603,-0.3405865729,-0.2794274688,0.4589983821,-0.3227637708,0.0401424766,0.0969626307,0.0608809292,0.5012222528,0.8155742288,0.1892505139,-0.2191860080,0.2441480756,-0.2441480756,-1.0986663103,-0.5070955753,0.8315683603,-0.3405865729,-0.2794274688,0.4589983821,-0.3227637708,0.0401424766,0.0969626307,0.0608809292,0.5012222528,0.8155742288,0.1892505139,-0.2191860080,0.0000000000,0.0000000000,0.0000000000,0.0000000000,0.0000000000,0.0000000000,-0.3718375266,0.3540147245,-0.3066499829,0.9851994514,-0.1666357368,-0.0460790396,0.3002576828,0.6674788594,0.1779764295,-0.6579398513,
7022.342,0.1220740378,-0.0610370189,0.9765923023,0.0670186505,0.0012207404,-1.0115054846,-0.1544236541,-0.0450453199,-0.4339731932,0.0019769222,0.0054750321,-0.0136314631,0.0321823321,0.0954505056,-0.9950222969,0.0052249744,0.2441480756,0.0000000000,-0.9765923023,-0.5083162785,0.8319345713,-0.3415631652,-0.2800378501,0.4564348161,-0.3231299818,0.0387890339,0.0970607996,0.0595948994,0.5009866357,0.8158522844,0.1876364201,-0.2200757712,0.2441480756,0.0000000000,-0.9765923023,-0.5083162785,0.8319345713,-0.3415631652,-0.2800378501,0.4564348161,-0.3231299818,0.0387890339,0.0970607996,0.0595948994,0.5009866357,0.8158522844,0.1876364201,-0.2200757712,0.0000000000,0.0000000000,0.0000000000,0.0000000000,0.0000000000,0.0000000000,-0.3747673035,0.3540147245,-0.3066499829,0.9851993918,-0.1666361988,-0.0460793376,0.3003107011,0.6674644947,0.1780298203,-0.6579157710,
7022.355,0.1220740378,0.0000000000,0.9765923023,0.0672627985,0.0024414808,-1.0111392736,-0.1549119502,-0.0461439863,-0.4337290525,0.0022151098,0.0066948156,-0.0132656693,0.0321851783,0.0954826847,-0.9950191379,0.0052258237,0.2441480756,0.0610370189,-0.8545182943,-0.5091708302,0.8297372460,-0.3409527838,-0.2823572457,0.4541154206,-0.3225196004,0.0377899408,0.0945904255,0.0599023998,0.5007390976,0.8161380887,0.1859831810,-0.2209813893,0.2441480756,0.0610370189,-0.8545182943,-0.5091708302,0.8297372460,-0.3409527838,-0.2823572457,0.4541154206,-0.3225196004,0.0377899408,0.0945904255,0.0599023998,0.5007390976,0.8161380887,0.1859831810,-0.2209813893,0.0000000000,0.0000000000,0.0000000000,0.0000000000,0.0000000000,0.0000000000,-0.3750114441,0.3525498211,-0.3105563521,0.9851992726,-0.1666366309,-0.0460797548,0.3003495336,0.6674539447,0.1780688316,-0.6578981876,
7022.368,0.1220740378,0.0000000000,0.9765923023,0.0667745024,0.0021973327,-1.0102847815,-0.1541795135,-0.0446790978,-0.4338511229,0.0017230138,0.0064509111,-0.0124114156,0.0321869813,0.0954980031,-0.9950175881,0.0052266228,0.2441480756,0.1831110567,-0.7934812307,-0.5096591115,0.8281502724,-0.3408307135,-0.2812585831,0.4577776492,-0.3209326565,0.0371458530,0.0927301645,0.0597356856,0.5005021095,0.8164111972,0.1843891293,-0.2218432873,0.2441480756,0.1831110567,-0.7934812307,-0.5096591115,0.8281502724,-0.3408307135,-0.2812585831,0.4577776492,-0.3209326565,0.0371458530,0.0927301645,0.0597356856,0.5005021095,0.8164111972,0.1843891293,-0.2218432873,0.0000000000,0.0000000000,0.0000000000,0.0000000000,0.0000000000,0.0000000000,-0.3730582595,0.3535264134,-0.3105563521,0.9851991534,-0.1666370928,-0.0460801721,0.3003920615,0.6674423814,0.1781115681,-0.6578789353,
7022.381,0.1220740378,-0.0610370189,0.9765923023,0.0664082766,0.0023194067,-1.0102847815,-0.1541795135,-0.0435804315,-0.4358043075,0.0013654307,0.0065726247,-0.0124108195,0.0321826860,0.0954985395,-0.9950177073,0.0052260463,0.3051851094,0.4272591472,-0.7324442267,-0.5073397160,0.8279061317,-0.3442488015,-0.2784508765,0.4530167580,-0.3238624334,0.0392742753,0.0922135711,0.0560779274,0.5002391934,0.8167043328,0.1827587634,-0.2227047086,0.3051851094,0.4272591472,-0.7324442267,-0.5073397160,0.8279061317,-0.3442488015,-0.2784508765,0.4530167580,-0.3238624334,0.0392742753,0.0922135711,0.0560779274,0.5002391934,0.8167043328,0.1827587634,-0.2227047086,0.0000000000,0.0000000000,0.0000000000,0.0000000000,0.0000000000,0.0000000000,-0.3747673035,0.3510849476,-0.3105563521,0.9851990938,-0.1666375548,-0.0460804701,0.3004265428,0.6674330235,0.1781461537,-0.6578633189,
7022.394,0.1220740378,-0.0610370189,0.9765923023,0.0666524246,0.0035401471,-1.0106509924,-0.1540574431,-0.0452894680,-0.4361705482,0.0016171187,0.0077869794,-0.0127764940,0.0321791172,0.0955215916,-0.9950155616,0.0052232519,0.3051851094,0.6103702188,-0.7324442267,-0.5044099092,0.8261970878,-0.3425397575,-0.2821131051,0.4550920129,-0.3259376884,0.0419955254,0.0902280211,0.0575634539,0.4999677241,0.8170024157,0.1811131537,-0.2235635817,0.3051851094,0.6103702188,-0.7324442267,-0.5044099092,0.8261970878,-0.3425397575,-0.2821131051,0.4550920129,-0.3259376884,0.0419955254,0.0902280211,0.0575634539,0.4999677241,0.8170024157,0.1811131537,-0.2235635817,0.0000000000,0.0000000000,0.0000000000,0.0000000000,0.0000000000,0.0000000000,-0.3730582595,0.3505966365,-0.3105563521,0.9851990938,-0.1666380316,-0.0460810661,0.3004605174,0.6674238443,0.1781802028,-0.6578480005,
7022.407,0.1220740378,-0.0610370189,0.9765923023,0.0661641285,0.0029297769,-1.0111392736,-0.1545457393,-0.0410168767,-0.4371471405,0.0011388659,0.0071732751,-0.0132641196,0.0321744494,0.0954874009,-0.9950190187,0.0052200044,0.3051851094,0.5493331552,-0.7934812307,-0.5014801621,0.8247321844,-0.3416852355,-0.2817468941,0.4559465349,-0.3256935477,0.0447228551,0.0884891748,0.0581904352,0.4996986687,0.8172929883,0.1794807762,-0.2244179249,0.3051851094,0.5493331552,-0.7934812307,-0.5014801621,0.8247321844,-0.3416852355,-0.2817468941,0.4559465349,-0.3256935477,0.0447228551,0.0884891748,0.0581904352,0.4996986687,0.8172929883,0.1794807762,-0.2244179249,0.0000000000,0.0000000000,0.0000000000,0.0000000000,0.0000000000,0.0000000000,-0.3728141189,0.3515732288,-0.3105563521,0.9851989150,-0.1666384637,-0.0460813046,0.3004971445,0.6674138308,0.1782169789,-0.6578313708,
7022.420,0.1220740378,0.0000000000,0.9155552983,0.0660420582,0.0029297769,-1.0100406408,-0.1864070594,-0.0451673940,-0.4282357395,0.0010163411,0.0071692467,-0.0121655464,0.0321751609,0.0954307467,-0.9950245619,0.0052161873,0.0000000000,0.0610370189,-0.9765923023,-0.5040436983,0.8281502724,-0.3376567960,-0.2810144424,0.4563127458,-0.3258156180,0.0420222282,0.0916233659,0.0618832707,0.4994654655,0.8175456524,0.1778551042,-0.2253091335,0.0000000000,0.0610370189,-0.9765923023,-0.5040436983,0.8281502724,-0.3376567960,-0.2810144424,0.4563127458,-0.3258156180,0.0420222282,0.0916233659,0.0618832707,0.4994654655,0.8175456524,0.1778551042,-0.2253091335,0.0000000000,0.0000000000,0.0000000000,0.0000000000,0.0000000000,0.0000000000,-0.3737907112,0.3505966365,-0.3086031675,0.9851989746,-0.1666389406,-0.0460817814,0.3005351424,0.6674035788,0.1782551259,-0.6578142047,
7022.433,0.1220740378,-0.0610370189,0.9765923023,0.0677510947,0.0026856288,-1.0107730627,-0.1562547684,-0.0428479873,-0.4310434163,0.0027274564,0.0069230013,-0.0128977895,0.0321742967,0.0954173952,-0.9950258136,0.0052146120,-0.1220740378,-0.3051851094,-0.9155552983,-0.5067293048,0.8296151757,-0.3354594707,-0.2769860029,0.4546037316,-0.3197118938,0.0392269492,0.0927910805,0.0636825562,0.4992654920,0.8177672029,0.1762699038,-0.2261922956,-0.1220740378,-0.3051851094,-0.9155552983,-0.5067293048,0.8296151757,-0.3354594707,-0.2769860029,0.4546037316,-0.3197118938,0.0392269492,0.0927910805,0.0636825562,0.4992654920,0.8177672029,0.1762699038,-0.2261922956,0.0000000000,0.0000000000,0.0000000000,0.0000000000,0.0000000000,0.0000000000,-0.3742789924,0.3501083553,-0.3125095367,0.9851986766,-0.1666393727,-0.0460819602,0.3005616367,0.6673963070,0.1782816201,-0.6578021646,
7022.446,0.1220740378,-0.0610370189,0.9765923023,0.0664082766,0.0014648885,-1.0113834143,-0.1558885425,-0.0462660603,-0.4322641790,0.0013934970,0.0057062069,-0.0135076046,0.0321695283,0.0954487175,-0.9950229526,0.0052171657,-0.1831110567,-0.5493331552,-0.8545182943,-0.5097811818,0.8290047646,-0.3377788663,-0.2773522139,0.4554582238,-0.3254493773,0.0360844731,0.0918862224,0.0609434843,0.4990579486,0.8179876208,0.1746446490,-0.2271122783,-0.1831110567,-0.5493331552,-0.8545182943,-0.5097811818,0.8290047646,-0.3377788663,-0.2773522139,0.4554582238,-0.3254493773,0.0360844731,0.0918862224,0.0609434843,0.4990579486,0.8179876208,0.1746446490,-0.2271122783,0.0000000000,0.0000000000,0.0000000000,0.0000000000,0.0000000000,0.0000000000,-0.3728141189,0.3559679091,-0.3105563521,0.9851986766,-0.1666398644,-0.0460823774,0.3006100059,0.6673831940,0.1783302873,-0.6577802300,
7022.459,0.1220740378,0.0000000000,0.9765923023,0.0655537620,0.0024414808,-1.0101627111,-0.1539353579,-0.0415051728,-0.4381237328,0.0005409792,0.0066818879,-0.0122867823,0.0321687125,0.0954227298,-0.9950254560,0.0052157762,-0.1220740378,-0.3662221134,-0.5493331552,-0.5144199729,0.8291268945,-0.3446150124,-0.2777184248,0.4548478723,-0.3237403631,0.0313128829,0.0917108655,0.0537393391,0.4988339245,0.8182215691,0.1730145216,-0.2280078232,-0.1220740378,-0.3662221134,-0.5493331552,-0.5144199729,0.8291268945,-0.3446150124,-0.2777184248,0.4548478723,-0.3237403631,0.0313128829,0.0917108655,0.0537393391,0.4988339245,0.8182215691,0.1730145216,-0.2280078232,0.0000000000,0.0000000000,0.0000000000,0.0000000000,0.0000000000,0.0000000000,-0.3730582595,0.3501083553,-0.3105563521,0.9851983786,-0.1666402668,-0.0460826159,0.3006416261,0.6673744917,0.1783619821,-0.6577658653,
7022.472,0.1220740378,0.0000000000,0.9765923023,0.0668965727,0.0024414808,-1.0108951330,-0.1528366953,-0.0443128757,-0.4275032878,0.0018794090,0.0066809910,-0.0130195022,0.0321708545,0.0954394341,-0.9950237870,0.0052160798,0.0610370189,0.0610370189,-0.4882961512,-0.5144199729,0.8285164833,-0.3476668596,-0.2775963545,0.4577776492,-0.3256935477,0.0311411619,0.0908176303,0.0503989756,0.4985879362,0.8184701800,0.1714141518,-0.2288605571,0.0610370189,0.0610370189,-0.4882961512,-0.5144199729,0.8285164833,-0.3476668596,-0.2775963545,0.4577776492,-0.3256935477,0.0311411619,0.0908176303,0.0503989756,0.4985879362,0.8184701800,0.1714141518,-0.2288605571,0.0000000000,0.0000000000,0.0000000000,0.0000000000,0.0000000000,0.0000000000,-0.3747673035,0.3525498211,-0.3086031675,0.9851984978,-0.1666407436,-0.0460831523,0.3006837964,0.6673631072,0.1784043610,-0.6577467918,
7022.485,0.0610370189,0.0000000000,0.9765923023,0.0678731650,0.0042725913,-1.0104068518,-0.1568651348,-0.0460219122,-0.4344615042,0.0028466582,0.0084915273,-0.0125317574,0.0321763605,0.0954640135,-0.9950214028,0.0052070767,0.1220740378,0.4882961512,-0.4882961512,-0.5096591115,0.8270515800,-0.3476668596,-0.2772301435,0.4597308338,-0.3258156180,0.0356872678,0.0890685916,0.0501665473,0.4983352721,0.8187252879,0.1698495001,-0.2296633571,0.1220740378,0.4882961512,-0.4882961512,-0.5096591115,0.8270515800,-0.3476668596,-0.2772301435,0.4597308338,-0.3258156180,0.0356872678,0.0890685916,0.0501665473,0.4983352721,0.8187252879,0.1698495001,-0.2296633571,0.0000000000,0.0000000000,0.0000000000,0.0000000000,0.0000000000,0.0000000000,-0.3742789924,0.3515732288,-0.2910245061,0.9851983786,-0.1666412354,-0.0460835695,0.3007682264,0.6673401594,0.1784896106,-0.6577083468,
7022.498,0.1220740378,-0.0610370189,0.9765923023,0.0672627985,0.0036622211,-1.0112613440,-0.1529587656,-0.0428479873,-0.4336069822,0.0022409260,0.0078743482,-0.0133858323,0.0321743973,0.0954596624,-0.9950218201,0.0052033234,0.0610370189,0.6714072227,-0.6103702188,-0.5007476807,0.8246101141,-0.3365581334,-0.2753990293,0.4587542415,-0.3278908730,0.0443716645,0.0863204002,0.0610176027,0.4980984330,0.8189695477,0.1682861149,-0.2304562181,0.0610370189,0.6714072227,-0.6103702188,-0.5007476807,0.8246101141,-0.3365581334,-0.2753990293,0.4587542415,-0.3278908730,0.0443716645,0.0863204002,0.0610176027,0.4980984330,0.8189695477,0.1682861149,-0.2304562181,0.0000000000,0.0000000000,0.0000000000,0.0000000000,0.0000000000,0.0000000000,-0.3730582595,0.3554795980,-0.3086031675,0.9851983786,-0.1666416824,-0.0460840464,0.3008188903,0.6673263907,0.1785406172,-0.6576853395,
7022.511,0.1831110567,-0.0610370189,0.9765923023,0.0666524246,0.0026856288,-1.0102847815,-0.1560106277,-0.0449232459,-0.4392223954,0.0016378462,0.0069064214,-0.0124088526,0.0321702845,0.0954718739,-0.9950207472,0.0052076839,0.0000000000,0.2441480756,-0.7324442267,-0.5000152588,0.8252205253,-0.3326517642,-0.2752769589,0.4569231272,-0.3254493773,0.0449233055,0.0866244435,0.0646026433,0.4978753626,0.8191931844,0.1667121351,-0.2312853932,0.0000000000,0.2441480756,-0.7324442267,-0.5000152588,0.8252205253,-0.3326517642,-0.2752769589,0.4569231272,-0.3254493773,0.0449233055,0.0866244435,0.0646026433,0.4978753626,0.8191931844,0.1667121351,-0.2312853932,0.0000000000,0.0000000000,0.0000000000,0.0000000000,0.0000000000,0.0000000000,-0.3718375266,0.3530381322,-0.3086031675,0.9851982594,-0.1666420996,-0.0460844040,0.3008632362,0.6673142910,0.1785852164,-0.6576651931,
7022.524,0.1220740378,0.0000000000,0.9765923023,0.0676290169,0.0021973327,-1.0108951330,-0.1518601030,-0.0468764305,-0.4376354218,0.0026064664,0.0064185332,-0.0130197406,0.0321739763,0.0955222696,-0.9950157404,0.0052098990,-0.0610370189,-0.2441480756,-0.7934812307,-0.5039216280,0.8266853690,-0.3332621157,-0.2757652402,0.4554582238,-0.3272804916,0.0408894420,0.0877925158,0.0636152327,0.4976513684,0.8194048405,0.1650987417,-0.2321733087,-0.0610370189,-0.2441480756,-0.7934812307,-0.5039216280,0.8266853690,-0.3332621157,-0.2757652402,0.4554582238,-0.3272804916,0.0408894420,0.0877925158,0.0636152327,0.4976513684,0.8194048405,0.1650987417,-0.2321733087,0.0000000000,0.0000000000,0.0000000000,0.0000000000,0.0000000000,0.0000000000,-0.3723258078,0.3535264134,-0.3105563521,0.9851980209,-0.1666425020,-0.0460845828,0.3009035587,0.6673032641,0.1786257625,-0.6576468349,
7022.537,0.1220740378,0.0000000000,1.0376293659,0.0671407208,0.0021973327,-1.0110172033,-0.1571092904,-0.0428479873,-0.4412976503,0.0021127239,0.0064196335,-0.0131421685,0.0321767665,0.0954983160,-0.9950179458,0.0052099335,0.0000000000,-0.1220740378,-0.7324442267,-0.5116122961,0.8282723427,-0.3435163498,-0.2778405249,0.4548478723,-0.3247169554,0.0330699682,0.0891118646,0.0530395508,0.4973988235,0.8196295500,0.1634888649,-0.2330589145,0.0000000000,-0.1220740378,-0.7324442267,-0.5116122961,0.8282723427,-0.3435163498,-0.2778405249,0.4548478723,-0.3247169554,0.0330699682,0.0891118646,0.0530395508,0.4973988235,0.8196295500,0.1634888649,-0.2330589145,0.0000000000,0.0000000000,0.0000000000,0.0000000000,0.0000000000,0.0000000000,-0.3723258078,0.3501083553,-0.3086031675,0.9851980805,-0.1666430235,-0.0460851789,0.3009390235,0.6672936678,0.1786613315,-0.6576308012,
7022.550,0.1831110567,0.0000000000,1.0376293659,0.0664082766,0.0034180731,-1.0119937658,-0.1555223316,-0.0455336161,-0.4416638613,0.0013787672,0.0076460908,-0.0141188502,0.0321771652,0.0955136716,-0.9950164557,0.0052133491,0.2441480756,0.4272591472,-0.7324442267,-0.5092929006,0.8287606239,-0.3459578156,-0.2766197622,0.4571672678,-0.3250831664,0.0352117419,0.0893490314,0.0503736734,0.4971244335,0.8198710084,0.1619271487,-0.2338836044,0.2441480756,0.4272591472,-0.7324442267,-0.5092929006,0.8287606239,-0.3459578156,-0.2766197622,0.4571672678,-0.3250831664,0.0352117419,0.0893490314,0.0503736734,0.4971244335,0.8198710084,0.1619271487,-0.2338836044,0.0000000000,0.0000000000,0.0000000000,0.0000000000,0.0000000000,0.0000000000,-0.3735465705,0.3559679091,-0.3086031675,0.9851976633,-0.1666434109,-0.0460851789,0.3009898365,0.6672797203,0.1787125170,-0.6576075554,
7022.563,0.1831110567,0.0000000000,1.0376293659,0.0667745024,0.0035401471,-1.0112613440,-0.1529587656,-0.0458998382,-0.4362926185,0.0017414540,0.0077732401,-0.0133866668,0.0321785323,0.0955429450,-0.9950135946,0.0052169925,0.3662221134,0.8545182943,-0.8545182943,-0.5056306720,0.8276619911,-0.3421735168,-0.2774742842,0.4587542415,-0.3221533895,0.0386762619,0.0880090594,0.0539796054,0.4968459010,0.8201138973,0.1604150534,-0.2346648425,0.3662221134,0.8545182943,-0.8545182943,-0.5056306720,0.8276619911,-0.3421735168,-0.2774742842,0.4587542415,-0.3221533895,0.0386762619,0.0880090594,0.0539796054,0.4968459010,0.8201138973,0.1604150534,-0.2346648425,0.0000000000,0.0000000000,0.0000000000,0.0000000000,0.0000000000,0.0000000000,-0.3728141189,0.3530381322,-0.2910245061,0.9851977825,-0.1666439176,-0.0460857749,0.3010777235,0.6672558784,0.1788012683,-0.6575675607,
7022.576,0.1220740378,-0.0610370189,0.9765923023,0.0661641285,0.0023194067,-1.0105289221,-0.1545457393,-0.0473647267,-0.4349497855,0.0011409149,0.0065522436,-0.0126536489,0.0321733914,0.0955913141,-0.9950091243,0.0052179573,0.4272591472,0.8545182943,-1.0376293659,-0.4995269775,0.8253425956,-0.3337504268,-0.2774742842,0.4571672678,-0.3277688026,0.0445973873,0.0854496956,0.0622056127,0.4965584278,0.8203566670,0.1588596702,-0.2354818135,0.4272591472,0.8545182943,-1.0376293659,-0.4995269775,0.8253425956,-0.3337504268,-0.2774742842,0.4571672678,-0.3277688026,0.0445973873,0.0854496956,0.0622056127,0.4965584278,0.8203566670,0.1588596702,-0.2354818135,0.0000000000,0.0000000000,0.0000000000,0.0000000000,0.0000000000,0.0000000000,-0.3718375266,0.3549913168,-0.3086031675,0.9851976633,-0.1666443646,-0.0460861325,0.3011261821,0.6672426462,0.1788500547,-0.6575455070,
7022.589,0.1220740378,-0.0610370189,0.9765923023,0.0664082766,0.0018311106,-1.0104068518,-0.1551561058,-0.0465102084,-0.4358043075,0.0013936162,0.0060661007,-0.0125309825,0.0321688429,0.0956263095,-0.9950058460,0.0052197510,0.4882961512,0.2441480756,-1.4038513899,-0.5022125840,0.8246101141,-0.3342387080,-0.2799157798,0.4586321712,-0.3249610960,0.0418298244,0.0845255256,0.0614716709,0.4962662458,0.8205787539,0.1573181748,-0.2363569736,0.4882961512,0.2441480756,-1.4038513899,-0.5022125840,0.8246101141,-0.3342387080,-0.2799157798,0.4586321712,-0.3249610960,0.0418298244,0.0845255256,0.0614716709,0.4962662458,0.8205787539,0.1573181748,-0.2363569736,0.0000000000,0.0000000000,0.0000000000,0.0000000000,0.0000000000,0.0000000000,-0.3740348518,0.3545030057,-0.3086031675,0.9851975441,-0.1666448414,-0.0460864902,0.3011717796,0.6672301888,0.1788959056,-0.6575247645,
7022.602,0.1220740378,0.0000000000,0.9765923023,0.0671407208,0.0024414808,-1.0108951330,-0.1512497365,-0.0477309488,-0.4358043075,0.0021204799,0.0066756033,-0.0130196810,0.0321713313,0.0956894979,-0.9949997067,0.0052216295,0.4882961512,0.0610370189,-1.4648884535,-0.5044099092,0.8230231404,-0.3363139629,-0.2784508765,0.4574114084,-0.3217871785,0.0395801067,0.0827646852,0.0591431558,0.4959738255,0.8207910657,0.1558005214,-0.2372370064,0.4882961512,0.0610370189,-1.4648884535,-0.5044099092,0.8230231404,-0.3363139629,-0.2784508765,0.4574114084,-0.3217871785,0.0395801067,0.0827646852,0.0591431558,0.4959738255,0.8207910657,0.1558005214,-0.2372370064,0.0000000000,0.0000000000,0.0000000000,0.0000000000,0.0000000000,0.0000000000,-0.3737907112,0.3549913168,-0.3066499829,0.9851976037,-0.1666452885,-0.0460870862,0.3012235165,0.6672161222,0.1789480001,-0.6575012803,
7022.615,0.1220740378,-0.0610370189,0.9765923023,0.0677510947,0.0031739250,-1.0106509924,-0.1507614404,-0.0455336161,-0.4318979383,0.0027328506,0.0074035646,-0.0127753615,0.0321703553,0.0957263559,-0.9949961901,0.0052204928,0.5493331552,0.0610370189,-1.6479995251,-0.5027008653,0.8222907186,-0.3396099806,-0.2805261314,0.4586321712,-0.3326517642,0.0412527919,0.0818836093,0.0556191504,0.4956461787,0.8210185170,0.1542286575,-0.2381602526,0.5493331552,0.0610370189,-1.6479995251,-0.5027008653,0.8222907186,-0.3396099806,-0.2805261314,0.4586321712,-0.3326517642,0.0412527919,0.0818836093,0.0556191504,0.4956461787,0.8210185170,0.1542286575,-0.2381602526,0.0000000000,0.0000000000,0.0000000000,0.0000000000,0.0000000000,0.0000000000,-0.3718375266,0.3515732288,-0.3105563521,0.9851973653,-0.1666457206,-0.0460873246,0.3012568951,0.6672069430,0.1789814830,-0.6574860811,
7022.628,0.1220740378,-0.0610370189,0.9765923023,0.0675069466,0.0032959990,-1.0117496252,-0.1578417271,-0.0427259132,-0.4347056448,0.0024922490,0.0075205895,-0.0138737559,0.0321689434,0.0957047120,-0.9949984550,0.0052171084,0.6103702188,0.4272591472,-2.2583696842,-0.4996490479,0.8203375340,-0.3426618278,-0.2774742842,0.4553361535,-0.3311868608,0.0443116426,0.0798469186,0.0524011254,0.4952901602,0.8212496638,0.1527210176,-0.2390736192,0.6103702188,0.4272591472,-2.2583696842,-0.4996490479,0.8203375340,-0.3426618278,-0.2774742842,0.4553361535,-0.3311868608,0.0443116426,0.0798469186,0.0524011254,0.4952901602,0.8212496638,0.1527210176,-0.2390736192,0.0000000000,0.0000000000,0.0000000000,0.0000000000,0.0000000000,0.0000000000,-0.3747673035,0.3549913168,-0.3086031675,0.9851973057,-0.1666461974,-0.0460877419,0.3013027608,0.6671944261,0.1790276170,-0.6574652195,
7022.641,0.1220740378,-0.0610370189,0.9765923023,0.0671407208,0.0021973327,-1.0108951330,-0.1538132876,-0.0421155430,-0.4355601668,0.0021310896,0.0064223101,-0.0130189061,0.0321664959,0.0956864730,-0.9950002432,0.0052164686,0.6103702188,0.5493331552,-2.6245918274,-0.4978179336,0.8204596043,-0.3399761915,-0.2769860029,0.4561906755,-0.3302102685,0.0461846590,0.0799122453,0.0549229085,0.4949343503,0.8214697838,0.1512622833,-0.2399800867,0.6103702188,0.5493331552,-2.6245918274,-0.4978179336,0.8204596043,-0.3399761915,-0.2769860029,0.4561906755,-0.3302102685,0.0461846590,0.0799122453,0.0549229085,0.4949343503,0.8214697838,0.1512622833,-0.2399800867,0.0000000000,0.0000000000,0.0000000000,0.0000000000,0.0000000000,0.0000000000,-0.3720816672,0.3535264134,-0.3125095367,0.9851971865,-0.1666466147,-0.0460880995,0.3013362586,0.6671852469,0.1790612191,-0.6574500203,
7022.654,0.1220740378,-0.0610370189,0.9765923023,0.0677510947,0.0021973327,-1.0108951330,-0.1555223316,-0.0437025055,-0.4333628416,0.0027435049,0.0064226962,-0.0130187869,0.0321654715,0.0956844762,-0.9950004220,0.0052164984,0.6103702188,0.4882961512,-2.9297769070,-0.5002593994,0.8199713230,-0.3383892477,-0.2782067358,0.4563127458,-0.3260597587,0.0438396335,0.0794003010,0.0563326180,0.4945775867,0.8216758966,0.1498430520,-0.2408985049,0.6103702188,0.4882961512,-2.9297769070,-0.5002593994,0.8199713230,-0.3383892477,-0.2782067358,0.4563127458,-0.3260597587,0.0438396335,0.0794003010,0.0563326180,0.4945775867,0.8216758966,0.1498430520,-0.2408985049,0.0000000000,0.0000000000,0.0000000000,0.0000000000,0.0000000000,0.0000000000,-0.3718375266,0.3525498211,-0.2929776907,0.9851971269,-0.1666470766,-0.0460885763,0.3014164567,0.6671633720,0.1791421920,-0.6574134231,
7022.667,0.1220740378,-0.0610370189,0.9765923023,0.0673848689,0.0020752586,-1.0100406408,-0.1517380327,-0.0393078402,-0.4333628416,0.0023808256,0.0063015986,-0.0121641159,0.0321639106,0.0956357494,-0.9950051308,0.0052152392,0.4882961512,0.1220740378,-3.4180731773,-0.5055086017,0.8232673407,-0.3369243443,-0.2830896974,0.4542374909,-0.3250831664,0.0387888551,0.0827132463,0.0575555563,0.4942106307,0.8218647242,0.1483966410,-0.2419005781,0.4882961512,0.1220740378,-3.4180731773,-0.5055086017,0.8232673407,-0.3369243443,-0.2830896974,0.4542374909,-0.3250831664,0.0387888551,0.0827132463,0.0575555563,0.4942106307,0.8218647242,0.1483966410,-0.2419005781,0.0000000000,0.0000000000,0.0000000000,0.0000000000,0.0000000000,0.0000000000,-0.3718375266,0.3549913168,-0.2968840599,0.9851970673,-0.1666475534,-0.0460890532,0.3014928997,0.6671425104,0.1792193502,-0.6573785543,
7022.680,0.1220740378,-0.0610370189,1.0376293659,0.0672627985,0.0025635548,-1.0102847815,-0.1546678096,-0.0418713950,-0.4416638613,0.0022629872,0.0067891497,-0.0124078989,0.0321619920,0.0956055149,-0.9950082302,0.0052136867,0.6103702188,0.2441480756,-3.5401470661,-0.5081942081,0.8237556219,-0.3389995992,-0.2821131051,0.4538712800,-0.3239845037,0.0363149643,0.0832462907,0.0552725494,0.4938290417,0.8220560551,0.1469805837,-0.2428925782,0.6103702188,0.2441480756,-3.5401470661,-0.5081942081,0.8237556219,-0.3389995992,-0.2821131051,0.4538712800,-0.3239845037,0.0363149643,0.0832462907,0.0552725494,0.4938290417,0.8220560551,0.1469805837,-0.2428925782,0.0000000000,0.0000000000,0.0000000000,0.0000000000,0.0000000000,0.0000000000,-0.3728141189,0.3515732288,-0.3105563521,0.9851969481,-0.1666479856,-0.0460893512,0.3015243709,0.6671338677,0.1792508960,-0.6573642492,
7022.693,0.1220740378,-0.1220740378,0.9765923023,0.0675069466,0.0026856288,-1.0108951330,-0.1534470618,-0.0446790978,-0.4373912811,0.0025209635,0.0069091935,-0.0130174160,0.0321551152,0.0956218541,-0.9950067997,0.0052125412,0.7934812307,0.6714072227,-3.7232582569,-0.5081942081,0.8235114813,-0.3425397575,-0.2795495391,0.4568010569,-0.3270363510,0.0365168452,0.0830830336,0.0516053140,0.4934275448,0.8222575188,0.1456308961,-0.2438375056,0.7934812307,0.6714072227,-3.7232582569,-0.5081942081,0.8235114813,-0.3425397575,-0.2795495391,0.4568010569,-0.3270363510,0.0365168452,0.0830830336,0.0516053140,0.4934275448,0.8222575188,0.1456308961,-0.2438375056,0.0000000000,0.0000000000,0.0000000000,0.0000000000,0.0000000000,0.0000000000,-0.3737907112,0.3525498211,-0.3125095367,0.9851968288,-0.1666483879,-0.0460898280,0.3015530407,0.6671259999,0.1792796105,-0.6573512554,
7022.706,0.1220740378,-0.1220740378,1.0376293659,0.0666524246,0.0031739250,-1.0112613440,-0.1534470618,-0.0411389507,-0.4397106767,0.0016845688,0.0073937508,-0.0133823752,0.0321464501,0.0955861583,-0.9950104952,0.0052086571,1.2207404375,1.6479995251,-4.2725911140,-0.5059968829,0.8185064197,-0.3442488015,-0.2797937095,0.4548478723,-0.3241065741,0.0389185548,0.0782478452,0.0499329865,0.4929631650,0.8224933147,0.1443571746,-0.2447375059,1.2207404375,1.6479995251,-4.2725911140,-0.5059968829,0.8185064197,-0.3442488015,-0.2797937095,0.4548478723,-0.3241065741,0.0389185548,0.0782478452,0.0499329865,0.4929631650,0.8224933147,0.1443571746,-0.2447375059,0.0000000000,0.0000000000,0.0000000000,0.0000000000,0.0000000000,0.0000000000,-0.3728141189,0.3554795980,-0.3105563521,0.9851967692,-0.1666488349,-0.0460901856,0.3015950620,0.6671144962,0.1793218702,-0.6573321223,
7022.719,0.1220740378,-0.1220740378,0.9765923023,0.0668965727,0.0026856288,-1.0110172033,-0.1573534310,-0.0446790978,-0.4383678734,0.0019453913,0.0069034491,-0.0131371617,0.0321382061,0.0955907479,-0.9950104356,0.0052070059,1.3428144455,1.8921475410,-4.6388134956,-0.5023346543,0.8156987429,-0.3402203321,-0.2817468941,0.4552140832,-0.3237403631,0.0428106189,0.0756441355,0.0540267229,0.4924820662,0.8227311969,0.1431093067,-0.2456377596,1.3428144455,1.8921475410,-4.6388134956,-0.5023346543,0.8156987429,-0.3402203321,-0.2817468941,0.4552140832,-0.3237403631,0.0428106189,0.0756441355,0.0540267229,0.4924820662,0.8227311969,0.1431093067,-0.2456377596,0.0000000000,0.0000000000,0.0000000000,0.0000000000,0.0000000000,0.0000000000,-0.3720816672,0.3515732288,-0.2929776907,0.9851967096,-0.1666493118,-0.0460905433,0.3016710579,0.6670937538,0.1793985963,-0.6572973728,
7022.732,0.1220740378,-0.1220740378,0.9765923023,0.0664082766,0.0029297769,-1.0107730627,-0.1554002464,-0.0416272469,-0.4350718856,0.0014760345,0.0071443878,-0.0128917694,0.0321290679,0.0955625251,-0.9950134158,0.0052035884,1.4038513899,1.7090365887,-5.0050354004,-0.5007476807,0.8136234879,-0.3369243443,-0.2849208117,0.4572893381,-0.3248390257,0.0446872711,0.0738064051,0.0573678911,0.4919919372,0.8229597211,0.1418693364,-0.2465721071,1.4038513899,1.7090365887,-5.0050354004,-0.5007476807,0.8136234879,-0.3369243443,-0.2849208117,0.4572893381,-0.3248390257,0.0446872711,0.0738064051,0.0573678911,0.4919919372,0.8229597211,0.1418693364,-0.2465721071,0.0000000000,0.0000000000,0.0000000000,0.0000000000,0.0000000000,0.0000000000,-0.3725699782,0.3540147245,-0.2929776907,0.9851965904,-0.1666497737,-0.0460909605,0.3017532229,0.6670712829,0.1794815660,-0.6572598219,
7022.745,0.1220740378,-0.1220740378,0.9765923023,0.0657979101,0.0023194067,-1.0100406408,-0.1568651348,-0.0434583575,-0.4367808998,0.0008872822,0.0065338272,-0.0121579170,0.0321183540,0.0955534652,-0.9950146079,0.0052021653,1.4648884535,0.9765923023,-5.5543684959,-0.5046540499,0.8142338395,-0.3342387080,-0.2813806534,0.4569231272,-0.3254493773,0.0412057042,0.0747129917,0.0600210428,0.4915065765,0.8231555223,0.1406703591,-0.2475710511,1.4648884535,0.9765923023,-5.5543684959,-0.5046540499,0.8142338395,-0.3342387080,-0.2813806534,0.4569231272,-0.3254493773,0.0412057042,0.0747129917,0.0600210428,0.4915065765,0.8231555223,0.1406703591,-0.2475710511,0.0000000000,0.0000000000,0.0000000000,0.0000000000,0.0000000000,0.0000000000,-0.3742789924,0.3549913168,-0.3125095367,0.9851965308,-0.1666502655,-0.0460912585,0.3017872572,0.6670619845,0.1795157045,-0.6572443247,
7022.758,0.1220740378,-0.0610370189,0.9765923023,0.0667745024,0.0023194067,-1.0104068518,-0.1519821733,-0.0455336161,-0.4364146888,0.0018700436,0.0065336418,-0.0125237107,0.0321151130,0.0955861211,-0.9950115681,0.0052028308,1.5869624615,0.7934812307,-5.8595538139,-0.5059968829,0.8147221208,-0.3380230069,-0.2813806534,0.4557023942,-0.3280129433,0.0403378010,0.0755411983,0.0562166572,0.4909944832,0.8233544230,0.1394660920,-0.2486052811,1.5869624615,0.7934812307,-5.8595538139,-0.5059968829,0.8147221208,-0.3380230069,-0.2813806534,0.4557023942,-0.3280129433,0.0403378010,0.0755411983,0.0562166572,0.4909944832,0.8233544230,0.1394660920,-0.2486052811,0.0000000000,0.0000000000,0.0000000000,0.0000000000,0.0000000000,0.0000000000,-0.3713492155,0.3535264134,-0.2910245061,0.9851964116,-0.1666507423,-0.0460916758,0.3018733263,0.6670384407,0.1796026528,-0.6572049260,
7022.771,0.1220740378,-0.0610370189,0.9765923023,0.0671407208,0.0017090365,-1.0099185705,-0.1545457393,-0.0429700613,-0.4342173636,0.0022404343,0.0059260973,-0.0120352507,0.0321129374,0.0955779776,-0.9950125217,0.0052037737,1.7090365887,0.8545182943,-6.1037020683,-0.5080721378,0.8148441911,-0.3407086432,-0.2856532633,0.4598529041,-0.3353373706,0.0387666225,0.0760421157,0.0535420775,0.4904520512,0.8235622048,0.1382534057,-0.2496626228,1.7090365887,0.8545182943,-6.1037020683,-0.5080721378,0.8148441911,-0.3407086432,-0.2856532633,0.4598529041,-0.3353373706,0.0387666225,0.0760421157,0.0535420775,0.4904520512,0.8235622048,0.1382534057,-0.2496626228,0.0000000000,0.0000000000,0.0000000000,0.0000000000,0.0000000000,0.0000000000,-0.3742789924,0.3540147245,-0.3105563521,0.9851963520,-0.1666511744,-0.0460920334,0.3019088209,0.6670287251,0.1796382964,-0.6571887732,
7022.784,0.1220740378,-0.1220740378,1.0376293659,0.0668965727,0.0021973327,-1.0104068518,-0.1547898799,-0.0461439863,-0.4354380965,0.0020125136,0.0064154868,-0.0125224590,0.0321046636,0.0956045687,-0.9950100780,0.0052043991,1.9531846046,1.4038513899,-6.8971829414,-0.5072176456,0.8125247955,-0.3447370827,-0.2824793160,0.4591204524,-0.3288674653,0.0401840210,0.0742016435,0.0496293008,0.4898770750,0.8237764835,0.1371809989,-0.2506735921,1.9531846046,1.4038513899,-6.8971829414,-0.5072176456,0.8125247955,-0.3447370827,-0.2824793160,0.4591204524,-0.3288674653,0.0401840210,0.0742016435,0.0496293008,0.4898770750,0.8237764835,0.1371809989,-0.2506735921,0.0000000000,0.0000000000,0.0000000000,0.0000000000,0.0000000000,0.0000000000,-0.3733024001,0.3569445014,-0.3066499829,0.9851961136,-0.1666516066,-0.0460922718,0.3019624949,0.6670139432,0.1796923727,-0.6571642160,
7022.797,0.1220740378,-0.0610370189,1.0376293659,0.0665303543,0.0034180731,-1.0107730627,-0.1511276662,-0.0400402844,-0.4386120141,0.0016537011,0.0076312842,-0.0128881335,0.0321014337,0.0955614373,-0.9950143695,0.0052001909,1.9531846046,1.5869624615,-7.3854794502,-0.5064851642,0.8093508482,-0.3455916047,-0.2826013863,0.4594866931,-0.3297219872,0.0415289998,0.0715574026,0.0489153862,0.4892862439,0.8239885569,0.1361602545,-0.2516852319,1.9531846046,1.5869624615,-7.3854794502,-0.5064851642,0.8093508482,-0.3455916047,-0.2826013863,0.4594866931,-0.3297219872,0.0415289998,0.0715574026,0.0489153862,0.4892862439,0.8239885569,0.1361602545,-0.2516852319,0.0000000000,0.0000000000,0.0000000000,0.0000000000,0.0000000000,0.0000000000,-0.3730582595,0.3554795980,-0.3086031675,0.9851961732,-0.1666521132,-0.0460928679,0.3020071983,0.6670017838,0.1797373146,-0.6571438909,
7022.810,0.1220740378,-0.1220740378,1.0376293659,0.0665303543,0.0034180731,-1.0111392736,-0.1554002464,-0.0444349498,-0.4365367591,0.0016718209,0.0076263729,-0.0132531524,0.0320926234,0.0955641493,-0.9950144291,0.0051969639,1.9531846046,1.5869624615,-7.8127384186,-0.5066072345,0.8060548902,-0.3471785784,-0.2843104303,0.4614398777,-0.3294778168,0.0420756936,0.0688392520,0.0474790931,0.4886839390,0.8241942525,0.1351886839,-0.2527036965,1.9531846046,1.5869624615,-7.8127384186,-0.5066072345,0.8060548902,-0.3471785784,-0.2843104303,0.4614398777,-0.3294778168,0.0420756936,0.0688392520,0.0474790931,0.4886839390,0.8241942525,0.1351886839,-0.2527036965,0.0000000000,0.0000000000,0.0000000000,0.0000000000,0.0000000000,0.0000000000,-0.3733024001,0.3559679091,-0.3125095367,0.9851958156,-0.1666524857,-0.0460929871,0.3020431697,0.6669917703,0.1797734499,-0.6571273804,
7022.823,0.1220740378,-0.0610370189,0.9765923023,0.0675069466,0.0019531846,-1.0101627111,-0.1530808508,-0.0410168767,-0.4360484779,0.0026506484,0.0061631259,-0.0122764707,0.0320915878,0.0955344737,-0.9950172901,0.0051967171,1.7700735331,1.1597033739,-8.7282934189,-0.5096591115,0.8034912944,-0.3449812233,-0.2851649523,0.4625385404,-0.3253273070,0.0398533940,0.0669347644,0.0497528017,0.4880916774,0.8243602514,0.1343147606,-0.2537705302,1.7700735331,1.1597033739,-8.7282934189,-0.5096591115,0.8034912944,-0.3449812233,-0.2851649523,0.4625385404,-0.3253273070,0.0398533940,0.0669347644,0.0497528017,0.4880916774,0.8243602514,0.1343147606,-0.2537705302,0.0000000000,0.0000000000,0.0000000000,0.0000000000,0.0000000000,0.0000000000,-0.3747673035,0.3564561903,-0.3125095367,0.9851962328,-0.1666530371,-0.0460938215,0.3020795584,0.6669819951,0.1798099726,-0.6571109891,
7022.836,0.1220740378,-0.1220740378,0.9765923023,0.0670186505,0.0034180731,-1.0107730627,-0.1560106277,-0.0438245796,-0.4340952933,0.0021777824,0.0076224189,-0.0128858089,0.0320841633,0.0955336168,-0.9950177670,0.0051931627,1.6479995251,0.6714072227,-9.2165899277,-0.5092929006,0.8031250834,-0.3441267014,-0.2829676270,0.4593645930,-0.3211767972,0.0411407948,0.0672624707,0.0506179333,0.4875122905,0.8244981170,0.1334854662,-0.2548714578,1.6479995251,0.6714072227,-9.2165899277,-0.5092929006,0.8031250834,-0.3441267014,-0.2829676270,0.4593645930,-0.3211767972,0.0411407948,0.0672624707,0.0506179333,0.4875122905,0.8244981170,0.1334854662,-0.2548714578,0.0000000000,0.0000000000,0.0000000000,0.0000000000,0.0000000000,0.0000000000,-0.3740348518,0.3554795980,-0.3125095367,0.9851958156,-0.1666534245,-0.0460938215,0.3021133840,0.6669725776,0.1798439324,-0.6570954323,
7022.849,0.1220740378,-0.1220740378,1.0376293659,0.0667745024,0.0025635548,-1.0100406408,-0.1560106277,-0.0415051728,-0.4310434163,0.0019500479,0.0067672296,-0.0121523142,0.0320762061,0.0954982117,-0.9950212836,0.0051909019,1.5259255171,0.2441480756,-9.6438493729,-0.5107578039,0.8042237759,-0.3426618278,-0.2824793160,0.4626606107,-0.3194677532,0.0406805277,0.0690839291,0.0520275235,0.4869601130,0.8246019483,0.1327388287,-0.2559788227,1.5259255171,0.2441480756,-9.6438493729,-0.5107578039,0.8042237759,-0.3426618278,-0.2824793160,0.4626606107,-0.3194677532,0.0406805277,0.0690839291,0.0520275235,0.4869601130,0.8246019483,0.1327388287,-0.2559788227,0.0000000000,0.0000000000,0.0000000000,0.0000000000,0.0000000000,0.0000000000,-0.3747673035,0.3608508706,-0.3105563521,0.9851956964,-0.1666538715,-0.0460942388,0.3021661937,0.6669580936,0.1798971444,-0.6570712924,
7022.862,0.1220740378,-0.1220740378,1.0376293659,0.0677510947,0.0025635548,-1.0111392736,-0.1534470618,-0.0441908017,-0.4372692108,0.0029384792,0.0067665768,-0.0132501721,0.0320703015,0.0955038294,-0.9950210452,0.0051901895,1.3428144455,-0.3051851094,-10.5594043732,-0.5167394280,0.8039796352,-0.3429059684,-0.2880947292,0.4605853558,-0.3258156180,0.0358740687,0.0696495175,0.0516472757,0.4863689840,0.8246895075,0.1319364160,-0.2572325468,1.3428144455,-0.3051851094,-10.5594043732,-0.5167394280,0.8039796352,-0.3429059684,-0.2880947292,0.4605853558,-0.3258156180,0.0358740687,0.0696495175,0.0516472757,0.4863689840,0.8246895075,0.1319364160,-0.2572325468,0.0000000000,0.0000000000,0.0000000000,0.0000000000,0.0000000000,0.0000000000,-0.3742789924,0.3593859673,-0.3086031675,0.9851955771,-0.1666543484,-0.0460945368,0.3022198677,0.6669433713,0.1799512208,-0.6570467353,
7022.875,0.1220740378,-0.1220740378,0.9765923023,0.0682393909,0.0024414808,-1.0106509924,-0.1533249915,-0.0423596911,-0.4371471405,0.0034359768,0.0066437558,-0.0127612352,0.0320658199,0.0954912230,-0.9950223565,0.0051889708,1.2817773819,-0.5493331552,-10.8645896912,-0.5213782191,0.8016601801,-0.3444929421,-0.2861415446,0.4604632854,-0.3265480399,0.0324782729,0.0681799650,0.0498985946,0.4857775271,0.8247612715,0.1311793029,-0.2585042417,1.2817773819,-0.5493331552,-10.8645896912,-0.5213782191,0.8016601801,-0.3444929421,-0.2861415446,0.4604632854,-0.3265480399,0.0324782729,0.0681799650,0.0498985946,0.4857775271,0.8247612715,0.1311793029,-0.2585042417,0.0000000000,0.0000000000,0.0000000000,0.0000000000,0.0000000000,0.0000000000,-0.3750114441,0.3603625596,-0.3105563521,0.9851954579,-0.1666548103,-0.0460948944,0.3022706807,0.6669294238,0.1800023913,-0.6570234895,
7022.888,0.1220740378,-0.1220740378,0.9765923023,0.0667745024,0.0019531846,-1.0108951330,-0.1573534310,-0.0443128757,-0.4351939559,0.0019875094,0.0061571286,-0.0130043030,0.0320575461,0.0954926163,-0.9950224757,0.0051890598,1.2817773819,-0.6714072227,-11.1697740555,-0.5282143354,0.8021485209,-0.3448591530,-0.2896817029,0.4622943699,-0.3305765092,0.0269474983,0.0695598722,0.0493539274,0.4851680398,0.8248274326,0.1304204911,-0.2598180473,1.2817773819,-0.6714072227,-11.1697740555,-0.5282143354,0.8021485209,-0.3448591530,-0.2896817029,0.4622943699,-0.3305765092,0.0269474983,0.0695598722,0.0493539274,0.4851680398,0.8248274326,0.1304204911,-0.2598180473,0.0000000000,0.0000000000,0.0000000000,0.0000000000,0.0000000000,0.0000000000,-0.3747673035,0.3618274629,-0.3086031675,0.9851953983,-0.1666553020,-0.0460952520,0.3023301959,0.6669130921,0.1800623983,-0.6569962502,
7022.901,0.1220740378,-0.1220740378,1.0376293659,0.0678731650,0.0018311106,-1.0111392736,-0.1557664722,-0.0415051728,-0.4340952933,0.0030972436,0.0060380078,-0.0132477880,0.0320520699,0.0954573974,-0.9950260520,0.0051888651,1.2817773819,-0.4272591472,-11.4139223099,-0.5420087576,0.8033692241,-0.3490096629,-0.2915128171,0.4619281590,-0.3245948553,0.0145060420,0.0717263818,0.0450524688,0.4845480025,0.8248892426,0.1297387034,-0.2611171901,1.2817773819,-0.4272591472,-11.4139223099,-0.5420087576,0.8033692241,-0.3490096629,-0.2915128171,0.4619281590,-0.3245948553,0.0145060420,0.0717263818,0.0450524688,0.4845480025,0.8248892426,0.1297387034,-0.2611171901,0.0000000000,0.0000000000,0.0000000000,0.0000000000,0.0000000000,0.0000000000,-0.3747673035,0.3628040552,-0.3086031675,0.9851953387,-0.1666557640,-0.0460956693,0.3023920655,0.6668961048,0.1801247895,-0.6569679379,
7022.914,0.1220740378,-0.1831110567,0.9765923023,0.0670186505,0.0028077029,-1.0108951330,-0.1557664722,-0.0429700613,-0.4350718856,0.0022684559,0.0070120217,-0.0130019188,0.0320394263,0.0954464599,-0.9950274825,0.0051859966,1.4038513899,-0.1831110567,-11.2918481827,-0.5459151268,0.8032471538,-0.3493759036,-0.2926114798,0.4600970447,-0.3315531015,0.0119251013,0.0725532770,0.0445730090,0.4838964939,0.8249708414,0.1290001273,-0.2624303699,1.4038513899,-0.1831110567,-11.2918481827,-0.5459151268,0.8032471538,-0.3493759036,-0.2926114798,0.4600970447,-0.3315531015,0.0119251013,0.0725532770,0.0445730090,0.4838964939,0.8249708414,0.1290001273,-0.2624303699,0.0000000000,0.0000000000,0.0000000000,0.0000000000,0.0000000000,0.0000000000,-0.3730582595,0.3628040552,-0.3066499829,0.9851952195,-0.1666562259,-0.0460960865,0.3024594784,0.6668775678,0.1801927984,-0.6569370627,
7022.927,0.1220740378,-0.1831110567,1.0376293659,0.0667745024,0.0020752586,-1.0112613440,-0.1541795135,-0.0421155430,-0.4343394339,0.0020512715,0.0062813167,-0.0133664608,0.0320260227,0.0954239368,-0.9950301051,0.0051848465,1.5259255171,0.0610370189,-11.1087369919,-0.5504318476,0.8016601801,-0.3490096629,-0.2912686467,0.4613177776,-0.3288674653,0.0087040067,0.0719159245,0.0448624790,0.4832513034,0.8250537515,0.1283183247,-0.2636893988,1.5259255171,0.0610370189,-11.1087369919,-0.5504318476,0.8016601801,-0.3490096629,-0.2912686467,0.4613177776,-0.3288674653,0.0087040067,0.0719159245,0.0448624790,0.4832513034,0.8250537515,0.1283183247,-0.2636893988,0.0000000000,0.0000000000,0.0000000000,0.0000000000,0.0000000000,0.0000000000,-0.3718375266,0.3632923365,-0.3125095367,0.9851951003,-0.1666566581,-0.0460965037,0.3025140464,0.6668625474,0.1802477986,-0.6569120884,
7022.940,0.1220740378,-0.1220740378,0.9765923023,0.0656758323,0.0037842952,-1.0112613440,-0.1554002464,-0.0427259132,-0.4315317273,0.0009741411,0.0079829525,-0.0133649707,0.0320156999,0.0954120532,-0.9950315952,0.0051797475,1.9531846046,0.4272591472,-10.9256267548,-0.5501877069,0.7994628549,-0.3440046310,-0.2928556204,0.4609515667,-0.3292336762,0.0101959109,0.0706738234,0.0498628914,0.4825790226,0.8251600266,0.1276239455,-0.2649221420,1.9531846046,0.4272591472,-10.9256267548,-0.5501877069,0.7994628549,-0.3440046310,-0.2928556204,0.4609515667,-0.3292336762,0.0101959109,0.0706738234,0.0498628914,0.4825790226,0.8251600266,0.1276239455,-0.2649221420,0.0000000000,0.0000000000,0.0000000000,0.0000000000,0.0000000000,0.0000000000,-0.3733024001,0.3608508706,-0.3125095367,0.9851949811,-0.1666571200,-0.0460967422,0.3025608957,0.6668496728,0.1802949607,-0.6568906307,
7022.953,0.1220740378,-0.1220740378,0.9765923023,0.0661641285,0.0026856288,-1.0112613440,-0.1541795135,-0.0450453199,-0.4353160262,0.0014814734,0.0068823448,-0.0133637786,0.0320061967,0.0954329371,-0.9950299263,0.0051785409,2.1362955570,0.4882961512,-10.7425155640,-0.5496993661,0.7993407845,-0.3437604904,-0.2900479138,0.4643696547,-0.3287453949,0.0118954182,0.0714979768,0.0501313210,0.4819224477,0.8252645135,0.1269940436,-0.2660917938,2.1362955570,0.4882961512,-10.7425155640,-0.5496993661,0.7993407845,-0.3437604904,-0.2900479138,0.4643696547,-0.3287453949,0.0118954182,0.0714979768,0.0501313210,0.4819224477,0.8252645135,0.1269940436,-0.2660917938,0.0000000000,0.0000000000,0.0000000000,0.0000000000,0.0000000000,0.0000000000,-0.3745231628,0.3623157442,-0.3066499829,0.9851949215,-0.1666576266,-0.0460972190,0.3026252985,0.6668319702,0.1803599149,-0.6568611264,
7022.966,0.1220740378,-0.1220740378,0.9765923023,0.0655537620,0.0019531846,-1.0104068518,-0.1575975865,-0.0435804315,-0.4347056448,0.0008927807,0.0061515719,-0.0125079155,0.0319953561,0.0954248607,-0.9950310588,0.0051780757,2.3804438114,0.5493331552,-10.6814785004,-0.5468916893,0.7964110374,-0.3433942795,-0.2949308753,0.4659565985,-0.3234961927,0.0158912539,0.0695219040,0.0505630970,0.4812573195,0.8253777623,0.1263867021,-0.2672315240,2.3804438114,0.5493331552,-10.6814785004,-0.5468916893,0.7964110374,-0.3433942795,-0.2949308753,0.4659565985,-0.3234961927,0.0158912539,0.0695219040,0.0505630970,0.4812573195,0.8253777623,0.1263867021,-0.2672315240,0.0000000000,0.0000000000,0.0000000000,0.0000000000,0.0000000000,0.0000000000,-0.3715933859,0.3603625596,-0.3125095367,0.9851948619,-0.1666581184,-0.0460975766,0.3026712537,0.6668193340,0.1804061532,-0.6568400860,
7022.979,0.1220740378,-0.1220740378,0.9765923023,0.0665303543,0.0018311106,-1.0104068518,-0.1556444019,-0.0434583575,-0.4300668240,0.0018861294,0.0060317614,-0.0125068426,0.0319869108,0.0954220518,-0.9950315952,0.0051783100,2.6245918274,0.4272591472,-10.7425155640,-0.5448164344,0.7893307209,-0.3466902673,-0.2943204939,0.4658345282,-0.3286233246,0.0191661716,0.0634310246,0.0473756492,0.4805551767,0.8255068660,0.1257559061,-0.2683910429,2.6245918274,0.4272591472,-10.7425155640,-0.5448164344,0.7893307209,-0.3466902673,-0.2943204939,0.4658345282,-0.3286233246,0.0191661716,0.0634310246,0.0473756492,0.4805551767,0.8255068660,0.1257559061,-0.2683910429,0.0000000000,0.0000000000,0.0000000000,0.0000000000,0.0000000000,0.0000000000,-0.3737907112,0.3588976860,-0.3066499829,0.9851947427,-0.1666585207,-0.0460979939,0.3027261794,0.6668041945,0.1804615259,-0.6568149328,
7022.992,0.1220740378,-0.0610370189,0.9765923023,0.0654316843,0.0026856288,-1.0097965002,-0.1568651348,-0.0421155430,-0.4339731932,0.0007987246,0.0068842969,-0.0118957162,0.0319815204,0.0953975469,-0.9950340986,0.0051759961,2.6245918274,0.3051851094,-10.8035526276,-0.5459151268,0.7874996066,-0.3486434519,-0.2933439016,0.4626606107,-0.3241065741,0.0192810297,0.0626013875,0.0455274880,0.4798551798,0.8256304860,0.1251523495,-0.2695431709,2.6245918274,0.3051851094,-10.8035526276,-0.5459151268,0.7874996066,-0.3486434519,-0.2933439016,0.4626606107,-0.3241065741,0.0192810297,0.0626013875,0.0455274880,0.4798551798,0.8256304860,0.1251523495,-0.2695431709,0.0000000000,0.0000000000,0.0000000000,0.0000000000,0.0000000000,0.0000000000,-0.3750114441,0.3584093750,-0.3125095367,0.9851945639,-0.1666589528,-0.0460982919,0.3027642965,0.6667936444,0.1804998219,-0.6567974687,
7023.005,0.1220740378,-0.0610370189,1.0376293659,0.0671407208,0.0028077029,-1.0101627111,-0.1525925547,-0.0410168767,-0.4388561547,0.0025107041,0.0070044887,-0.0122616887,0.0319803134,0.0953645110,-0.9950373173,0.0051738559,2.5635547638,0.1220740378,-10.9866638184,-0.5481124520,0.7870113254,-0.3498641849,-0.2948088050,0.4663228393,-0.3236182630,0.0183321238,0.0631332397,0.0443891287,0.4791698754,0.8257375360,0.1246087179,-0.2706835270,2.5635547638,0.1220740378,-10.9866638184,-0.5481124520,0.7870113254,-0.3498641849,-0.2948088050,0.4663228393,-0.3236182630,0.0183321238,0.0631332397,0.0443891287,0.4791698754,0.8257375360,0.1246087179,-0.2706835270,0.0000000000,0.0000000000,0.0000000000,0.0000000000,0.0000000000,0.0000000000,-0.3730582595,0.3588976860,-0.3086031675,0.9851946235,-0.1666594744,-0.0460987687,0.3028143644,0.6667799354,0.1805502325,-0.6567745805,
7023.018,0.1220740378,-0.1220740378,1.0376293659,0.0649433881,0.0030518509,-1.0111392736,-0.1538132876,-0.0455336161,-0.4351939559,0.0003380552,0.0072455700,-0.0132367015,0.0319680348,0.0953879431,-0.9950354695,0.0051719006,2.7466659546,0.3051851094,-11.2308111191,-0.5547044277,0.7862789035,-0.3513290882,-0.2926114798,0.4644917250,-0.3271584213,0.0130213499,0.0634723902,0.0430476069,0.4784524143,0.8258548379,0.1240783483,-0.2718362510,2.7466659546,0.3051851094,-11.2308111191,-0.5547044277,0.7862789035,-0.3513290882,-0.2926114798,0.4644917250,-0.3271584213,0.0130213499,0.0634723902,0.0430476069,0.4784524143,0.8258548379,0.1240783483,-0.2718362510,0.0000000000,0.0000000000,0.0000000000,0.0000000000,0.0000000000,0.0000000000,-0.3735465705,0.3579210937,-0.3066499829,0.9851943851,-0.1666598767,-0.0460990071,0.3028660119,0.6667656302,0.1806022823,-0.6567508578,
7023.031,0.1220740378,-0.0610370189,1.0376293659,0.0661641285,0.0035401471,-1.0106509924,-0.1572313607,-0.0393078402,-0.4377574921,0.0015665591,0.0077283890,-0.0127478838,0.0319647752,0.0953203961,-0.9950420856,0.0051666317,2.9908139706,0.6714072227,-11.2918481827,-0.5543382168,0.7855464220,-0.3496200442,-0.2946867347,0.4691305161,-0.3288674653,0.0146448016,0.0638296604,0.0449403822,0.4777264297,0.8259823918,0.1235987097,-0.2729418278,2.9908139706,0.6714072227,-11.2918481827,-0.5543382168,0.7855464220,-0.3496200442,-0.2946867347,0.4691305161,-0.3288674653,0.0146448016,0.0638296604,0.0449403822,0.4777264297,0.8259823918,0.1235987097,-0.2729418278,0.0000000000,0.0000000000,0.0000000000,0.0000000000,0.0000000000,0.0000000000,-0.3745231628,0.3593859673,-0.3086031675,0.9851943254,-0.1666603386,-0.0460995436,0.3029160202,0.6667518616,0.1806526482,-0.6567279696,
7023.044,0.1220740378,-0.0610370189,1.0376293659,0.0675069466,0.0017090365,-1.0113834143,-0.1569872200,-0.0400402844,-0.4391003251,0.0029107481,0.0059008789,-0.0134802461,0.0319642201,0.0952628776,-0.9950476289,0.0051665115,3.2349619865,0.9765923023,-11.4139223099,-0.5559251904,0.7839594483,-0.3501083553,-0.3003021479,0.4657124579,-0.3228858411,0.0143092275,0.0633658767,0.0446981490,0.4769671559,0.8261286616,0.1231177822,-0.2740421295,3.2349619865,0.9765923023,-11.4139223099,-0.5559251904,0.7839594483,-0.3501083553,-0.3003021479,0.4657124579,-0.3228858411,0.0143092275,0.0633658767,0.0446981490,0.4769671559,0.8261286616,0.1231177822,-0.2740421295,0.0000000000,0.0000000000,0.0000000000,0.0000000000,0.0000000000,0.0000000000,-0.3720816672,0.3569445014,-0.3105563521,0.9851942658,-0.1666607559,-0.0460999012,0.3029556572,0.6667408943,0.1806925088,-0.6567098498,
7023.057,0.1220740378,-0.1220740378,0.9765923023,0.0670186505,0.0026856288,-1.0108951330,-0.1568651348,-0.0386974700,-0.4354380965,0.0024366453,0.0068755387,-0.0129910111,0.0319575928,0.0951948017,-0.9950543642,0.0051626842,3.5401470661,1.4038513899,-11.9632558823,-0.5500656366,0.7740714550,-0.3509628475,-0.2982268631,0.4679097831,-0.3245948553,0.0214497447,0.0546839833,0.0441904962,0.4761751890,0.8262902498,0.1227373779,-0.2751009166,3.5401470661,1.4038513899,-11.9632558823,-0.5500656366,0.7740714550,-0.3509628475,-0.2982268631,0.4679097831,-0.3245948553,0.0214497447,0.0546839833,0.0441904962,0.4761751890,0.8262902498,0.1227373779,-0.2751009166,0.0000000000,0.0000000000,0.0000000000,0.0000000000,0.0000000000,0.0000000000,-0.3718375266,0.3593859673,-0.3105563521,0.9851942062,-0.1666612178,-0.0461002588,0.3030019403,0.6667281389,0.1807390898,-0.6566886306,
7023.070,0.1220740378,-0.1220740378,0.9765923023,0.0673848689,0.0030518509,-1.0097965002,-0.1612598002,-0.0412610248,-0.4409314394,0.0028148219,0.0072380123,-0.0118916035,0.0319520570,0.0951472372,-0.9950591326,0.0051587191,3.4791100025,1.0986663103,-12.3905143738,-0.5487228036,0.7695547342,-0.3486434519,-0.2966399193,0.4660786688,-0.3283791542,0.0241461396,0.0514121652,0.0468136966,0.4753735363,0.8264386058,0.1223556325,-0.2762090564,3.4791100025,1.0986663103,-12.3905143738,-0.5487228036,0.7695547342,-0.3486434519,-0.2966399193,0.4660786688,-0.3283791542,0.0241461396,0.0514121652,0.0468136966,0.4753735363,0.8264386058,0.1223556325,-0.2762090564,0.0000000000,0.0000000000,0.0000000000,0.0000000000,0.0000000000,0.0000000000,-0.3718375266,0.3584093750,-0.3066499829,0.9851940870,-0.1666616648,-0.0461007357,0.3030550182,0.6667134762,0.1807925701,-0.6566643119,
7023.083,0.1220740378,-0.1220740378,0.9765923023,0.0666524246,0.0028077029,-1.0107730627,-0.1568651348,-0.0396740623,-0.4387340844,0.0020981953,0.0069913501,-0.0128671527,0.0319445804,0.0950917155,-0.9950646758,0.0051549301,3.4180731773,0.6103702188,-12.8177738190,-0.5449385047,0.7695547342,-0.3473006487,-0.2962736785,0.4646137953,-0.3309427202,0.0293506384,0.0526815057,0.0483996272,0.4745706320,0.8265699148,0.1219653413,-0.2773672342,3.4180731773,0.6103702188,-12.8177738190,-0.5449385047,0.7695547342,-0.3473006487,-0.2962736785,0.4646137953,-0.3309427202,0.0293506384,0.0526815057,0.0483996272,0.4745706320,0.8265699148,0.1219653413,-0.2773672342,0.0000000000,0.0000000000,0.0000000000,0.0000000000,0.0000000000,0.0000000000,-0.3733024001,0.3584093750,-0.3125095367,0.9851939678,-0.1666621119,-0.0461010933,0.3030924797,0.6667031050,0.1808302104,-0.6566471457,
7023.096,0.1220740378,-0.1220740378,0.9765923023,0.0660420582,0.0032959990,-1.0116275549,-0.1525925547,-0.0412610248,-0.4378795624,0.0015068427,0.0074747452,-0.0137203336,0.0319354534,0.0950692073,-0.9950671196,0.0051508597,3.4180731773,-0.1220740378,-13.5502185822,-0.5615406036,0.7729728222,-0.3494979739,-0.2998138368,0.4668111205,-0.3280129433,0.0143482089,0.0574708581,0.0463590026,0.4737639725,0.8266634941,0.1216515452,-0.2786022127,3.4180731773,-0.1220740378,-13.5502185822,-0.5615406036,0.7729728222,-0.3494979739,-0.2998138368,0.4668111205,-0.3280129433,0.0143482089,0.0574708581,0.0463590026,0.4737639725,0.8266634941,0.1216515452,-0.2786022127,0.0000000000,0.0000000000,0.0000000000,0.0000000000,0.0000000000,0.0000000000,-0.3733024001,0.3608508706,-0.3086031675,0.9851939082,-0.1666625887,-0.0461015701,0.3031460643,0.6666883230,0.1808841974,-0.6566225886,
7023.109,0.0610370189,-0.1220740378,1.0376293659,0.0681173131,0.0024414808,-1.0102847815,-0.1554002464,-0.0437025055,-0.4371471405,0.0035903975,0.0066096047,-0.0123770237,0.0319318362,0.0950651690,-0.9950677752,0.0051450441,3.7232582569,0.2441480756,-13.7333288193,-0.5670338869,0.7729728222,-0.3542588651,-0.3007904291,0.4652241468,-0.3226416707,0.0104544759,0.0588968992,0.0418429077,0.4729318321,0.8267733455,0.1214088574,-0.2797938287,3.7232582569,0.2441480756,-13.7333288193,-0.5670338869,0.7729728222,-0.3542588651,-0.3007904291,0.4652241468,-0.3226416707,0.0104544759,0.0588968992,0.0418429077,0.4729318321,0.8267733455,0.1214088574,-0.2797938287,0.0000000000,0.0000000000,0.0000000000,0.0000000000,0.0000000000,0.0000000000,-0.3730582595,0.3608508706,-0.3105563521,0.9851938486,-0.1666630507,-0.0461018682,0.3031946719,0.6666749120,0.1809331477,-0.6566002965,
7023.122,0.1220740378,-0.1220740378,1.0376293659,0.0664082766,0.0026856288,-1.0108951330,-0.1554002464,-0.0426038392,-0.4369029701,0.0018982664,0.0068526152,-0.0129863024,0.0319235623,0.0950472504,-0.9950696826,0.0051430971,3.9674062729,0.7934812307,-13.8554029465,-0.5715506673,0.7699209452,-0.3586535156,-0.3022553325,0.4668111205,-0.3281350136,0.0075193644,0.0573199987,0.0377949476,0.4720532894,0.8269122243,0.1211757362,-0.2809652686,3.9674062729,0.7934812307,-13.8554029465,-0.5715506673,0.7699209452,-0.3586535156,-0.3022553325,0.4668111205,-0.3281350136,0.0075193644,0.0573199987,0.0377949476,0.4720532894,0.8269122243,0.1211757362,-0.2809652686,0.0000000000,0.0000000000,0.0000000000,0.0000000000,0.0000000000,0.0000000000,-0.3740348518,0.3603625596,-0.3105563521,0.9851937294,-0.1666635126,-0.0461022258,0.3032411337,0.6666620970,0.1809799373,-0.6565789580,
7023.135,0.1220740378,-0.1220740378,1.0376293659,0.0657979101,0.0031739250,-1.0104068518,-0.1577196568,-0.0393078402,-0.4375133514,0.0013075247,0.0073373551,-0.0124967098,0.0319142900,0.0949804559,-0.9950764775,0.0051382473,4.0894804001,1.4038513899,-14.3436994553,-0.5671559572,0.7590563893,-0.3647572398,-0.3066499829,0.4696188271,-0.3265480399,0.0135030746,0.0480088592,0.0321558714,0.4711401165,0.8270726204,0.1210402474,-0.2820823491,4.0894804001,1.4038513899,-14.3436994553,-0.5671559572,0.7590563893,-0.3647572398,-0.3066499829,0.4696188271,-0.3265480399,0.0135030746,0.0480088592,0.0321558714,0.4711401165,0.8270726204,0.1210402474,-0.2820823491,0.0000000000,0.0000000000,0.0000000000,0.0000000000,0.0000000000,0.0000000000,-0.3728141189,0.3623157442,-0.3066499829,0.9851936102,-0.1666639894,-0.0461025834,0.3033030927,0.6666449904,0.1810424179,-0.6565504670,
7023.148,0.1220740378,-0.1220740378,1.0376293659,0.0665303543,0.0034180731,-1.0108951330,-0.1536912173,-0.0412610248,-0.4393444657,0.0020560771,0.0075767641,-0.0129839182,0.0319066457,0.0949499160,-0.9950795770,0.0051341411,3.9674062729,1.2207404375,-14.7709589005,-0.5650807023,0.7547837496,-0.3640247881,-0.3049409389,0.4682760239,-0.3280129433,0.0172233582,0.0453251600,0.0333209038,0.4702285230,0.8272180557,0.1209395379,-0.2832177281,3.9674062729,1.2207404375,-14.7709589005,-0.5650807023,0.7547837496,-0.3640247881,-0.3049409389,0.4682760239,-0.3280129433,0.0172233582,0.0453251600,0.0333209038,0.4702285230,0.8272180557,0.1209395379,-0.2832177281,0.0000000000,0.0000000000,0.0000000000,0.0000000000,0.0000000000,0.0000000000,-0.3750114441,0.3613391519,-0.3125095367,0.9851936698,-0.1666644663,-0.0461030602,0.3033463359,0.6666330695,0.1810859144,-0.6565306783,
7023.161,0.1220740378,-0.1220740378,0.9765923023,0.0660420582,0.0042725913,-1.0111392736,-0.1573534310,-0.0401623584,-0.4348277152,0.0015862286,0.0084216623,-0.0132268071,0.0318981558,0.0949016660,-0.9950845838,0.0051269247,3.7232582569,0.7324442267,-15.3202915192,-0.5638599992,0.7495346069,-0.3621936738,-0.3060396016,0.4686422348,-0.3295999169,0.0201870799,0.0417070985,0.0355021656,0.4693265259,0.8273338079,0.1208708063,-0.2844023407,3.7232582569,0.7324442267,-15.3202915192,-0.5638599992,0.7495346069,-0.3621936738,-0.3060396016,0.4686422348,-0.3295999169,0.0201870799,0.0417070985,0.0355021656,0.4693265259,0.8273338079,0.1208708063,-0.2844023407,0.0000000000,0.0000000000,0.0000000000,0.0000000000,0.0000000000,0.0000000000,-0.3730582595,0.3618274629,-0.3086031675,0.9851933122,-0.1666649133,-0.0461031795,0.3034013808,0.6666178107,0.1811414212,-0.6565052867,
7023.174,0.1220740378,-0.1220740378,0.9765923023,0.0654316843,0.0039063692,-1.0110172033,-0.1563768387,-0.0394299142,-0.4361705482,0.0009972006,0.0080476683,-0.0131033659,0.0318881720,0.0948464870,-0.9950900078,0.0051202709,3.4791100025,-0.0610370189,-16.4799957275,-0.5711843967,0.7505111694,-0.3606067002,-0.3084810972,0.4694967568,-0.3269142807,0.0148152113,0.0444236398,0.0373098254,0.4684378505,0.8273952603,0.1209066734,-0.2856706381,3.4791100025,-0.0610370189,-16.4799957275,-0.5711843967,0.7505111694,-0.3606067002,-0.3084810972,0.4694967568,-0.3269142807,0.0148152113,0.0444236398,0.0373098254,0.4684378505,0.8273952603,0.1209066734,-0.2856706381,0.0000000000,0.0000000000,0.0000000000,0.0000000000,0.0000000000,0.0000000000,-0.3737907112,0.3623157442,-0.3125095367,0.9851934314,-0.1666654050,-0.0461037159,0.3034474850,0.6666051149,0.1811878234,-0.6564841866,
7023.187,0.1220740378,-0.1220740378,0.9765923023,0.0660420582,0.0028077029,-1.0105289221,-0.1551561058,-0.0434583575,-0.4340952933,0.0016256198,0.0069466876,-0.0126138926,0.0318792798,0.0948477089,-0.9950903058,0.0051182983,3.5401470661,-0.0610370189,-16.8462181091,-0.5755791068,0.7513657212,-0.3588976860,-0.3083590269,0.4671773314,-0.3260597587,0.0124183297,0.0470616221,0.0392321348,0.4675406516,0.8274495602,0.1209762469,-0.2869509161,3.5401470661,-0.0610370189,-16.8462181091,-0.5755791068,0.7513657212,-0.3588976860,-0.3083590269,0.4671773314,-0.3260597587,0.0124183297,0.0470616221,0.0392321348,0.4675406516,0.8274495602,0.1209762469,-0.2869509161,0.0000000000,0.0000000000,0.0000000000,0.0000000000,0.0000000000,0.0000000000,-0.3747673035,0.3608508706,-0.3105563521,0.9851931334,-0.1666658074,-0.0461039543,0.3034935594,0.6665922999,0.1812342256,-0.6564629674,
7023.200,0.1220740378,-0.1220740378,1.0376293659,0.0660420582,0.0053712577,-1.0107730627,-0.1550340354,-0.0437025055,-0.4289681613,0.0016437098,0.0094959661,-0.0128567815,0.0318709351,0.0948486179,-0.9950904846,0.0051103574,3.7232582569,0.1831110567,-17.2124385834,-0.5767998099,0.7503890991,-0.3588976860,-0.3118991554,0.4701071084,-0.3311868608,0.0132145286,0.0479204059,0.0394908786,0.4666115344,0.8275154233,0.1210605949,-0.2882349789,3.7232582569,0.1831110567,-17.2124385834,-0.5767998099,0.7503890991,-0.3588976860,-0.3118991554,0.4701071084,-0.3311868608,0.0132145286,0.0479204059,0.0394908786,0.4666115344,0.8275154233,0.1210605949,-0.2882349789,0.0000000000,0.0000000000,0.0000000000,0.0000000000,0.0000000000,0.0000000000,-0.3730582595,0.3598742783,-0.3125095367,0.9851931334,-0.1666662842,-0.0461043715,0.3035329580,0.6665813923,0.1812738329,-0.6564449072,
7023.213,0.1220740378,-0.1220740378,0.9765923023,0.0655537620,0.0021973327,-1.0101627111,-0.1561326981,-0.0408948027,-0.4270149767,0.0011755750,0.0063228137,-0.0122451782,0.0318610184,0.0948155522,-0.9950939417,0.0051087243,3.7842950821,0.3051851094,-17.8838462830,-0.5798516870,0.7459944487,-0.3588976860,-0.3145847917,0.4697408974,-0.3276467323,0.0122565627,0.0454484224,0.0397696495,0.4656673968,0.8275734782,0.1212396696,-0.2895172238,3.7842950821,0.3051851094,-17.8838462830,-0.5798516870,0.7459944487,-0.3588976860,-0.3145847917,0.4697408974,-0.3276467323,0.0122565627,0.0454484224,0.0397696495,0.4656673968,0.8275734782,0.1212396696,-0.2895172238,0.0000000000,0.0000000000,0.0000000000,0.0000000000,0.0000000000,0.0000000000,-0.3720816672,0.3623157442,-0.3086031675,0.9851930141,-0.1666667312,-0.0461047888,0.3035889864,0.6665658951,0.1813303232,-0.6564191580,
7023.226,0.1220740378,-0.0610370189,1.0376293659,0.0660420582,0.0010986663,-1.0105289221,-0.1579638124,-0.0415051728,-0.4306772053,0.0016710535,0.0052310312,-0.0126109123,0.0318572968,0.0947792456,-0.9950975180,0.0051106480,3.7842950821,0.1220740378,-18.1890316010,-0.5885189176,0.7426984310,-0.3579210937,-0.3164159060,0.4693746865,-0.3241065741,0.0057528019,0.0441287160,0.0409947038,0.4647295177,0.8276115060,0.1214918196,-0.2908067703,3.7842950821,0.1220740378,-18.1890316010,-0.5885189176,0.7426984310,-0.3579210937,-0.3164159060,0.4693746865,-0.3241065741,0.0057528019,0.0441287160,0.0409947038,0.4647295177,0.8276115060,0.1214918196,-0.2908067703,0.0000000000,0.0000000000,0.0000000000,0.0000000000,0.0000000000,0.0000000000,-0.3742789924,0.3608508706,-0.3125095367,0.9851928949,-0.1666672230,-0.0461051464,0.3036298752,0.6665545702,0.1813714355,-0.6564003825,
7023.239,0.1831110567,-0.1220740378,1.0376293659,0.0664082766,0.0028077029,-1.0113834143,-0.1556444019,-0.0426038392,-0.4356822371,0.0020535216,0.0069491188,-0.0134644508,0.0318488516,0.0947629362,-0.9950994253,0.0051138597,3.8453321457,-0.1220740378,-18.3721427917,-0.5974303484,0.7430646420,-0.3545030057,-0.3145847917,0.4698629677,-0.3270363510,-0.0009407401,0.0465044975,0.0446167886,0.4637944698,0.8276324868,0.1217690483,-0.2921212018,3.8453321457,-0.1220740378,-18.3721427917,-0.5974303484,0.7430646420,-0.3545030057,-0.3145847917,0.4698629677,-0.3270363510,-0.0009407401,0.0465044975,0.0446167886,0.4637944698,0.8276324868,0.1217690483,-0.2921212018,0.0000000000,0.0000000000,0.0000000000,0.0000000000,0.0000000000,0.0000000000,-0.3737907112,0.3628040552,-0.3066499829,0.9851928353,-0.1666676700,-0.0461055040,0.3036906123,0.6665377617,0.1814327091,-0.6563724279,
7023.252,0.1220740378,-0.0610370189,0.9765923023,0.0651875362,0.0028077029,-1.0097965002,-0.1560106277,-0.0443128757,-0.4320200086,0.0008437857,0.0069467812,-0.0118767619,0.0318434238,0.0947736353,-0.9950985312,0.0051125148,4.0894804001,-0.6103702188,-18.1890316010,-0.6109805703,0.7412335873,-0.3610950112,-0.3166600466,0.4674215019,-0.3277688026,-0.0122396946,0.0467206240,0.0382211208,0.4628243744,0.8276585340,0.1219947115,-0.2934885621,4.0894804001,-0.6103702188,-18.1890316010,-0.6109805703,0.7412335873,-0.3610950112,-0.3166600466,0.4674215019,-0.3277688026,-0.0122396946,0.0467206240,0.0382211208,0.4628243744,0.8276585340,0.1219947115,-0.2934885621,0.0000000000,0.0000000000,0.0000000000,0.0000000000,0.0000000000,0.0000000000,-0.3750114441,0.3637806475,-0.3066499829,0.9851927161,-0.1666681319,-0.0461058617,0.3037529886,0.6665204763,0.1814956516,-0.6563436985,
7023.265,0.1220740378,-0.1220740378,1.0376293659,0.0662862062,0.0026856288,-1.0113834143,-0.1518601030,-0.0445570238,-0.4270149767,0.0019591823,0.0068236887,-0.0134626031,0.0318350196,0.0947961286,-0.9950966239,0.0051119323,4.1505174637,-0.4272591472,-17.9448833466,-0.6168401241,0.7364726663,-0.3700064123,-0.3149510324,0.4702292085,-0.3293557465,-0.0158902407,0.0440185666,0.0295670331,0.4618542492,0.8276944160,0.1222787648,-0.2947947383,4.1505174637,-0.4272591472,-17.9448833466,-0.6168401241,0.7364726663,-0.3700064123,-0.3149510324,0.4702292085,-0.3293557465,-0.0158902407,0.0440185666,0.0295670331,0.4618542492,0.8276944160,0.1222787648,-0.2947947383,0.0000000000,0.0000000000,0.0000000000,0.0000000000,0.0000000000,0.0000000000,-0.3728141189,0.3603625596,-0.3105563521,0.9851926565,-0.1666685790,-0.0461062789,0.3037973642,0.6665081978,0.1815403104,-0.6563233137,
7023.278,0.1220740378,-0.1220740378,1.0376293659,0.0679952428,0.0023194067,-1.0127261877,-0.1575975865,-0.0430921353,-0.4397106767,0.0036768988,0.0064582727,-0.0148048401,0.0318307430,0.0947792828,-0.9950983524,0.0051113819,4.1505174637,0.1220740378,-17.8838462830,-0.6185491681,0.7319559455,-0.3783074319,-0.3166600466,0.4703512788,-0.3304544091,-0.0154486299,0.0415771604,0.0216163695,0.4608640075,0.8277539611,0.1225917041,-0.2960447073,4.1505174637,0.1220740378,-17.8838462830,-0.6185491681,0.7319559455,-0.3783074319,-0.3166600466,0.4703512788,-0.3304544091,-0.0154486299,0.0415771604,0.0216163695,0.4608640075,0.8277539611,0.1225917041,-0.2960447073,0.0000000000,0.0000000000,0.0000000000,0.0000000000,0.0000000000,0.0000000000,-0.3718375266,0.3593859673,-0.3105563521,0.9851925969,-0.1666690260,-0.0461066365,0.3038394153,0.6664965153,0.1815826148,-0.6563040018,
7023.291,0.1220740378,-0.0610370189,0.9765923023,0.0662862062,0.0028077029,-1.0101627111,-0.1575975865,-0.0469985045,-0.4351939559,0.0019733831,0.0069442443,-0.0122410059,0.0318278968,0.0948186591,-0.9950947165,0.0051112212,4.1505174637,1.1597033739,-18.3111057281,-0.6098818779,0.7257301807,-0.3744010627,-0.3170262873,0.4701071084,-0.3302102685,-0.0046787858,0.0374603271,0.0259805620,0.4598651230,0.8278318644,0.1229977384,-0.2972091138,4.1505174637,1.1597033739,-18.3111057281,-0.6098818779,0.7257301807,-0.3744010627,-0.3170262873,0.4701071084,-0.3302102685,-0.0046787858,0.0374603271,0.0259805620,0.4598651230,0.8278318644,0.1229977384,-0.2972091138,0.0000000000,0.0000000000,0.0000000000,0.0000000000,0.0000000000,0.0000000000,-0.3733024001,0.3598742783,-0.3066499829,0.9851924181,-0.1666695029,-0.0461069942,0.3038914204,0.6664820910,0.1816350222,-0.6562800407,
7023.304,0.1220740378,-0.1220740378,0.9765923023,0.0668965727,0.0034180731,-1.0108951330,-0.1555223316,-0.0446790978,-0.4408093393,0.0025971085,0.0075492961,-0.0129725337,0.0318214148,0.0948332399,-0.9950935245,0.0051084035,4.1505174637,1.0986663103,-18.7383651733,-0.6107364297,0.7223120928,-0.3671987057,-0.3186132312,0.4675435722,-0.3303323388,-0.0033740997,0.0361925364,0.0336037874,0.4588596225,0.8278965950,0.1234172955,-0.2984067798,4.1505174637,1.0986663103,-18.7383651733,-0.6107364297,0.7223120928,-0.3671987057,-0.3186132312,0.4675435722,-0.3303323388,-0.0033740997,0.0361925364,0.0336037874,0.4588596225,0.8278965950,0.1234172955,-0.2984067798,0.0000000000,0.0000000000,0.0000000000,0.0000000000,0.0000000000,0.0000000000,-0.3713492155,0.3603625596,-0.2968840599,0.9851923585,-0.1666699797,-0.0461073518,0.3039703965,0.6664602160,0.1817148179,-0.6562436223,
7023.317,0.1220740378,-0.1220740378,0.9765923023,0.0667745024,0.0029297769,-1.0110172033,-0.1569872200,-0.0426038392,-0.4343394339,0.0024889782,0.0070581175,-0.0130937099,0.0318146795,0.0948183611,-0.9950951338,0.0051058293,4.2725911140,0.6714072227,-19.1045875549,-0.6150090098,0.7210913301,-0.3602404892,-0.3175145686,0.4693746865,-0.3317972422,-0.0054073930,0.0371685028,0.0409166515,0.4578659534,0.8279333711,0.1238883734,-0.2996334434,4.2725911140,0.6714072227,-19.1045875549,-0.6150090098,0.7210913301,-0.3602404892,-0.3175145686,0.4693746865,-0.3317972422,-0.0054073930,0.0371685028,0.0409166515,0.4578659534,0.8279333711,0.1238883734,-0.2996334434,0.0000000000,0.0000000000,0.0000000000,0.0000000000,0.0000000000,0.0000000000,-0.3740348518,0.3623157442,-0.3086031675,0.9851921797,-0.1666704118,-0.0461076498,0.3040230870,0.6664455533,0.1817679256,-0.6562193036,
7023.330,0.1220740378,-0.1220740378,0.9765923023,0.0661641285,0.0043946654,-1.0102847815,-0.1573534310,-0.0439466536,-0.4356822371,0.0018952265,0.0085128881,-0.0123601556,0.0318068676,0.0948195755,-0.9950954318,0.0051000384,4.3946652412,0.1831110567,-19.2876987457,-0.6291695833,0.7185277939,-0.3598742783,-0.3200781345,0.4698629677,-0.3324075937,-0.0172418952,0.0368625522,0.0415834785,0.4568611085,0.8279511333,0.1243747398,-0.3009137213,4.3946652412,0.1831110567,-19.2876987457,-0.6291695833,0.7185277939,-0.3598742783,-0.3200781345,0.4698629677,-0.3324075937,-0.0172418952,0.0368625522,0.0415834785,0.4568611085,0.8279511333,0.1243747398,-0.3009137213,0.0000000000,0.0000000000,0.0000000000,0.0000000000,0.0000000000,0.0000000000,-0.3742789924,0.3637806475,-0.3086031675,0.9851922989,-0.1666709483,-0.0461081862,0.3040793836,0.6664299965,0.1818246692,-0.6561934352,
7023.343,0.1220740378,-0.1220740378,0.9765923023,0.0661641285,0.0025635548,-1.0107730627,-0.1577196568,-0.0441908017,-0.4395886064,0.0019119531,0.0066807591,-0.0128473639,0.0317985713,0.0948217958,-0.9950953126,0.0050988076,4.7608876228,0.0610370189,-19.1045875549,-0.6316110492,0.7159642577,-0.3609729409,-0.3189794719,0.4699850380,-0.3274025619,-0.0173782110,0.0365724564,0.0408179760,0.4558665752,0.8279680610,0.1249311864,-0.3021426797,4.7608876228,0.0610370189,-19.1045875549,-0.6316110492,0.7159642577,-0.3609729409,-0.3189794719,0.4699850380,-0.3274025619,-0.0173782110,0.0365724564,0.0408179760,0.4558665752,0.8279680610,0.1249311864,-0.3021426797,0.0000000000,0.0000000000,0.0000000000,0.0000000000,0.0000000000,0.0000000000,-0.3728141189,0.3574327826,-0.2949308753,0.9851920605,-0.1666714251,-0.0461085439,0.3041536212,0.6664093733,0.1818996370,-0.6561591625,
7023.356,0.1220740378,-0.1220740378,0.9765923023,0.0653096139,0.0031739250,-1.0111392736,-0.1584521085,-0.0433362834,-0.4391003251,0.0010783672,0.0072871051,-0.0132122040,0.0317883827,0.0948112458,-0.9950968027,0.0050954702,5.0050354004,0.0610370189,-18.8604393005,-0.6328318119,0.7134006619,-0.3635364771,-0.3242286444,0.4718161523,-0.3304544091,-0.0163358450,0.0362824202,0.0386257470,0.4548493028,0.8280017972,0.1254488081,-0.3033660948,5.0050354004,0.0610370189,-18.8604393005,-0.6328318119,0.7134006619,-0.3635364771,-0.3242286444,0.4718161523,-0.3304544091,-0.0163358450,0.0362824202,0.0386257470,0.4548493028,0.8280017972,0.1254488081,-0.3033660948,0.0000000000,0.0000000000,0.0000000000,0.0000000000,0.0000000000,0.0000000000,-0.3725699782,0.3671987057,-0.3086031675,0.9851920009,-0.1666719168,-0.0461089015,0.3042193651,0.6663911343,0.1819659919,-0.6561288238,
7023.369,0.1220740378,-0.1220740378,0.9765923023,0.0645771697,0.0028077029,-1.0112613440,-0.1575975865,-0.0444349498,-0.4343394339,0.0003704056,0.0069186836,-0.0133327246,0.0317762494,0.0948183462,-0.9950964451,0.0050934376,5.0050354004,-0.0610370189,-18.7383651733,-0.6336863041,0.7125461698,-0.3674428463,-0.3238624334,0.4734031260,-0.3349711597,-0.0149519444,0.0376936793,0.0350900590,0.4538304210,0.8280376792,0.1259502620,-0.3045841157,5.0050354004,-0.0610370189,-18.7383651733,-0.6336863041,0.7125461698,-0.3674428463,-0.3238624334,0.4734031260,-0.3349711597,-0.0149519444,0.0376936793,0.0350900590,0.4538304210,0.8280376792,0.1259502620,-0.3045841157,0.0000000000,0.0000000000,0.0000000000,0.0000000000,0.0000000000,0.0000000000,-0.3730582595,0.3652455211,-0.3086031675,0.9851919413,-0.1666723788,-0.0461091995,0.3042792678,0.6663745046,0.1820264310,-0.6561011672,
7023.382,0.1220740378,-0.1220740378,1.0376293659,0.0642109439,0.0031739250,-1.0099185705,-0.1583300233,-0.0424817652,-0.4355601668,0.0000299364,0.0072815684,-0.0119882226,0.0317636952,0.0947928801,-0.9950994253,0.0050897365,5.0050354004,-0.6714072227,-18.4942169189,-0.6407666206,0.7052217126,-0.3674428463,-0.3220313191,0.4707174897,-0.3330179751,-0.0197619200,0.0326389074,0.0353921652,0.4528254271,0.8280527592,0.1264493763,-0.3058293760,5.0050354004,-0.6714072227,-18.4942169189,-0.6407666206,0.7052217126,-0.3674428463,-0.3220313191,0.4707174897,-0.3330179751,-0.0197619200,0.0326389074,0.0353921652,0.4528254271,0.8280527592,0.1264493763,-0.3058293760,0.0000000000,0.0000000000,0.0000000000,0.0000000000,0.0000000000,0.0000000000,-0.3740348518,0.3652455211,-0.3086031675,0.9851916432,-0.1666728258,-0.0461094379,0.3043382764,0.6663580537,0.1820859760,-0.6560738683,
7023.395,0.1220740378,-0.1220740378,0.9765923023,0.0648213178,0.0017090365,-1.0110172033,-0.1589404047,-0.0435804315,-0.4366588295,0.0006632581,0.0058199214,-0.0130854249,0.0317521431,0.0947847739,-0.9951004982,0.0050900006,4.9439983368,-1.2207404375,-18.4331798553,-0.6478469372,0.7068086863,-0.3715933859,-0.3306985795,0.4730368853,-0.3331400454,-0.0245463252,0.0364969373,0.0314809382,0.4518296123,0.8280507922,0.1269342005,-0.3071039617,4.9439983368,-1.2207404375,-18.4331798553,-0.6478469372,0.7068086863,-0.3715933859,-0.3306985795,0.4730368853,-0.3331400454,-0.0245463252,0.0364969373,0.0314809382,0.4518296123,0.8280507922,0.1269342005,-0.3071039617,0.0000000000,0.0000000000,0.0000000000,0.0000000000,0.0000000000,0.0000000000,-0.3723258078,0.3623157442,-0.2949308753,0.9851918221,-0.1666733474,-0.0461099744,0.3044248223,0.6663340926,0.1821734607,-0.6560339332,
7023.408,0.1220740378,-0.1220740378,0.9765923023,0.0666524246,0.0039063692,-1.0108951330,-0.1566209942,-0.0445570238,-0.4348277152,0.0025081635,0.0080096256,-0.0129624605,0.0317455716,0.0947965160,-0.9950995445,0.0050859209,5.0050354004,-1.1597033739,-18.3111057281,-0.6595660448,0.7085177302,-0.3774529397,-0.3247169554,0.4721823931,-0.3297219872,-0.0339832306,0.0404917598,0.0258804560,0.4508554935,0.8280407786,0.1275086701,-0.3083222806,5.0050354004,-1.1597033739,-18.3111057281,-0.6595660448,0.7085177302,-0.3774529397,-0.3247169554,0.4721823931,-0.3297219872,-0.0339832306,0.0404917598,0.0258804560,0.4508554935,0.8280407786,0.1275086701,-0.3083222806,0.0000000000,0.0000000000,0.0000000000,0.0000000000,0.0000000000,0.0000000000,-0.3750114441,0.3613391519,-0.3105563521,0.9851914644,-0.1666737497,-0.0461100936,0.3044671714,0.6663222313,0.1822160929,-0.6560143232,
7023.421,0.1220740378,-0.0610370189,0.9765923023,0.0657979101,0.0031739250,-1.0110172033,-0.1568651348,-0.0427259132,-0.4344615042,0.0016609654,0.0072732065,-0.0130839944,0.0317421742,0.0947840437,-0.9951008558,0.0050831954,5.5543684959,1.0376293659,-17.6396980286,-0.6683553457,0.7015594840,-0.3840449154,-0.3297219872,0.4732810557,-0.3328959048,-0.0407102108,0.0358255506,0.0198735893,0.4498065114,0.8281269073,0.1280953735,-0.3093782067,5.5543684959,1.0376293659,-17.6396980286,-0.6683553457,0.7015594840,-0.3840449154,-0.3297219872,0.4732810557,-0.3328959048,-0.0407102108,0.0358255506,0.0198735893,0.4498065114,0.8281269073,0.1280953735,-0.3093782067,0.0000000000,0.0000000000,0.0000000000,0.0000000000,0.0000000000,0.0000000000,-0.3750114441,0.3628040552,-0.3066499829,0.9851915836,-0.1666742414,-0.0461107492,0.3045230210,0.6663067341,0.1822724044,-0.6559886336,
7023.434,0.1220740378,-0.1220740378,0.9765923023,0.0648213178,0.0026856288,-1.0108951330,-0.1543015838,-0.0437025055,-0.4321421087,0.0007070601,0.0067833634,-0.0129604340,0.0317308977,0.0947923362,-0.9951004386,0.0050816108,5.8595538139,2.0752587318,-17.3955497742,-0.6631062031,0.6969206929,-0.3819696605,-0.3298440576,0.4714499414,-0.3321634531,-0.0335209370,0.0334681273,0.0226815641,0.4487386048,0.8282529116,0.1287083924,-0.3103353977,5.8595538139,2.0752587318,-17.3955497742,-0.6631062031,0.6969206929,-0.3819696605,-0.3298440576,0.4714499414,-0.3321634531,-0.0335209370,0.0334681273,0.0226815641,0.4487386048,0.8282529116,0.1287083924,-0.3103353977,0.0000000000,0.0000000000,0.0000000000,0.0000000000,0.0000000000,0.0000000000,-0.3720816672,0.3628040552,-0.2968840599,0.9851913452,-0.1666746736,-0.0461109877,0.3046050072,0.6662838459,0.1823552698,-0.6559506655,
7023.447,0.1220740378,-0.0610370189,0.9765923023,0.0659199804,0.0024414808,-1.0106509924,-0.1523483992,-0.0435804315,-0.4305551350,0.0018121749,0.0065388759,-0.0127158761,0.0317276306,0.0948052779,-0.9950993061,0.0050815474,6.0426650047,2.3804438114,-17.2734756470,-0.6620075107,0.6898403764,-0.3796502650,-0.3298440576,0.4746238589,-0.3335062861,-0.0305202007,0.0286773443,0.0257832408,0.4476747215,0.8283856511,0.1293720007,-0.3112404048,6.0426650047,2.3804438114,-17.2734756470,-0.6620075107,0.6898403764,-0.3796502650,-0.3298440576,0.4746238589,-0.3335062861,-0.0305202007,0.0286773443,0.0257832408,0.4476747215,0.8283856511,0.1293720007,-0.3112404048,0.0000000000,0.0000000000,0.0000000000,0.0000000000,0.0000000000,0.0000000000,-0.3723258078,0.3632923365,-0.2929776907,0.9851912856,-0.1666751653,-0.0461114645,0.3046979308,0.6662579775,0.1824492216,-0.6559076905,
7023.460,0.1220740378,-0.0610370189,0.9765923023,0.0653096139,0.0031739250,-1.0110172033,-0.1549119502,-0.0422376171,-0.4290902317,0.0012113526,0.0072673680,-0.0130814910,0.0317231230,0.0947934017,-0.9951006174,0.0050787469,6.1647391319,1.7090365887,-17.3345127106,-0.6626178622,0.6826380491,-0.3735465705,-0.3321634531,0.4758445919,-0.3339945674,-0.0291660428,0.0237877369,0.0325862467,0.4466216564,0.8284920454,0.1300404072,-0.3121901453,6.1647391319,1.7090365887,-17.3345127106,-0.6626178622,0.6826380491,-0.3735465705,-0.3321634531,0.4758445919,-0.3339945674,-0.0291660428,0.0237877369,0.0325862467,0.4466216564,0.8284920454,0.1300404072,-0.3121901453,0.0000000000,0.0000000000,0.0000000000,0.0000000000,0.0000000000,0.0000000000,-0.3715933859,0.3667104244,-0.2968840599,0.9851912856,-0.1666756719,-0.0461120605,0.3047898710,0.6662324071,0.1825421751,-0.6558651924,
7023.473,0.1220740378,-0.0610370189,0.9765923023,0.0656758323,0.0021973327,-1.0106509924,-0.1502731442,-0.0415051728,-0.4322641790,0.0015851483,0.0062916605,-0.0127148032,0.0317193493,0.0947847143,-0.9951015711,0.0050785504,6.2257757187,1.3428144455,-17.2734756470,-0.6653035283,0.6809290051,-0.3714712858,-0.3341166377,0.4746238589,-0.3348490894,-0.0298712850,0.0243914723,0.0353122950,0.4455714524,0.8285871744,0.1306839585,-0.3131681383,6.2257757187,1.3428144455,-17.2734756470,-0.6653035283,0.6809290051,-0.3714712858,-0.3341166377,0.4746238589,-0.3348490894,-0.0298712850,0.0243914723,0.0353122950,0.4455714524,0.8285871744,0.1306839585,-0.3131681383,0.0000000000,0.0000000000,0.0000000000,0.0000000000,0.0000000000,0.0000000000,-0.3715933859,0.3642689288,-0.2929776907,0.9851909280,-0.1666760743,-0.0461121202,0.3048848510,0.6662058234,0.1826382577,-0.6558210850,
7023.486,0.1220740378,-0.0610370189,0.9765923023,0.0660420582,0.0035401471,-1.0107730627,-0.1521042585,-0.0441908017,-0.4307992756,0.0019571409,0.0076287244,-0.0128365159,0.0317166336,0.0948065370,-0.9950996041,0.0050761080,6.4088869095,1.2817773819,-17.1514015198,-0.6642048359,0.6788537502,-0.3736686409,-0.3348490894,0.4748679996,-0.3350932300,-0.0268204212,0.0246300697,0.0337876379,0.4445190132,0.8286873102,0.1313342154,-0.3141253293,6.4088869095,1.2817773819,-17.1514015198,-0.6642048359,0.6788537502,-0.3736686409,-0.3348490894,0.4748679996,-0.3350932300,-0.0268204212,0.0246300697,0.0337876379,0.4445190132,0.8286873102,0.1313342154,-0.3141253293,0.0000000000,0.0000000000,0.0000000000,0.0000000000,0.0000000000,0.0000000000,-0.3737907112,0.3618274629,-0.2968840599,0.9851914048,-0.1666766256,-0.0461131334,0.3049614429,0.6661846638,0.1827156395,-0.6557858586,
7023.499,0.1220740378,-0.1220740378,0.9765923023,0.0665303543,0.0034180731,-1.0108951330,-0.1541795135,-0.0417493209,-0.4387340844,0.0024594590,0.0075015323,-0.0129576325,0.0317099839,0.0947882161,-0.9951015711,0.0050723087,6.6530351639,1.5259255171,-16.9682903290,-0.6672567129,0.6748253107,-0.3835566342,-0.3364360631,0.4768211842,-0.3396099806,-0.0279707909,0.0229378343,0.0246639848,0.4434283972,0.8288172483,0.1319677532,-0.3150570393,6.6530351639,1.5259255171,-16.9682903290,-0.6672567129,0.6748253107,-0.3835566342,-0.3364360631,0.4768211842,-0.3396099806,-0.0279707909,0.0229378343,0.0246639848,0.4434283972,0.8288172483,0.1319677532,-0.3150570393,0.0000000000,0.0000000000,0.0000000000,0.0000000000,0.0000000000,0.0000000000,-0.3747673035,0.3637806475,-0.3086031675,0.9851908088,-0.1666769981,-0.0461130738,0.3050126433,0.6661701798,0.1827672571,-0.6557620168,
7023.512,0.1220740378,-0.1220740378,1.0376293659,0.0666524246,0.0031739250,-1.0111392736,-0.1575975865,-0.0410168767,-0.4332407713,0.0025950000,0.0072541805,-0.0132008791,0.0317036286,0.0947469398,-0.9951056838,0.0050687576,6.5919981003,1.7090365887,-16.8462181091,-0.6662800908,0.6706747413,-0.3858760297,-0.3379009366,0.4725486040,-0.3336283565,-0.0251334906,0.0211129785,0.0231324732,0.4423565269,0.8289461136,0.1326491237,-0.3159373999,6.5919981003,1.7090365887,-16.8462181091,-0.6662800908,0.6706747413,-0.3858760297,-0.3379009366,0.4725486040,-0.3336283565,-0.0251334906,0.0211129785,0.0231324732,0.4423565269,0.8289461136,0.1326491237,-0.3159373999,0.0000000000,0.0000000000,0.0000000000,0.0000000000,0.0000000000,0.0000000000,-0.3745231628,0.3632923365,-0.3105563521,0.9851907492,-0.1666774750,-0.0461134315,0.3050576448,0.6661576033,0.1828125566,-0.6557412148,
7023.525,0.1220740378,-0.1220740378,0.9765923023,0.0682393909,0.0030518509,-1.0100406408,-0.1556444019,-0.0435804315,-0.4281136394,0.0041871443,0.0071288240,-0.0121018887,0.0317011811,0.0947510600,-0.9951055050,0.0050670076,6.4699239731,1.5259255171,-16.9072551727,-0.6643269062,0.6667683721,-0.3892941177,-0.3380230069,0.4729148149,-0.3348490894,-0.0213180184,0.0195364356,0.0204831958,0.4412944019,0.8290659189,0.1333473474,-0.3168132007,6.4699239731,1.5259255171,-16.9072551727,-0.6643269062,0.6667683721,-0.3892941177,-0.3380230069,0.4729148149,-0.3348490894,-0.0213180184,0.0195364356,0.0204831958,0.4412944019,0.8290659189,0.1333473474,-0.3168132007,0.0000000000,0.0000000000,0.0000000000,0.0000000000,0.0000000000,0.0000000000,-0.3718375266,0.3647572398,-0.3105563521,0.9851907492,-0.1666779667,-0.0461139083,0.3051079214,0.6661435962,0.1828632057,-0.6557180285,
7023.538,0.1220740378,-0.1220740378,1.0376293659,0.0644550920,0.0041505173,-1.0111392736,-0.1532029212,-0.0426038392,-0.4353160262,0.0004270524,0.0082194908,-0.0131989717,0.0316895433,0.0947427005,-0.9951065183,0.0050616087,5.9816279411,0.6103702188,-17.4565868378,-0.6699423194,0.6517533064,-0.3929563165,-0.3387554586,0.4745017886,-0.3354594707,-0.0249175429,0.0069320202,0.0174524486,0.4402527511,0.8291323781,0.1341163516,-0.3177626729,5.9816279411,0.6103702188,-17.4565868378,-0.6699423194,0.6517533064,-0.3929563165,-0.3387554586,0.4745017886,-0.3354594707,-0.0249175429,0.0069320202,0.0174524486,0.4402527511,0.8291323781,0.1341163516,-0.3177626729,0.0000000000,0.0000000000,0.0000000000,0.0000000000,0.0000000000,0.0000000000,-0.3728141189,0.3632923365,-0.2968840599,0.9851906300,-0.1666784436,-0.0461143255,0.3051878810,0.6661212444,0.1829440147,-0.6556809545,
7023.551,0.1220740378,-0.0610370189,0.9765923023,0.0655537620,0.0037842952,-1.0105289221,-0.1543015838,-0.0429700613,-0.4316537976,0.0015334859,0.0078464234,-0.0125880837,0.0316859968,0.0947421566,-0.9951068163,0.0050578127,5.7985167503,0.0610370189,-17.8838462830,-0.6747031808,0.6471144557,-0.3942991495,-0.3418073058,0.4723044634,-0.3370464146,-0.0275712609,0.0047586560,0.0166583955,0.4392014742,0.8291744590,0.1348772794,-0.3187841177,5.7985167503,0.0610370189,-17.8838462830,-0.6747031808,0.6471144557,-0.3942991495,-0.3418073058,0.4723044634,-0.3370464146,-0.0275712609,0.0047586560,0.0166583955,0.4392014742,0.8291744590,0.1348772794,-0.3187841177,0.0000000000,0.0000000000,0.0000000000,0.0000000000,0.0000000000,0.0000000000,-0.3745231628,0.3647572398,-0.3086031675,0.9851903915,-0.1666788757,-0.0461146235,0.3052407503,0.6661064029,0.1829973161,-0.6556564569,
7023.564,0.1220740378,-0.1220740378,0.9765923023,0.0643330216,0.0021973327,-1.0108951330,-0.1547898799,-0.0416272469,-0.4388561547,0.0003372356,0.0062604905,-0.0129527450,0.0316738449,0.0947209373,-0.9951092601,0.0050564851,5.6764426231,-0.4272591472,-18.1890316010,-0.6783654094,0.6479690075,-0.3947874308,-0.3453474641,0.4726706743,-0.3354594707,-0.0290680528,0.0081050396,0.0166412592,0.4381740689,0.8291848898,0.1356839538,-0.3198267221,5.6764426231,-0.4272591472,-18.1890316010,-0.6783654094,0.6479690075,-0.3947874308,-0.3453474641,0.4726706743,-0.3354594707,-0.0290680528,0.0081050396,0.0166412592,0.4381740689,0.8291848898,0.1356839538,-0.3198267221,0.0000000000,0.0000000000,0.0000000000,0.0000000000,0.0000000000,0.0000000000,-0.3750114441,0.3647572398,-0.3125095367,0.9851904511,-0.1666793674,-0.0461152196,0.3052834868,0.6660944819,0.1830403209,-0.6556367874,
7023.577,0.1220740378,-0.1220740378,0.9765923023,0.0640888736,0.0031739250,-1.0111392736,-0.1530808508,-0.0440687276,-0.4364146888,0.0001187474,0.0072332835,-0.0131952167,0.0316611528,0.0947373658,-0.9951080680,0.0050538969,5.4322948456,-0.6714072227,-18.4942169189,-0.6833704710,0.6510208249,-0.3952757418,-0.3440046310,0.4730368853,-0.3349711597,-0.0318681598,0.0136627555,0.0165564120,0.4371794462,0.8291644454,0.1365491748,-0.3208707869,5.4322948456,-0.6714072227,-18.4942169189,-0.6833704710,0.6510208249,-0.3952757418,-0.3440046310,0.4730368853,-0.3349711597,-0.0318681598,0.0136627555,0.0165564120,0.4371794462,0.8291644454,0.1365491748,-0.3208707869,0.0000000000,0.0000000000,0.0000000000,0.0000000000,0.0000000000,0.0000000000,-0.3747673035,0.3637806475,-0.3125095367,0.9851903915,-0.1666798145,-0.0461156368,0.3053235114,0.6660832763,0.1830805689,-0.6556183100,
7023.590,0.1220740378,-0.1220740378,0.9765923023,0.0644550920,0.0039063692,-1.0118716955,-0.1546678096,-0.0429700613,-0.4336069822,0.0005089194,0.0079583414,-0.0139260292,0.0316495746,0.0947354510,-0.9951086640,0.0050490191,5.3712577820,-0.4272591472,-18.5552539825,-0.6827601194,0.6502884030,-0.3927121758,-0.3470564783,0.4726706743,-0.3360698223,-0.0290793777,0.0154313445,0.0195307434,0.4361904562,0.8291438818,0.1374240071,-0.3218950629,5.3712577820,-0.4272591472,-18.5552539825,-0.6827601194,0.6502884030,-0.3927121758,-0.3470564783,0.4726706743,-0.3360698223,-0.0290793777,0.0154313445,0.0195307434,0.4361904562,0.8291438818,0.1374240071,-0.3218950629,0.0000000000,0.0000000000,0.0000000000,0.0000000000,0.0000000000,0.0000000000,-0.3742789924,0.3671987057,-0.3125095367,0.9851901531,-0.1666802317,-0.0461158156,0.3053727150,0.6660694480,0.1831301749,-0.6555954814,
7023.603,0.1220740378,-0.0610370189,0.9765923023,0.0642109439,0.0020752586,-1.0107730627,-0.1538132876,-0.0408948027,-0.4375133514,0.0002788305,0.0061288988,-0.0128265619,0.0316426270,0.0947078764,-0.9951114655,0.0050483048,5.3102207184,-0.1831110567,-18.6773281097,-0.6831263304,0.6463820338,-0.3923459649,-0.3469344079,0.4759666622,-0.3408307135,-0.0272809267,0.0140424371,0.0203271508,0.4351986349,0.8291243911,0.1383206695,-0.3229017854,5.3102207184,-0.1831110567,-18.6773281097,-0.6831263304,0.6463820338,-0.3923459649,-0.3469344079,0.4759666622,-0.3408307135,-0.0272809267,0.0140424371,0.0203271508,0.4351986349,0.8291243911,0.1383206695,-0.3229017854,0.0000000000,0.0000000000,0.0000000000,0.0000000000,0.0000000000,0.0000000000,-0.3737907112,0.3613391519,-0.3066499829,0.9851901531,-0.1666807383,-0.0461164117,0.3054207563,0.6660560369,0.1831785589,-0.6555733085,
7023.616,0.1220740378,-0.0610370189,0.9765923023,0.0636005774,0.0031739250,-1.0110172033,-0.1541795135,-0.0432142094,-0.4300668240,-0.0003144741,0.0072238008,-0.0130695701,0.0316342823,0.0947115868,-0.9951114058,0.0050457376,5.1881465912,0.0610370189,-19.1656246185,-0.6834925413,0.6319773197,-0.3942991495,-0.3457136750,0.4725486040,-0.3418073058,-0.0254367590,0.0022432804,0.0188390017,0.4341715872,0.8291080594,0.1392558068,-0.3239227533,5.1881465912,0.0610370189,-19.1656246185,-0.6834925413,0.6319773197,-0.3942991495,-0.3457136750,0.4725486040,-0.3418073058,-0.0254367590,0.0022432804,0.0188390017,0.4341715872,0.8291080594,0.1392558068,-0.3239227533,0.0000000000,0.0000000000,0.0000000000,0.0000000000,0.0000000000,0.0000000000,-0.3730582595,0.3628040552,-0.3066499829,0.9851901531,-0.1666811854,-0.0461168289,0.3054729104,0.6660414338,0.1832311302,-0.6555491686,
7023.655,0.1220740378,-0.0610370189,0.9765923023,0.0650654659,0.0046388134,-1.0110172033,-0.1546678096,-0.0415051728,-0.4333628416,0.0011475682,0.0086709382,-0.0130696893,0.0316366479,0.0946912915,-0.9951132536,0.0050363890,4.5777764320,-1.4038513899,-20.2642898560,-0.7116916180,0.6295357943,-0.3952757418,-0.3512070179,0.4769432545,-0.3382671475,-0.0465719700,0.0078690052,0.0187669694,0.4312301278,0.8288441896,0.1424145848,-0.3271379173,4.5777764320,-1.4038513899,-20.2642898560,-0.7116916180,0.6295357943,-0.3952757418,-0.3512070179,0.4769432545,-0.3382671475,-0.0465719700,0.0078690052,0.0187669694,0.4312301278,0.8288441896,0.1424145848,-0.3271379173,0.0000000000,0.0000000000,0.0000000000,0.0000000000,0.0000000000,0.0000000000,-0.3745231628,0.3662221134,-0.3105563521,0.9851897955,-0.1666826159,-0.0461179018,0.3056203425,0.6660001278,0.1833796948,-0.6554808617,
7023.668,0.1831110567,-0.0610370189,0.9765923023,0.0662862062,0.0029297769,-1.0110172033,-0.1532029212,-0.0423596911,-0.4276253581,0.0023720637,0.0069700843,-0.0130694509,0.0316344015,0.0946876779,-0.9951137900,0.0050401692,4.8829617500,-0.7934812307,-20.0201416016,-0.7181615829,0.6341746449,-0.3935666978,-0.3492538333,0.4749900699,-0.3396099806,-0.0506716371,0.0152325034,0.0207433105,0.4302703440,0.8287315369,0.1435349137,-0.3281957209,4.8829617500,-0.7934812307,-20.0201416016,-0.7181615829,0.6341746449,-0.3935666978,-0.3492538333,0.4749900699,-0.3396099806,-0.0506716371,0.0152325034,0.0207433105,0.4302703440,0.8287315369,0.1435349137,-0.3281957209,0.0000000000,0.0000000000,0.0000000000,0.0000000000,0.0000000000,0.0000000000,-0.3718375266,0.3671987057,-0.3105563521,0.9851897359,-0.1666830629,-0.0461183786,0.3056742847,0.6659849882,0.1834340841,-0.6554558873,
7023.681,0.1831110567,-0.0610370189,0.9765923023,0.0650654659,0.0036622211,-1.0106509924,-0.1572313607,-0.0397961363,-0.4307992756,0.0011609793,0.0077070431,-0.0127026439,0.0316296257,0.0946385786,-0.9951185584,0.0050403983,5.4933319092,0.3662221134,-19.7149562836,-0.7243873477,0.6342967153,-0.3902707100,-0.3565782607,0.4730368853,-0.3389995992,-0.0546450019,0.0180905461,0.0244823098,0.4292654693,0.8286705017,0.1446552426,-0.3291726708,5.4933319092,0.3662221134,-19.7149562836,-0.7243873477,0.6342967153,-0.3902707100,-0.3565782607,0.4730368853,-0.3389995992,-0.0546450019,0.0180905461,0.0244823098,0.4292654693,0.8286705017,0.1446552426,-0.3291726708,0.0000000000,0.0000000000,0.0000000000,0.0000000000,0.0000000000,0.0000000000,-0.3745231628,0.3647572398,-0.3066499829,0.9851894975,-0.1666835248,-0.0461186171,0.3057295680,0.6659694314,0.1834898442,-0.6554301977,
7023.720,0.1220740378,-0.0610370189,0.9765923023,0.0661641285,0.0028077029,-1.0100406408,-0.1539353579,-0.0440687276,-0.4264046252,0.0022759959,0.0068497094,-0.0120912790,0.0316214077,0.0946778953,-0.9951150417,0.0050394693,7.3244423866,2.7466659546,-19.6539192200,-0.7018036246,0.5979186296,-0.3913693726,-0.3554795980,0.4765770435,-0.3479110003,-0.0260505080,-0.0097419024,0.0262306929,0.4257520139,0.8289297223,0.1480501741,-0.3315647840,7.3244423866,2.7466659546,-19.6539192200,-0.7018036246,0.5979186296,-0.3913693726,-0.3554795980,0.4765770435,-0.3479110003,-0.0260505080,-0.0097419024,0.0262306929,0.4257520139,0.8289297223,0.1480501741,-0.3315647840,0.0000000000,0.0000000000,0.0000000000,0.0000000000,0.0000000000,0.0000000000,-0.3737907112,0.3671987057,-0.3125095367,0.9851891994,-0.1666848958,-0.0461197495,0.3058752418,0.6659285426,0.1836366504,-0.6553626657,
7023.733,0.1220740378,-0.0610370189,0.9765923023,0.0650654659,0.0025635548,-1.0099185705,-0.1580858827,-0.0440687276,-0.4266487658,0.0011866167,0.0066048498,-0.0119686127,0.0316167921,0.0946821645,-0.9951148033,0.0050388095,7.2023682594,1.7090365887,-20.8746604919,-0.7066866159,0.5929136276,-0.3977172077,-0.3604846299,0.4736472666,-0.3453474641,-0.0287078023,-0.0116708279,0.0207390487,0.4245403409,0.8289645910,0.1492960751,-0.3324716091,7.2023682594,1.7090365887,-20.8746604919,-0.7066866159,0.5929136276,-0.3977172077,-0.3604846299,0.4736472666,-0.3453474641,-0.0287078023,-0.0116708279,0.0207390487,0.4245403409,0.8289645910,0.1492960751,-0.3324716091,0.0000000000,0.0000000000,0.0000000000,0.0000000000,0.0000000000,0.0000000000,-0.3713492155,0.3671987057,-0.3066499829,0.9851893187,-0.1666853875,-0.0461203456,0.3059378862,0.6659110188,0.1836998910,-0.6553336382,
7023.772,0.1220740378,-0.0610370189,0.9155552983,0.0660420582,0.0032959990,-1.0100406408,-0.1507614404,-0.0386974700,-0.4320200086,0.0021933243,0.0073243296,-0.0120887160,0.0316026136,0.0946390852,-0.9951193929,0.0050295549,6.8971829414,0.7934812307,-22.5226593018,-0.7143772840,0.5742362738,-0.4117557406,-0.3606067002,0.4771874249,-0.3481551707,-0.0293951035,-0.0206522346,0.0091824234,0.4208748341,0.8289558291,0.1534430236,-0.3352540433,6.8971829414,0.7934812307,-22.5226593018,-0.7143772840,0.5742362738,-0.4117557406,-0.3606067002,0.4771874249,-0.3481551707,-0.0293951035,-0.0206522346,0.0091824234,0.4208748341,0.8289558291,0.1534430236,-0.3352540433,0.0000000000,0.0000000000,0.0000000000,0.0000000000,0.0000000000,0.0000000000,-0.3713492155,0.3686636090,-0.3125095367,0.9851889014,-0.1666867584,-0.0461214781,0.3060720861,0.6658732295,0.1838350147,-0.6552714109,
7023.785,0.1220740378,-0.0610370189,0.9155552983,0.0646992400,0.0037842952,-1.0107730627,-0.1529587656,-0.0424817652,-0.4265266955,0.0008616224,0.0078052767,-0.0128203630,0.0315973982,0.0946436226,-0.9951191545,0.0050255116,6.4699239731,0.3662221134,-23.1940670013,-0.7120578885,0.5709402561,-0.4168828428,-0.3631702662,0.4781640172,-0.3510849476,-0.0245751143,-0.0205672383,0.0047426820,0.4196554422,0.8288888931,0.1549178064,-0.3362685740,6.4699239731,0.3662221134,-23.1940670013,-0.7120578885,0.5709402561,-0.4168828428,-0.3631702662,0.4781640172,-0.3510849476,-0.0245751143,-0.0205672383,0.0047426820,0.4196554422,0.8288888931,0.1549178064,-0.3362685740,0.0000000000,0.0000000000,0.0000000000,0.0000000000,0.0000000000,0.0000000000,-0.3742789924,0.3696402013,-0.3066499829,0.9851886630,-0.1666872054,-0.0461217761,0.3061385155,0.6658545136,0.1839021146,-0.6552404761,
7023.824,0.1220740378,-0.0610370189,0.9765923023,0.0655537620,0.0025635548,-1.0105289221,-0.1512497365,-0.0402844325,-0.4349497855,0.0017464086,0.0065915128,-0.0125743151,0.0315824449,0.0945522785,-0.9951282740,0.0050246501,5.9816279411,0.6714072227,-26.3069553375,-0.7339091301,0.5612964034,-0.4007690549,-0.3708609343,0.4768211842,-0.3502304256,-0.0382525325,-0.0193171501,0.0225874186,0.4159688950,0.8284576535,0.1599365920,-0.3395462036,5.9816279411,0.6714072227,-26.3069553375,-0.7339091301,0.5612964034,-0.4007690549,-0.3708609343,0.4768211842,-0.3502304256,-0.0382525325,-0.0193171501,0.0225874186,0.4159688950,0.8284576535,0.1599365920,-0.3395462036,0.0000000000,0.0000000000,0.0000000000,0.0000000000,0.0000000000,0.0000000000,-0.3737907112,0.3676870167,-0.3105563521,0.9851884246,-0.1666885465,-0.0461229086,0.3063012064,0.6658087373,0.1840662509,-0.6551648974,
7023.837,0.1220740378,-0.0610370189,0.9765923023,0.0648213178,0.0012207404,-1.0111392736,-0.1532029212,-0.0415051728,-0.4372692108,0.0010244176,0.0052546887,-0.0131840110,0.0315770321,0.0945356786,-0.9951301217,0.0050266092,6.2257757187,0.6714072227,-26.4290294647,-0.7395245433,0.5612964034,-0.3974730670,-0.3686636090,0.4745017886,-0.3487655222,-0.0410600305,-0.0155212283,0.0264480412,0.4147284329,0.8282752633,0.1617529094,-0.3406460881,6.2257757187,0.6714072227,-26.4290294647,-0.7395245433,0.5612964034,-0.3974730670,-0.3686636090,0.4745017886,-0.3487655222,-0.0410600305,-0.0155212283,0.0264480412,0.4147284329,0.8282752633,0.1617529094,-0.3406460881,0.0000000000,0.0000000000,0.0000000000,0.0000000000,0.0000000000,0.0000000000,-0.3745231628,0.3701284826,-0.3105563521,0.9851885438,-0.1666890234,-0.0461234450,0.3063579798,0.6657928228,0.1841235310,-0.6551385522,
7023.850,0.1220740378,-0.0610370189,0.9765923023,0.0648213178,0.0017090365,-1.0111392736,-0.1521042585,-0.0421155430,-0.4373912811,0.0010348409,0.0057465304,-0.0131833553,0.0315716974,0.0945303664,-0.9951307178,0.0050277123,6.2257757187,-0.1831110567,-26.3069553375,-0.7447736859,0.5488448739,-0.4028443396,-0.3751335144,0.4754783809,-0.3501083553,-0.0434518456,-0.0241385698,0.0215589404,0.4134874642,0.8280667067,0.1635566652,-0.3417989016,6.2257757187,-0.1831110567,-26.3069553375,-0.7447736859,0.5488448739,-0.4028443396,-0.3751335144,0.4754783809,-0.3501083553,-0.0434518456,-0.0241385698,0.0215589404,0.4134874642,0.8280667067,0.1635566652,-0.3417989016,0.0000000000,0.0000000000,0.0000000000,0.0000000000,0.0000000000,0.0000000000,-0.3730582595,0.3706167936,-0.3066499829,0.9851882458,-0.1666894555,-0.0461237431,0.3064262271,0.6657735109,0.1841924936,-0.6551067233,
7023.889,0.1220740378,-0.0610370189,0.9765923023,0.0668965727,0.0026856288,-1.0116275549,-0.1546678096,-0.0426038392,-0.4276253581,0.0031295568,0.0067304200,-0.0136704445,0.0315616205,0.0945365950,-0.9951304197,0.0050306208,5.2491836548,-1.8921475410,-28.7484359741,-0.7512436509,0.5277260542,-0.4238410592,-0.3783074319,0.4743797183,-0.3466902673,-0.0409134030,-0.0332752466,0.0015860200,0.4097565413,0.8272392750,0.1692103744,-0.3455228209,5.2491836548,-1.8921475410,-28.7484359741,-0.7512436509,0.5277260542,-0.4238410592,-0.3783074319,0.4743797183,-0.3466902673,-0.0409134030,-0.0332752466,0.0015860200,0.4097565413,0.8272392750,0.1692103744,-0.3455228209,0.0000000000,0.0000000000,0.0000000000,0.0000000000,0.0000000000,0.0000000000,-0.3730582595,0.3730582595,-0.3125095367,0.9851880670,-0.1666908711,-0.0461249948,0.3066385090,0.6657137275,0.1844069809,-0.6550078988,
7023.902,0.1220740378,-0.0610370189,0.9765923023,0.0657979101,0.0025635548,-1.0112613440,-0.1563768387,-0.0445570238,-0.4290902317,0.0020363927,0.0066076177,-0.0133038759,0.0315588340,0.0945524424,-0.9951291084,0.0050304993,5.1271095276,-1.4648884535,-29.1756954193,-0.7632068992,0.5260170102,-0.4265266955,-0.3800164759,0.4764549732,-0.3502304256,-0.0497274995,-0.0307555795,-0.0008143485,0.4085122049,0.8268925548,0.1713135540,-0.3467875421,5.1271095276,-1.4648884535,-29.1756954193,-0.7632068992,0.5260170102,-0.4265266955,-0.3800164759,0.4764549732,-0.3502304256,-0.0497274995,-0.0307555795,-0.0008143485,0.4085122049,0.8268925548,0.1713135540,-0.3467875421,0.0000000000,0.0000000000,0.0000000000,0.0000000000,0.0000000000,0.0000000000,-0.3728141189,0.3681752980,-0.3105563521,0.9851879478,-0.1666913182,-0.0461254120,0.3066893518,0.6656993628,0.1844582558,-0.6549842358,
7023.915,0.1831110567,-0.0610370189,0.9765923023,0.0646992400,0.0039063692,-1.0100406408,-0.1545457393,-0.0468764305,-0.4318979383,0.0009482354,0.0079536866,-0.0120825171,0.0315531865,0.0946033001,-0.9951242805,0.0050332351,5.1881465912,-0.5493331552,-29.4198436737,-0.7724845409,0.5234534740,-0.4261604548,-0.3839228451,0.4748679996,-0.3485213816,-0.0559121966,-0.0290343165,-0.0000610948,0.4072538316,0.8265547752,0.1734943539,-0.3479865491,5.1881465912,-0.5493331552,-29.4198436737,-0.7724845409,0.5234534740,-0.4261604548,-0.3839228451,0.4748679996,-0.3485213816,-0.0559121966,-0.0290343165,-0.0000610948,0.4072538316,0.8265547752,0.1734943539,-0.3479865491,0.0000000000,0.0000000000,0.0000000000,0.0000000000,0.0000000000,0.0000000000,-0.3740348518,0.3686636090,-0.3066499829,0.9851878285,-0.1666917801,-0.0461257696,0.3067502379,0.6656821966,0.1845197231,-0.6549558640,
7023.928,0.1220740378,-0.0610370189,0.9765923023,0.0659199804,0.0029297769,-1.0108951330,-0.1538132876,-0.0435804315,-0.4306772053,0.0021736547,0.0069745402,-0.0129367113,0.0315509178,0.0946135148,-0.9951236248,0.0050320630,5.3712577820,1.0376293659,-29.2367324829,-0.7872554660,0.5142979026,-0.4213995934,-0.3848994374,0.4727927446,-0.3537705541,-0.0677056313,-0.0338661075,0.0052658319,0.4059361517,0.8262664676,0.1756698191,-0.3491176367,5.3712577820,1.0376293659,-29.2367324829,-0.7872554660,0.5142979026,-0.4213995934,-0.3848994374,0.4727927446,-0.3537705541,-0.0677056313,-0.0338661075,0.0052658319,0.4059361517,0.8262664676,0.1756698191,-0.3491176367,0.0000000000,0.0000000000,0.0000000000,0.0000000000,0.0000000000,0.0000000000,-0.3742789924,0.3696402013,-0.3066499829,0.9851877093,-0.1666922271,-0.0461261868,0.3068132699,0.6656643748,0.1845833808,-0.6549264789,
7023.941,0.1220740378,-0.1220740378,0.9155552983,0.0638447255,0.0020752586,-1.0104068518,-0.1543015838,-0.0419934690,-0.4348277152,0.0001237467,0.0061210091,-0.0124467611,0.0315382779,0.0946057662,-0.9951245785,0.0050311070,5.6154055595,1.7700735331,-29.1146583557,-0.7912839055,0.5108798742,-0.4170049131,-0.3856318891,0.4732810557,-0.3524277508,-0.0688385367,-0.0329481363,0.0103155673,0.4046156704,0.8259892464,0.1778919548,-0.3501798511,5.6154055595,1.7700735331,-29.1146583557,-0.7912839055,0.5108798742,-0.4170049131,-0.3856318891,0.4732810557,-0.3524277508,-0.0688385367,-0.0329481363,0.0103155673,0.4046156704,0.8259892464,0.1778919548,-0.3501798511,0.0000000000,0.0000000000,0.0000000000,0.0000000000,0.0000000000,0.0000000000,-0.3742789924,0.3706167936,-0.3086031675,0.9851876497,-0.1666927189,-0.0461266041,0.3068737090,0.6656473279,0.1846443862,-0.6548983455,
7023.954,0.1220740378,-0.1220740378,0.9765923023,0.0638447255,0.0035401471,-1.0108951330,-0.1563768387,-0.0423596911,-0.4362926185,0.0001491457,0.0075803259,-0.0129334331,0.0315259546,0.0945913717,-0.9951263666,0.0050266706,6.1037020683,2.5635547638,-29.0536212921,-0.7921384573,0.5063630939,-0.4160283208,-0.3891720474,0.4741355777,-0.3568224013,-0.0668882728,-0.0330891609,0.0120859444,0.4032423496,0.8257502913,0.1801028103,-0.3511957824,6.1037020683,2.5635547638,-29.0536212921,-0.7921384573,0.5063630939,-0.4160283208,-0.3891720474,0.4741355777,-0.3568224013,-0.0668882728,-0.0330891609,0.0120859444,0.4032423496,0.8257502913,0.1801028103,-0.3511957824,0.0000000000,0.0000000000,0.0000000000,0.0000000000,0.0000000000,0.0000000000,-0.3740348518,0.3691518903,-0.3066499829,0.9851874709,-0.1666931957,-0.0461269021,0.3069349527,0.6656299829,0.1847062260,-0.6548697352,
7023.967,0.1220740378,-0.0610370189,0.9765923023,0.0659199804,0.0025635548,-1.0111392736,-0.1510055810,-0.0446790978,-0.4377574921,0.0022289157,0.0066030156,-0.0131772757,0.0315235816,0.0946229994,-0.9951234460,0.0050271009,6.8361463547,4.4557023048,-29.2977695465,-0.7890865803,0.4936674237,-0.4211554229,-0.3935666978,0.4738914073,-0.3573107123,-0.0611777306,-0.0412839055,0.0080920160,0.4017670453,0.8255891800,0.1823990941,-0.3520788550,6.8361463547,4.4557023048,-29.2977695465,-0.7890865803,0.4936674237,-0.4211554229,-0.3935666978,0.4738914073,-0.3573107123,-0.0611777306,-0.0412839055,0.0080920160,0.4017670453,0.8255891800,0.1823990941,-0.3520788550,0.0000000000,0.0000000000,0.0000000000,0.0000000000,0.0000000000,0.0000000000,-0.3730582595,0.3720816672,-0.3066499829,0.9851875305,-0.1666937023,-0.0461274385,0.3070042133,0.6656104922,0.1847761869,-0.6548374891,
7023.980,0.1220740378,-0.0610370189,0.9155552983,0.0638447255,0.0025635548,-1.0112613440,-0.1555223316,-0.0440687276,-0.4322641790,0.0001683384,0.0066016205,-0.0132984519,0.0315162465,0.0946393162,-0.9951221347,0.0050262259,7.1413311958,5.3712577820,-29.4808807373,-0.7905514836,0.4876857698,-0.4251838624,-0.3879512846,0.4719382226,-0.3553575277,-0.0600654483,-0.0426971614,0.0053523183,0.4002518952,0.8254553080,0.1847568899,-0.3528885543,7.1413311958,5.3712577820,-29.4808807373,-0.7905514836,0.4876857698,-0.4251838624,-0.3879512846,0.4719382226,-0.3553575277,-0.0600654483,-0.0426971614,0.0053523183,0.4002518952,0.8254553080,0.1847568899,-0.3528885543,0.0000000000,0.0000000000,0.0000000000,0.0000000000,0.0000000000,0.0000000000,-0.3720816672,0.3706167936,-0.3066499829,0.9851872921,-0.1666941196,-0.0461276770,0.3070697486,0.6655918956,0.1848424077,-0.6548068523,
7023.993,0.1220740378,-0.0610370189,0.9155552983,0.0643330216,0.0041505173,-1.0108951330,-0.1540574431,-0.0426038392,-0.4316537976,0.0006687120,0.0081793498,-0.0129314065,0.0315106511,0.0946411714,-0.9951222539,0.0050211130,7.4465165138,6.3478498459,-29.6029548645,-0.7916501164,0.4797509611,-0.4259163141,-0.3935666978,0.4779198468,-0.3520615399,-0.0586718917,-0.0460003316,0.0060616434,0.3987328708,0.8253293037,0.1872535944,-0.3535860777,7.4465165138,6.3478498459,-29.6029548645,-0.7916501164,0.4797509611,-0.4259163141,-0.3935666978,0.4779198468,-0.3520615399,-0.0586718917,-0.0460003316,0.0060616434,0.3987328708,0.8253293037,0.1872535944,-0.3535860777,0.0000000000,0.0000000000,0.0000000000,0.0000000000,0.0000000000,0.0000000000,-0.3742789924,0.3715933859,-0.2949308753,0.9851874113,-0.1666946411,-0.0461282730,0.3071661592,0.6655647159,0.1849399656,-0.6547618508,
7024.006,0.1831110567,-0.0610370189,0.9765923023,0.0645771697,0.0031739250,-1.0106509924,-0.1556444019,-0.0413830988,-0.4321421087,0.0009236783,0.0072096987,-0.0126866102,0.0315050557,0.0946172401,-0.9951245189,0.0050232993,7.5685901642,6.8361463547,-30.1522865295,-0.7796868682,0.4662007391,-0.4243293703,-0.3955198824,0.4759666622,-0.3570665717,-0.0442380309,-0.0548183620,0.0091793537,0.3971541524,0.8252194524,0.1897645593,-0.3542798758,7.5685901642,6.8361463547,-30.1522865295,-0.7796868682,0.4662007391,-0.4243293703,-0.3955198824,0.4759666622,-0.3570665717,-0.0442380309,-0.0548183620,0.0091793537,0.3971541524,0.8252194524,0.1897645593,-0.3542798758,0.0000000000,0.0000000000,0.0000000000,0.0000000000,0.0000000000,0.0000000000,-0.3730582595,0.3725699782,-0.3105563521,0.9851871133,-0.1666950732,-0.0461284518,0.3072257638,0.6655477881,0.1850001514,-0.6547339559,
7024.019,0.1220740378,-0.0610370189,0.9765923023,0.0649433881,0.0020752586,-1.0108951330,-0.1527146250,-0.0422376171,-0.4377574921,0.0012989193,0.0061127353,-0.0129301548,0.0315005071,0.0946114436,-0.9951252341,0.0050235353,7.4465165138,6.0426650047,-30.7016201019,-0.7740714550,0.4614398777,-0.4195684791,-0.3967406154,0.4765770435,-0.3549913168,-0.0360770226,-0.0547896326,0.0153411031,0.3956093192,0.8250489235,0.1923341304,-0.3550190032,7.4465165138,6.0426650047,-30.7016201019,-0.7740714550,0.4614398777,-0.4195684791,-0.3967406154,0.4765770435,-0.3549913168,-0.0360770226,-0.0547896326,0.0153411031,0.3956093192,0.8250489235,0.1923341304,-0.3550190032,0.0000000000,0.0000000000,0.0000000000,0.0000000000,0.0000000000,0.0000000000,-0.3735465705,0.3681752980,-0.3066499829,0.9851871133,-0.1666955948,-0.0461289883,0.3072829545,0.6655316353,0.1850578636,-0.6547073126,
7024.032,0.1831110567,0.0000000000,0.9765923023,0.0650654659,0.0031739250,-1.0104068518,-0.1567430645,-0.0437025055,-0.4321421087,0.0014185682,0.0072182966,-0.0124420524,0.0315013714,0.0946144834,-0.9951249957,0.0050271791,7.2634053230,4.8829617500,-31.4340648651,-0.7728507519,0.4599749744,-0.4148075879,-0.4024780989,0.4754783809,-0.3571886420,-0.0321893692,-0.0513931811,0.0213093162,0.3940870464,0.8248091936,0.1949148327,-0.3558608294,7.2634053230,4.8829617500,-31.4340648651,-0.7728507519,0.4599749744,-0.4148075879,-0.4024780989,0.4754783809,-0.3571886420,-0.0321893692,-0.0513931811,0.0213093162,0.3940870464,0.8248091936,0.1949148327,-0.3558608294,0.0000000000,0.0000000000,0.0000000000,0.0000000000,0.0000000000,0.0000000000,-0.3728141189,0.3701284826,-0.3086031675,0.9851868153,-0.1666959971,-0.0461291671,0.3073405325,0.6655152440,0.1851159930,-0.6546803713,
7024.045,0.1220740378,0.0000000000,0.9765923023,0.0653096139,0.0035401471,-1.0115054846,-0.1551561058,-0.0427259132,-0.4334849119,0.0016594827,0.0075789527,-0.0135408640,0.0315032788,0.0946089998,-0.9951254129,0.0050243884,7.2634053230,3.9674062729,-32.0444335938,-0.8041017056,0.4630268216,-0.4160283208,-0.4004028440,0.4734031260,-0.3595080376,-0.0606354475,-0.0433650613,0.0211207867,0.3925574124,0.8245083690,0.1974943429,-0.3568250835,7.2634053230,3.9674062729,-32.0444335938,-0.8041017056,0.4630268216,-0.4160283208,-0.4004028440,0.4734031260,-0.3595080376,-0.0606354475,-0.0433650613,0.0211207867,0.3925574124,0.8245083690,0.1974943429,-0.3568250835,0.0000000000,0.0000000000,0.0000000000,0.0000000000,0.0000000000,0.0000000000,-0.3747673035,0.3667104244,-0.3066499829,0.9851869345,-0.1666965187,-0.0461298227,0.3073925674,0.6655005813,0.1851684600,-0.6546561718,
7024.058,0.1220740378,0.0000000000,0.9765923023,0.0639667958,0.0031739250,-1.0111392736,-0.1550340354,-0.0413830988,-0.4369029701,0.0003199205,0.0072089937,-0.0131744742,0.0315019526,0.0945856273,-0.9951276779,0.0050216336,8.2399978638,5.5543684959,-31.8613243103,-0.8246101141,0.4586321712,-0.4233527780,-0.4029664099,0.4726706743,-0.3642689288,-0.0784839392,-0.0426828265,0.0151132941,0.3909104764,0.8242878318,0.2000652999,-0.3577093482,8.2399978638,5.5543684959,-31.8613243103,-0.8246101141,0.4586321712,-0.4233527780,-0.4029664099,0.4726706743,-0.3642689288,-0.0784839392,-0.0426828265,0.0151132941,0.3909104764,0.8242878318,0.2000652999,-0.3577093482,0.0000000000,0.0000000000,0.0000000000,0.0000000000,0.0000000000,0.0000000000,-0.3730582595,0.3681752980,-0.3086031675,0.9851866961,-0.1666969210,-0.0461300611,0.3074442744,0.6654858589,0.1852206439,-0.6546319723,
7024.071,0.1220740378,-0.0610370189,0.9765923023,0.0649433881,0.0020752586,-1.0110172033,-0.1582079530,-0.0399182104,-0.4342173636,0.0013055205,0.0061120326,-0.0130518079,0.0314976312,0.0945353135,-0.9951327443,0.0050204615,8.9724416733,7.6906642914,-31.1288795471,-0.8316904306,0.4513077140,-0.4295785427,-0.4032105505,0.4731589854,-0.3653675914,-0.0831595063,-0.0449334383,0.0105562210,0.3891893327,0.8241618872,0.2026521713,-0.3584191501,8.9724416733,7.6906642914,-31.1288795471,-0.8316904306,0.4513077140,-0.4295785427,-0.4032105505,0.4731589854,-0.3653675914,-0.0831595063,-0.0449334383,0.0105562210,0.3891893327,0.8241618872,0.2026521713,-0.3584191501,0.0000000000,0.0000000000,0.0000000000,0.0000000000,0.0000000000,0.0000000000,-0.3713492155,0.3725699782,-0.3125095367,0.9851865768,-0.1666973978,-0.0461304188,0.3074986637,0.6654704213,0.1852755100,-0.6546065807,
7024.084,0.1220740378,-0.0610370189,0.9765923023,0.0650654659,0.0031739250,-1.0105289221,-0.1550340354,-0.0399182104,-0.4377574921,0.0014358461,0.0072069606,-0.0125630498,0.0314939134,0.0944930390,-0.9951367378,0.0050168717,9.7048864365,9.3386640549,-30.4574718475,-0.8276619911,0.4421521723,-0.4326303899,-0.4036988318,0.4718161523,-0.3612170815,-0.0769500136,-0.0490247905,0.0094651878,0.3874215782,0.8241066933,0.2052790225,-0.3589662313,9.7048864365,9.3386640549,-30.4574718475,-0.8276619911,0.4421521723,-0.4326303899,-0.4036988318,0.4718161523,-0.3612170815,-0.0769500136,-0.0490247905,0.0094651878,0.3874215782,0.8241066933,0.2052790225,-0.3589662313,0.0000000000,0.0000000000,0.0000000000,0.0000000000,0.0000000000,0.0000000000,-0.3745231628,0.3706167936,-0.3105563521,0.9851866364,-0.1666978598,-0.0461310744,0.3075506985,0.6654556990,0.1853279918,-0.6545823812,
7024.097,0.1220740378,-0.0610370189,0.9765923023,0.0650654659,0.0019531846,-1.0106509924,-0.1541795135,-0.0410168767,-0.4401989877,0.0014440566,0.0059885341,-0.0126845837,0.0314898379,0.0944671109,-0.9951394796,0.0050168131,10.1321449280,9.2165899277,-30.0912494659,-0.8061769605,0.4250617921,-0.4345835745,-0.4052858055,0.4721823931,-0.3571886420,-0.0533611774,-0.0610411465,0.0095368922,0.3856471479,0.8240565062,0.2079292536,-0.3594663441,10.1321449280,9.2165899277,-30.0912494659,-0.8061769605,0.4250617921,-0.4345835745,-0.4052858055,0.4721823931,-0.3571886420,-0.0533611774,-0.0610411465,0.0095368922,0.3856471479,0.8240565062,0.2079292536,-0.3594663441,0.0000000000,0.0000000000,0.0000000000,0.0000000000,0.0000000000,0.0000000000,-0.4338511229,0.3662221134,-0.3086031675,0.9851864576,-0.1666982770,-0.0461313128,0.3075615466,0.6654525399,0.1853386313,-0.6545773745,
7024.110,0.1220740378,-0.0610370189,0.9765923023,0.0651875362,0.0023194067,-1.0104068518,-0.1543015838,-0.0433362834,-0.4343394339,0.0015736446,0.0063552442,-0.0124399662,0.0314860418,0.0944726244,-0.9951390028,0.0050168750,9.8269596100,7.6906642914,-30.2743606567,-0.8052003384,0.4182256460,-0.4378795624,-0.4069948494,0.4715720117,-0.3624378145,-0.0501829386,-0.0627840757,0.0080444813,0.3838983178,0.8239448667,0.2105239928,-0.3600834310,9.8269596100,7.6906642914,-30.2743606567,-0.8052003384,0.4182256460,-0.4378795624,-0.4069948494,0.4715720117,-0.3624378145,-0.0501829386,-0.0627840757,0.0080444813,0.3838983178,0.8239448667,0.2105239928,-0.3600834310,0.0000000000,0.0000000000,0.0000000000,0.0000000000,0.0000000000,0.0000000000,-0.4365367591,0.3701284826,-0.3066499829,0.9851863384,-0.1666987538,-0.0461316705,0.3075863123,0.6654455066,0.1853633970,-0.6545658708,
7024.123,0.1220740378,-0.0610370189,0.9765923023,0.0664082766,0.0024414808,-1.0112613440,-0.1554002464,-0.0438245796,-0.4376354218,0.0027961284,0.0064772107,-0.0132943392,0.0314851403,0.0944803953,-0.9951382279,0.0050169849,9.5217752457,6.1037020683,-30.4574718475,-0.8103274703,0.4122440219,-0.4401989877,-0.4069948494,0.4698629677,-0.3629261255,-0.0529941916,-0.0636477470,0.0072852969,0.3821931183,0.8237566948,0.2130970657,-0.3608133495,9.5217752457,6.1037020683,-30.4574718475,-0.8103274703,0.4122440219,-0.4401989877,-0.4069948494,0.4698629677,-0.3629261255,-0.0529941916,-0.0636477470,0.0072852969,0.3821931183,0.8237566948,0.2130970657,-0.3608133495,0.0000000000,0.0000000000,0.0000000000,0.0000000000,0.0000000000,0.0000000000,-0.4345835745,0.3696402013,-0.3125095367,0.9851862192,-0.1666991860,-0.0461320281,0.3075964153,0.6654425859,0.1853732765,-0.6545612812,
7024.136,0.1220740378,-0.0610370189,0.9765923023,0.0662862062,0.0040284432,-1.0115054846,-0.1540574431,-0.0393078402,-0.4340952933,0.0026764646,0.0080562355,-0.0135383010,0.0314845517,0.0944339931,-0.9951426983,0.0050114500,9.2776269913,4.8829617500,-30.3353977203,-0.8398693800,0.4058961868,-0.4455702305,-0.4101687670,0.4701071084,-0.3665883243,-0.0801186562,-0.0648490191,0.0032575130,0.3805174530,0.8235040307,0.2156352401,-0.3616526127,9.2776269913,4.8829617500,-30.3353977203,-0.8398693800,0.4058961868,-0.4455702305,-0.4101687670,0.4701071084,-0.3665883243,-0.0801186562,-0.0648490191,0.0032575130,0.3805174530,0.8235040307,0.2156352401,-0.3616526127,0.0000000000,0.0000000000,0.0000000000,0.0000000000,0.0000000000,0.0000000000,-0.4355601668,0.3691518903,-0.3105563521,0.9851861000,-0.1666996032,-0.0461325049,0.3076093197,0.6654388905,0.1853860021,-0.6545553803,
7024.149,0.0610370189,-0.0610370189,0.9765923023,0.0662862062,0.0032959990,-1.0111392736,-0.1550340354,-0.0405285805,-0.4342173636,0.0026787221,0.0073088673,-0.0131718516,0.0314842947,0.0944009572,-0.9951459765,0.0050028660,9.8269596100,5.7985167503,-29.9081401825,-0.8521988392,0.4013794363,-0.4458144009,-0.4133426845,0.4696188271,-0.3635364771,-0.0901504755,-0.0642071068,0.0044955015,0.3788197041,0.8232765198,0.2182064950,-0.3624095321,9.8269596100,5.7985167503,-29.9081401825,-0.8521988392,0.4013794363,-0.4458144009,-0.4133426845,0.4696188271,-0.3635364771,-0.0901504755,-0.0642071068,0.0044955015,0.3788197041,0.8232765198,0.2182064950,-0.3624095321,0.0000000000,0.0000000000,0.0000000000,0.0000000000,0.0000000000,0.0000000000,-0.4353160262,0.3696402013,-0.3105563521,0.9851860404,-0.1667000204,-0.0461329222,0.3076236248,0.6654347777,0.1854001582,-0.6545488238,
7024.162,0.1220740378,-0.0610370189,0.9765923023,0.0644550920,0.0034180731,-1.0105289221,-0.1535691470,-0.0413830988,-0.4336069822,0.0008586869,0.0074261120,-0.0125607848,0.0314790867,0.0943838060,-0.9951477051,0.0049993941,10.6814785004,7.3244423866,-29.4198436737,-0.8536637425,0.3967406154,-0.4460585415,-0.4124881625,0.4690084457,-0.3588976860,-0.0895088911,-0.0636750460,0.0059939623,0.3770712614,0.8231096864,0.2208167911,-0.3630303144,10.6814785004,7.3244423866,-29.4198436737,-0.8536637425,0.3967406154,-0.4460585415,-0.4124881625,0.4690084457,-0.3588976860,-0.0895088911,-0.0636750460,0.0059939623,0.3770712614,0.8231096864,0.2208167911,-0.3630303144,0.0000000000,0.0000000000,0.0000000000,0.0000000000,0.0000000000,0.0000000000,-0.4355601668,0.3711050749,-0.3066499829,0.9851861000,-0.1667005122,-0.0461333990,0.3076513112,0.6654269695,0.1854278892,-0.6545360088,
7024.175,0.0610370189,-0.1220740378,0.9765923023,0.0664082766,0.0037842952,-1.0105289221,-0.1567430645,-0.0412610248,-0.4366588295,0.0028239191,0.0077750860,-0.0125599504,0.0314740390,0.0943554118,-0.9951505661,0.0049893367,12.4515514374,10.7425155640,-28.6873989105,-0.8520767689,0.3913693726,-0.4504531920,-0.4145634472,0.4681539237,-0.3636585474,-0.0861871243,-0.0638218820,0.0039471686,0.3751372695,0.8231245279,0.2234047651,-0.3634169102,12.4515514374,10.7425155640,-28.6873989105,-0.8520767689,0.3913693726,-0.4504531920,-0.4145634472,0.4681539237,-0.3636585474,-0.0861871243,-0.0638218820,0.0039471686,0.3751372695,0.8231245279,0.2234047651,-0.3634169102,0.0000000000,0.0000000000,0.0000000000,0.0000000000,0.0000000000,0.0000000000,-0.4358043075,0.3706167936,-0.3066499829,0.9851858616,-0.1667009443,-0.0461336374,0.3076773286,0.6654195189,0.1854539514,-0.6545238495,
7024.188,0.1220740378,-0.1220740378,0.9765923023,0.0662862062,0.0046388134,-1.0110172033,-0.1529587656,-0.0424817652,-0.4349497855,0.0027145743,0.0086188652,-0.0130473375,0.0314682052,0.0943546668,-0.9951509833,0.0049833623,13.3060703278,12.5736255646,-28.2601394653,-0.8500015140,0.3897823989,-0.4550920129,-0.4195684791,0.4702292085,-0.3667104244,-0.0826070905,-0.0601779521,0.0019703805,0.3731281757,0.8232232928,0.2260050923,-0.3636538982,13.3060703278,12.5736255646,-28.2601394653,-0.8500015140,0.3897823989,-0.4550920129,-0.4195684791,0.4702292085,-0.3667104244,-0.0826070905,-0.0601779521,0.0019703805,0.3731281757,0.8232232928,0.2260050923,-0.3636538982,0.0000000000,0.0000000000,0.0000000000,0.0000000000,0.0000000000,0.0000000000,-0.4362926185,0.3681752980,-0.2968840599,0.9851857424,-0.1667013764,-0.0461339951,0.3077207506,0.6654071808,0.1854977012,-0.6545035839,
7024.201,0.1220740378,-0.1220740378,0.9765923023,0.0667745024,0.0046388134,-1.0110172033,-0.1563768387,-0.0401623584,-0.4389782548,0.0032131597,0.0086081745,-0.0130466819,0.0314637944,0.0943130851,-0.9951549172,0.0049762381,14.0995512009,14.6488847733,-27.7108058929,-0.8485366106,0.3892941177,-0.4589983821,-0.4190801680,0.4699850380,-0.3585314453,-0.0798970461,-0.0554543436,0.0010613501,0.3710827827,0.8233913779,0.2286919802,-0.3636862636,14.0995512009,14.6488847733,-27.7108058929,-0.8485366106,0.3892941177,-0.4589983821,-0.4190801680,0.4699850380,-0.3585314453,-0.0798970461,-0.0554543436,0.0010613501,0.3710827827,0.8233913779,0.2286919802,-0.3636862636,0.0000000000,0.0000000000,0.0000000000,0.0000000000,0.0000000000,0.0000000000,-0.4338511229,0.3696402013,-0.3086031675,0.9851858020,-0.1667018384,-0.0461346507,0.3077401519,0.6654016972,0.1855170131,-0.6544947028,
7024.214,0.1220740378,-0.1220740378,0.9155552983,0.0621356852,0.0028077029,-1.0104068518,-0.1558885425,-0.0407727286,-0.4361705482,-0.0013928898,0.0067747799,-0.0124342442,0.0314476900,0.0942868814,-0.9951581955,0.0049727201,15.5644397736,18.6773281097,-26.4900665283,-0.8448744416,0.3577989936,-0.4643696547,-0.4237189889,0.4676656425,-0.3707388639,-0.0754115582,-0.0816692114,-0.0006284416,0.3688070774,0.8237738609,0.2313242853,-0.3634704053,15.5644397736,18.6773281097,-26.4900665283,-0.8448744416,0.3577989936,-0.4643696547,-0.4237189889,0.4676656425,-0.3707388639,-0.0754115582,-0.0816692114,-0.0006284416,0.3688070774,0.8237738609,0.2313242853,-0.3634704053,0.0000000000,0.0000000000,0.0000000000,0.0000000000,0.0000000000,0.0000000000,-0.4358043075,0.3701284826,-0.3105563521,0.9851855040,-0.1667022705,-0.0461347699,0.3077548444,0.6653974056,0.1855315566,-0.6544878483,
7024.227,0.1220740378,-0.0610370189,0.9155552983,0.0622577593,0.0019531846,-1.0099185705,-0.1556444019,-0.0440687276,-0.4381237328,-0.0012495369,0.0059222020,-0.0119445920,0.0314369127,0.0943036452,-0.9951567650,0.0049732104,16.0527362823,19.6539192200,-26.1848812103,-0.8343760371,0.3435163498,-0.4655903876,-0.4238410592,0.4630268216,-0.3692739606,-0.0642315149,-0.0906383097,0.0020062923,0.3664805889,0.8241945505,0.2339774817,-0.3631716073,16.0527362823,19.6539192200,-26.1848812103,-0.8343760371,0.3435163498,-0.4655903876,-0.4238410592,0.4630268216,-0.3692739606,-0.0642315149,-0.0906383097,0.0020062923,0.3664805889,0.8241945505,0.2339774817,-0.3631716073,0.0000000000,0.0000000000,0.0000000000,0.0000000000,0.0000000000,0.0000000000,-0.4338511229,0.3676870167,-0.3066499829,0.9851855636,-0.1667027473,-0.0461353064,0.3077735305,0.6653921604,0.1855501533,-0.6544792652,
7024.240,0.1220740378,0.0000000000,0.9155552983,0.0642109439,0.0018311106,-1.0100406408,-0.1566209942,-0.0434583575,-0.4391003251,0.0007045865,0.0058026612,-0.0120666027,0.0314362980,0.0943093523,-0.9951562285,0.0049746078,16.3579216003,19.5928821564,-26.3679924011,-0.8231452107,0.3361918926,-0.4679097831,-0.4244514406,0.4643696547,-0.3739127815,-0.0523554087,-0.0925928354,0.0035605133,0.3641215265,0.8246127367,0.2366275191,-0.3628779054,16.3579216003,19.5928821564,-26.3679924011,-0.8231452107,0.3361918926,-0.4679097831,-0.4244514406,0.4643696547,-0.3739127815,-0.0523554087,-0.0925928354,0.0035605133,0.3641215265,0.8246127367,0.2366275191,-0.3628779054,0.0000000000,0.0000000000,0.0000000000,0.0000000000,0.0000000000,0.0000000000,-0.4370250702,0.3691518903,-0.3105563521,0.9851854444,-0.1667031646,-0.0461356640,0.3077847064,0.6653889418,0.1855611205,-0.6544741392,
7024.253,0.1831110567,-0.0610370189,0.9765923023,0.0629902035,0.0024414808,-1.0097965002,-0.1575975865,-0.0418713950,-0.4383678734,-0.0004986078,0.0064238398,-0.0118214488,0.0314271562,0.0942869633,-0.9951586127,0.0049784533,16.6020698547,18.3111057281,-27.1614742279,-0.8215582967,0.3254493773,-0.4790185392,-0.4256721735,0.4638813436,-0.3720816672,-0.0500078201,-0.0977977514,-0.0038058162,0.3617445529,0.8249645233,0.2393393815,-0.3626768589,16.6020698547,18.3111057281,-27.1614742279,-0.8215582967,0.3254493773,-0.4790185392,-0.4256721735,0.4638813436,-0.3720816672,-0.0500078201,-0.0977977514,-0.0038058162,0.3617445529,0.8249645233,0.2393393815,-0.3626768589,0.0000000000,0.0000000000,0.0000000000,0.0000000000,0.0000000000,0.0000000000,-0.4375133514,0.3676870167,-0.3105563521,0.9851852059,-0.1667035669,-0.0461359024,0.3077915013,0.6653869152,0.1855676621,-0.6544710398,
7024.266,0.1220740378,0.0000000000,1.0376293659,0.0644550920,0.0030518509,-1.0107730627,-0.1574755162,-0.0413830988,-0.4371471405,0.0009662360,0.0070320023,-0.0127979517,0.0314274468,0.0942535326,-0.9951617718,0.0049763001,16.7241439819,17.6396980286,-27.5887317657,-0.8186284900,0.3230079114,-0.4858546853,-0.4257942438,0.4620502293,-0.3701284826,-0.0462889075,-0.0946339071,-0.0069803298,0.3593734503,0.8252716660,0.2420893461,-0.3625100851,16.7241439819,17.6396980286,-27.5887317657,-0.8186284900,0.3230079114,-0.4858546853,-0.4257942438,0.4620502293,-0.3701284826,-0.0462889075,-0.0946339071,-0.0069803298,0.3593734503,0.8252716660,0.2420893461,-0.3625100851,0.0000000000,0.0000000000,0.0000000000,0.0000000000,0.0000000000,0.0000000000,-0.4348277152,0.3696402013,-0.3125095367,0.9851853251,-0.1667040288,-0.0461364985,0.3078004718,0.6653844118,0.1855763793,-0.6544670463,
7024.279,0.1220740378,0.0000000000,1.0376293659,0.0649433881,0.0032959990,-1.0113834143,-0.1529587656,-0.0404065065,-0.4391003251,0.0014522895,0.0072727581,-0.0134084225,0.0314288959,0.0942197070,-0.9951649308,0.0049736490,16.7241439819,17.2734756470,-27.8939170837,-0.8215582967,0.3214209378,-0.4925687313,-0.4245735109,0.4642475545,-0.3758659661,-0.0484263301,-0.0905710161,-0.0100944340,0.3569935262,0.8255535960,0.2448301911,-0.3623788953,16.7241439819,17.2734756470,-27.8939170837,-0.8215582967,0.3214209378,-0.4925687313,-0.4245735109,0.4642475545,-0.3758659661,-0.0484263301,-0.0905710161,-0.0100944340,0.3569935262,0.8255535960,0.2448301911,-0.3623788953,0.0000000000,0.0000000000,0.0000000000,0.0000000000,0.0000000000,0.0000000000,-0.4353160262,0.3696402013,-0.3125095367,0.9851852059,-0.1667044461,-0.0461367965,0.3078090847,0.6653819084,0.1855847389,-0.6544631124,
7024.292,0.1220740378,0.0000000000,0.9765923023,0.0638447255,0.0042725913,-1.0104068518,-0.1556444019,-0.0440687276,-0.4386120141,0.0003564209,0.0082404595,-0.0124316812,0.0314278565,0.0942315608,-0.9951639771,0.0049694623,16.9682903290,17.4565868378,-28.3211765289,-0.8177739978,0.3076265752,-0.4998931885,-0.4259163141,0.4616840184,-0.3725699782,-0.0438783765,-0.0985901654,-0.0137615204,0.3545764983,0.8258188367,0.2476545274,-0.3622287512,16.9682903290,17.4565868378,-28.3211765289,-0.8177739978,0.3076265752,-0.4998931885,-0.4259163141,0.4616840184,-0.3725699782,-0.0438783765,-0.0985901654,-0.0137615204,0.3545764983,0.8258188367,0.2476545274,-0.3622287512,0.0000000000,0.0000000000,0.0000000000,0.0000000000,0.0000000000,0.0000000000,-0.4340952933,0.3715933859,-0.3086031675,0.9851850271,-0.1667049229,-0.0461370945,0.3078331649,0.6653750539,0.1856088191,-0.6544519067,
7024.305,0.1220740378,0.0000000000,0.9765923023,0.0653096139,0.0026856288,-1.0104068518,-0.1536912173,-0.0430921353,-0.4309213459,0.0018169135,0.0066524902,-0.0124319792,0.0314300656,0.0942382514,-0.9951632023,0.0049693813,16.9682903290,17.2734756470,-28.6873989105,-0.8219245076,0.3022553325,-0.5039216280,-0.4301889241,0.4619281590,-0.3742789924,-0.0472620130,-0.0981186032,-0.0141792595,0.3521600366,0.8260462284,0.2505246997,-0.3620940745,16.9682903290,17.2734756470,-28.6873989105,-0.8219245076,0.3022553325,-0.5039216280,-0.4301889241,0.4619281590,-0.3742789924,-0.0472620130,-0.0981186032,-0.0141792595,0.3521600366,0.8260462284,0.2505246997,-0.3620940745,0.0000000000,0.0000000000,0.0000000000,0.0000000000,0.0000000000,0.0000000000,-0.4350718856,0.3711050749,-0.3066499829,0.9851850271,-0.1667053998,-0.0461376309,0.3078600764,0.6653674245,0.1856357604,-0.6544394493,
7024.318,0.1220740378,0.0000000000,0.9155552983,0.0648213178,0.0029297769,-1.0104068518,-0.1572313607,-0.0424817652,-0.4381237328,0.0013265908,0.0068937554,-0.0124320388,0.0314312503,0.0942303240,-0.9951639175,0.0049677910,17.1514015198,17.4565868378,-28.9925842285,-0.8315683603,0.2955412567,-0.5048982501,-0.4306772053,0.4609515667,-0.3824579716,-0.0561543703,-0.0989054441,-0.0115506947,0.3496974409,0.8262673020,0.2533766031,-0.3619916141,17.1514015198,17.4565868378,-28.9925842285,-0.8315683603,0.2955412567,-0.5048982501,-0.4306772053,0.4609515667,-0.3824579716,-0.0561543703,-0.0989054441,-0.0115506947,0.3496974409,0.8262673020,0.2533766031,-0.3619916141,0.0000000000,0.0000000000,0.0000000000,0.0000000000,0.0000000000,0.0000000000,-0.4350718856,0.3701284826,-0.3125095367,0.9851847887,-0.1667058021,-0.0461378098,0.3078698218,0.6653645635,0.1856452972,-0.6544349194,
7024.331,0.1831110567,-0.0610370189,0.9765923023,0.0664082766,0.0032959990,-1.0106509924,-0.1558885425,-0.0419934690,-0.4333628416,0.0029144809,0.0072666155,-0.0126761794,0.0314305462,0.0942159817,-0.9951652884,0.0049705994,17.8838462830,18.2500686646,-29.1146583557,-0.8282723427,0.2816247940,-0.5057527423,-0.4314096570,0.4559465349,-0.3779412210,-0.0522008538,-0.1067716181,-0.0086548328,0.3471655548,0.8265036941,0.2562894523,-0.3618385196,17.8838462830,18.2500686646,-29.1146583557,-0.8282723427,0.2816247940,-0.5057527423,-0.4314096570,0.4559465349,-0.3779412210,-0.0522008538,-0.1067716181,-0.0086548328,0.3471655548,0.8265036941,0.2562894523,-0.3618385196,0.0000000000,0.0000000000,0.0000000000,0.0000000000,0.0000000000,0.0000000000,-0.4353160262,0.3720816672,-0.3066499829,0.9851847887,-0.1667062640,-0.0461384058,0.3078990579,0.6653562784,0.1856746078,-0.6544213891,
7024.344,0.1220740378,-0.0610370189,0.9765923023,0.0650654659,0.0024414808,-1.0115054846,-0.1552781761,-0.0412610248,-0.4262825549,0.0015794709,0.0064122970,-0.0135301948,0.0314267501,0.0941952914,-0.9951673746,0.0049696765,18.1890316010,17.9448833466,-29.2367324829,-0.8244880438,0.2779625952,-0.5046540499,-0.4328745306,0.4555803239,-0.3786736727,-0.0477718711,-0.1043430865,-0.0038568974,0.3446301818,0.8267124891,0.2592082024,-0.3617063165,18.1890316010,17.9448833466,-29.2367324829,-0.8244880438,0.2779625952,-0.5046540499,-0.4328745306,0.4555803239,-0.3786736727,-0.0477718711,-0.1043430865,-0.0038568974,0.3446301818,0.8267124891,0.2592082024,-0.3617063165,0.0000000000,0.0000000000,0.0000000000,0.0000000000,0.0000000000,0.0000000000,-0.4340952933,0.3676870167,-0.3086031675,0.9851847887,-0.1667067260,-0.0461387634,0.3079120517,0.6653525829,0.1856874228,-0.6544154286,
7024.357,0.1220740378,-0.0610370189,0.9765923023,0.0645771697,0.0026856288,-1.0100406408,-0.1547898799,-0.0428479873,-0.4343394339,0.0011008829,0.0066554188,-0.0120646954,0.0314219631,0.0941949263,-0.9951675534,0.0049686953,18.3721427917,17.2734756470,-29.4198436737,-0.8187505603,0.2743003666,-0.5036774874,-0.4371471405,0.4554582238,-0.3797723353,-0.0413702130,-0.1018781364,0.0007141232,0.3421090543,0.8268759847,0.2621363699,-0.3616152406,18.3721427917,17.2734756470,-29.4198436737,-0.8187505603,0.2743003666,-0.5036774874,-0.4371471405,0.4554582238,-0.3797723353,-0.0413702130,-0.1018781364,0.0007141232,0.3421090543,0.8268759847,0.2621363699,-0.3616152406,0.0000000000,0.0000000000,0.0000000000,0.0000000000,0.0000000000,0.0000000000,-0.4345835745,0.3691518903,-0.3105563521,0.9851845503,-0.1667071134,-0.0461390018,0.3079239130,0.6653491259,0.1856991053,-0.6544099450,
7024.370,0.1220740378,-0.0610370189,0.9765923023,0.0654316843,0.0020752586,-1.0113834143,-0.1549119502,-0.0430921353,-0.4408093393,0.0019612759,0.0060470561,-0.0134071112,0.0314189345,0.0941958055,-0.9951675534,0.0049694451,18.1890316010,15.5644397736,-29.7860660553,-0.8056886792,0.2633137107,-0.5133213401,-0.4375133514,0.4589983821,-0.3801385462,-0.0275442004,-0.1066764593,-0.0055435300,0.3396206796,0.8269613981,0.2650797665,-0.3616198301,18.1890316010,15.5644397736,-29.7860660553,-0.8056886792,0.2633137107,-0.5133213401,-0.4375133514,0.4589983821,-0.3801385462,-0.0275442004,-0.1066764593,-0.0055435300,0.3396206796,0.8269613981,0.2650797665,-0.3616198301,0.0000000000,0.0000000000,0.0000000000,0.0000000000,0.0000000000,0.0000000000,-0.4340952933,0.3715933859,-0.2929776907,0.9851844907,-0.1667075902,-0.0461395383,0.3079867363,0.6653312445,0.1857625544,-0.6543805599,
7024.383,0.1220740378,-0.0610370189,0.9765923023,0.0656758323,0.0034180731,-1.0112613440,-0.1546678096,-0.0454115421,-0.4358043075,0.0022100285,0.0073852381,-0.0132847428,0.0314166918,0.0942287594,-0.9951645136,0.0049679610,17.8838462830,14.8319959641,-30.0912494659,-0.8122806549,0.2556230426,-0.5236976147,-0.4373912811,0.4543595612,-0.3889278769,-0.0333333015,-0.1081310511,-0.0126572847,0.3371229172,0.8270135522,0.2679784298,-0.3617014587,17.8838462830,14.8319959641,-30.0912494659,-0.8122806549,0.2556230426,-0.5236976147,-0.4373912811,0.4543595612,-0.3889278769,-0.0333333015,-0.1081310511,-0.0126572847,0.3371229172,0.8270135522,0.2679784298,-0.3617014587,0.0000000000,0.0000000000,0.0000000000,0.0000000000,0.0000000000,0.0000000000,-0.4372692108,0.3715933859,-0.3125095367,0.9851843715,-0.1667080075,-0.0461399555,0.3079985976,0.6653278470,0.1857742220,-0.6543751359,
7024.396,0.1220740378,-0.0610370189,0.9765923023,0.0651875362,0.0031739250,-1.0099185705,-0.1608935893,-0.0408948027,-0.4340952933,0.0017282888,0.0071376627,-0.0119414926,0.0314137973,0.0941862911,-0.9951686263,0.0049646036,17.7617721558,14.7709589005,-30.2133235931,-0.8351085186,0.2493972629,-0.5360270739,-0.4358043075,0.4536271393,-0.3895382583,-0.0553693771,-0.1080728918,-0.0217716694,0.3346258402,0.8270331025,0.2709013224,-0.3617980778,17.7617721558,14.7709589005,-30.2133235931,-0.8351085186,0.2493972629,-0.5360270739,-0.4358043075,0.4536271393,-0.3895382583,-0.0553693771,-0.1080728918,-0.0217716694,0.3346258402,0.8270331025,0.2709013224,-0.3617980778,0.0000000000,0.0000000000,0.0000000000,0.0000000000,0.0000000000,0.0000000000,-0.4372692108,0.3711050749,-0.3125095367,0.9851843119,-0.1667084545,-0.0461403728,0.3080090880,0.6653248072,0.1857844889,-0.6543703675,
7024.409,0.1831110567,-0.0610370189,0.9765923023,0.0645771697,0.0041505173,-1.0115054846,-0.1584521085,-0.0444349498,-0.4356822371,0.0011279508,0.0081166811,-0.0135278106,0.0314086378,0.0941957086,-0.9951679111,0.0049656355,18.9825134277,18.1890316010,-29.1756954193,-0.8635517359,0.2349925190,-0.5507980585,-0.4381237328,0.4557023942,-0.3951536715,-0.0834040642,-0.1161452979,-0.0328148007,0.3319655359,0.8271992803,0.2738185525,-0.3616728485,18.9825134277,18.1890316010,-29.1756954193,-0.8635517359,0.2349925190,-0.5507980585,-0.4381237328,0.4557023942,-0.3951536715,-0.0834040642,-0.1161452979,-0.0328148007,0.3319655359,0.8271992803,0.2738185525,-0.3616728485,0.0000000000,0.0000000000,0.0000000000,0.0000000000,0.0000000000,0.0000000000,-0.4338511229,0.3725699782,-0.3125095367,0.9851843715,-0.1667089611,-0.0461408496,0.3080254495,0.6653202176,0.1858007163,-0.6543628573,
7024.422,0.1831110567,-0.0610370189,0.9765923023,0.0646992400,0.0037842952,-1.0097965002,-0.1556444019,-0.0429700613,-0.4387340844,0.0012588650,0.0077546490,-0.0118182898,0.0314040445,0.0941937119,-0.9951682091,0.0049672411,20.0201416016,20.2642898560,-28.4432506561,-0.8581804633,0.2288888246,-0.5499435663,-0.4388561547,0.4530167580,-0.3935666978,-0.0779063106,-0.1159167439,-0.0279145241,0.3292169273,0.8274518847,0.2767336369,-0.3613885939,20.0201416016,20.2642898560,-28.4432506561,-0.8581804633,0.2288888246,-0.5499435663,-0.4388561547,0.4530167580,-0.3935666978,-0.0779063106,-0.1159167439,-0.0279145241,0.3292169273,0.8274518847,0.2767336369,-0.3613885939,0.0000000000,0.0000000000,0.0000000000,0.0000000000,0.0000000000,0.0000000000,-0.4362926185,0.3711050749,-0.2910245061,0.9851840734,-0.1667093635,-0.0461410880,0.3080901802,0.6653017402,0.1858661473,-0.6543324590,
7024.435,0.1220740378,-0.1220740378,0.9765923023,0.0643330216,0.0019531846,-1.0117496252,-0.1552781761,-0.0429700613,-0.4337290525,0.0009144917,0.0059261429,-0.0137700438,0.0313930325,0.0941936821,-0.9951685667,0.0049675046,20.8746604919,21.5460681915,-27.8939170837,-0.8511002064,0.2216864526,-0.5496993661,-0.4425183833,0.4531388283,-0.3963744044,-0.0709017515,-0.1167734563,-0.0234237313,0.3263980448,0.8277603388,0.2796323299,-0.3610076308,20.8746604919,21.5460681915,-27.8939170837,-0.8511002064,0.2216864526,-0.5496993661,-0.4425183833,0.4531388283,-0.3963744044,-0.0709017515,-0.1167734563,-0.0234237313,0.3263980448,0.8277603388,0.2796323299,-0.3610076308,0.0000000000,0.0000000000,0.0000000000,0.0000000000,0.0000000000,0.0000000000,-0.4353160262,0.3676870167,-0.2910245061,0.9851840734,-0.1667097956,-0.0461415052,0.3081458509,0.6652858853,0.1859223396,-0.6543064117,
7024.448,0.1220740378,-0.1220740378,0.9765923023,0.0648213178,0.0029297769,-1.0113834143,-0.1554002464,-0.0406506546,-0.4343394339,0.0014220104,0.0069004972,-0.0134025812,0.0313837081,0.0941630751,-0.9951717854,0.0049645165,21.1798458099,20.5694751740,-27.2225112915,-0.8138676286,0.2032532692,-0.5503097773,-0.4458144009,0.4465468228,-0.3938108385,-0.0337857604,-0.1288861930,-0.0198529959,0.3235863149,0.8280537128,0.2824872434,-0.3606432080,21.1798458099,20.5694751740,-27.2225112915,-0.8138676286,0.2032532692,-0.5503097773,-0.4458144009,0.4465468228,-0.3938108385,-0.0337857604,-0.1288861930,-0.0198529959,0.3235863149,0.8280537128,0.2824872434,-0.3606432080,0.0000000000,0.0000000000,0.0000000000,0.0000000000,0.0000000000,0.0000000000,-0.4360484779,0.3701284826,-0.3125095367,0.9851839542,-0.1667102575,-0.0461418629,0.3081536591,0.6652836204,0.1859298646,-0.6543028951,
7024.461,0.1220740378,-0.0610370189,0.9765923023,0.0662862062,0.0037842952,-1.0099185705,-0.1567430645,-0.0416272469,-0.4389782548,0.0028876960,0.0077485442,-0.0119376779,0.0313837230,0.0941405892,-0.9951740503,0.0049605458,20.5694751740,18.2500686646,-27.2225112915,-0.8005615473,0.1981261671,-0.5561693311,-0.4469130635,0.4465468228,-0.4011352956,-0.0204576850,-0.1277482212,-0.0218747258,0.3208586872,0.8282585740,0.2852694690,-0.3604197502,20.5694751740,18.2500686646,-27.2225112915,-0.8005615473,0.1981261671,-0.5561693311,-0.4469130635,0.4465468228,-0.4011352956,-0.0204576850,-0.1277482212,-0.0218747258,0.3208586872,0.8282585740,0.2852694690,-0.3604197502,0.0000000000,0.0000000000,0.0000000000,0.0000000000,0.0000000000,0.0000000000,-0.4362926185,0.3711050749,-0.2968840599,0.9851838946,-0.1667107642,-0.0461423397,0.3082027137,0.6652696729,0.1859793216,-0.6542799473,
7024.604,0.1220740378,0.0000000000,0.9765923023,0.0640888736,0.0029297769,-1.0106509924,-0.1585741788,-0.0427259132,-0.4331187010,0.0007484555,0.0068546426,-0.0126662850,0.0313569754,0.0940691233,-0.9951817393,0.0049359389,19.3487358093,13.6112556458,-26.6731777191,-0.8100833297,0.1038850099,-0.5914487243,-0.4504531920,0.4358043075,-0.4065065384,-0.0269259214,-0.1525952071,-0.0247977376,0.2934524715,0.8266867399,0.3164775074,-0.3613310754,19.3487358093,13.6112556458,-26.6731777191,-0.8100833297,0.1038850099,-0.5914487243,-0.4504531920,0.4358043075,-0.4065065384,-0.0269259214,-0.1525952071,-0.0247977376,0.2934524715,0.8266867399,0.3164775074,-0.3613310754,0.0000000000,0.0000000000,0.0000000000,0.0000000000,0.0000000000,0.0000000000,-0.4365367591,0.3657338321,-0.2910245061,0.9851827621,-0.1667157710,-0.0461467505,0.3087054789,0.6651260853,0.1864860356,-0.6540445685,
7024.617,0.1220740378,0.0000000000,0.9765923023,0.0640888736,0.0029297769,-1.0108951330,-0.1534470618,-0.0428479873,-0.4303109944,0.0007494688,0.0068526259,-0.0129103065,0.0313565396,0.0940747485,-0.9951811433,0.0049350644,19.3487358093,13.1229591370,-26.9173259735,-0.8037354946,0.0909451619,-0.5927915573,-0.4513077140,0.4309213459,-0.4141972065,-0.0205488801,-0.1591277122,-0.0233252048,0.2908931673,0.8264843822,0.3192181289,-0.3614526093,19.3487358093,13.1229591370,-26.9173259735,-0.8037354946,0.0909451619,-0.5927915573,-0.4513077140,0.4309213459,-0.4141972065,-0.0205488801,-0.1591277122,-0.0233252048,0.2908931673,0.8264843822,0.3192181289,-0.3614526093,0.0000000000,0.0000000000,0.0000000000,0.0000000000,0.0000000000,0.0000000000,-0.4353160262,0.3696402013,-0.2968840599,0.9851827025,-0.1667162776,-0.0461473465,0.3087483644,0.6651138663,0.1865292042,-0.6540245414,
7024.630,0.1220740378,0.0000000000,0.9765923023,0.0644550920,0.0021973327,-1.0116275549,-0.1560106277,-0.0432142094,-0.4314096570,0.0011151135,0.0061217998,-0.0136427879,0.0313567370,0.0940772370,-0.9951809049,0.0049359757,19.1656246185,12.5736255646,-27.2225112915,-0.8020264506,0.0808130130,-0.5986511111,-0.4570451975,0.4305551350,-0.4127323329,-0.0187906623,-0.1628008783,-0.0264603496,0.2883569598,0.8262238503,0.3220141232,-0.3616004288,19.1656246185,12.5736255646,-27.2225112915,-0.8020264506,0.0808130130,-0.5986511111,-0.4570451975,0.4305551350,-0.4127323329,-0.0187906623,-0.1628008783,-0.0264603496,0.2883569598,0.8262238503,0.3220141232,-0.3616004288,0.0000000000,0.0000000000,0.0000000000,0.0000000000,0.0000000000,0.0000000000,-0.4355601668,0.3657338321,-0.2949308753,0.9851825833,-0.1667167246,-0.0461476445,0.3087850809,0.6651033163,0.1865661442,-0.6540073156,
7024.643,0.1831110567,0.0000000000,0.9765923023,0.0649433881,0.0029297769,-1.0113834143,-0.1549119502,-0.0461439863,-0.4345835745,0.0016003624,0.0068628723,-0.0133988261,0.0313576348,0.0941203162,-0.9951767921,0.0049417736,18.9214763641,12.6956996918,-28.1380653381,-0.8149662614,0.0677510947,-0.6191595197,-0.4542374909,0.4306772053,-0.4144413471,-0.0317080021,-0.1692549884,-0.0442318320,0.2857779264,0.8259281516,0.3248850405,-0.3617556393,18.9214763641,12.6956996918,-28.1380653381,-0.8149662614,0.0677510947,-0.6191595197,-0.4542374909,0.4306772053,-0.4144413471,-0.0317080021,-0.1692549884,-0.0442318320,0.2857779264,0.8259281516,0.3248850405,-0.3617556393,0.0000000000,0.0000000000,0.0000000000,0.0000000000,0.0000000000,0.0000000000,-0.4355601668,0.3676870167,-0.2910245061,0.9851825833,-0.1667172164,-0.0461481214,0.3088371456,0.6650884748,0.1866186559,-0.6539829373,
7024.656,0.1220740378,0.0000000000,0.9765923023,0.0648213178,0.0020752586,-1.0106509924,-0.1574755162,-0.0421155430,-0.4328745306,0.0014756322,0.0060105147,-0.0126666427,0.0313589424,0.0941037834,-0.9951782823,0.0049424544,19.4097728729,14.1605882645,-28.3822135925,-0.8205816746,0.0681173131,-0.6197698712,-0.4553361535,0.4265266955,-0.4181035757,-0.0374740958,-0.1622207463,-0.0419355631,0.2831248939,0.8256678581,0.3277702332,-0.3618330061,19.4097728729,14.1605882645,-28.3822135925,-0.8205816746,0.0681173131,-0.6197698712,-0.4553361535,0.4265266955,-0.4181035757,-0.0374740958,-0.1622207463,-0.0419355631,0.2831248939,0.8256678581,0.3277702332,-0.3618330061,0.0000000000,0.0000000000,0.0000000000,0.0000000000,0.0000000000,0.0000000000,-0.4340952933,0.3652455211,-0.2929776907,0.9851822853,-0.1667176336,-0.0461483002,0.3088779449,0.6650767326,0.1866597533,-0.6539637446,
7024.669,0.1220740378,0.0000000000,0.9765923023,0.0655537620,0.0045167394,-1.0119937658,-0.1591845453,-0.0433362834,-0.4320200086,0.0022022575,0.0084421150,-0.0140097141,0.0313623361,0.0940985009,-0.9951786995,0.0049376427,20.4474010468,16.4189586639,-28.3211765289,-0.8241218328,0.0681173131,-0.6161076427,-0.4547258019,0.4235969186,-0.4209112823,-0.0414254665,-0.1554789245,-0.0350779891,0.2803477645,0.8254870176,0.3306506276,-0.3617876470,20.4474010468,16.4189586639,-28.3211765289,-0.8241218328,0.0681173131,-0.6161076427,-0.4547258019,0.4235969186,-0.4209112823,-0.0414254665,-0.1554789245,-0.0350779891,0.2803477645,0.8254870176,0.3306506276,-0.3617876470,0.0000000000,0.0000000000,0.0000000000,0.0000000000,0.0000000000,0.0000000000,-0.4367808998,0.3667104244,-0.2949308753,0.9851824045,-0.1667181551,-0.0461489558,0.3089160621,0.6650658846,0.1866980791,-0.6539459825,
7024.682,0.1220740378,-0.0610370189,0.9765923023,0.0655537620,0.0029297769,-1.0102847815,-0.1594287008,-0.0408948027,-0.4349497855,0.0022065341,0.0068531283,-0.0123004317,0.0313604809,0.0940607339,-0.9951824546,0.0049352413,22.5836963654,19.6539192200,-28.2601394653,-0.7977538109,0.0512710959,-0.6092715263,-0.4571672678,0.4232306778,-0.4198126197,-0.0158647299,-0.1653255522,-0.0245168805,0.2773100436,0.8254399300,0.3335718215,-0.3615547121,22.5836963654,19.6539192200,-28.2601394653,-0.7977538109,0.0512710959,-0.6092715263,-0.4571672678,0.4232306778,-0.4198126197,-0.0158647299,-0.1653255522,-0.0245168805,0.2773100436,0.8254399300,0.3335718215,-0.3615547121,0.0000000000,0.0000000000,0.0000000000,0.0000000000,0.0000000000,0.0000000000,-0.4375133514,0.3652455211,-0.2910245061,0.9851822853,-0.1667186022,-0.0461493731,0.3089595437,0.6650534272,0.1867418885,-0.6539255977,
7024.695,0.1220740378,-0.0610370189,0.9765923023,0.0651875362,0.0034180731,-1.0104068518,-0.1573534310,-0.0408948027,-0.4317758679,0.0018464327,0.0073369970,-0.0124220848,0.0313577950,0.0940295160,-0.9951854348,0.0049317642,23.0109558105,19.6539192200,-28.4432506561,-0.7882320881,0.0451673940,-0.6064638495,-0.4549699426,0.4195684791,-0.4194464087,-0.0071982145,-0.1643564105,-0.0180028081,0.2742362916,0.8253773451,0.3364912271,-0.3613363504,23.0109558105,19.6539192200,-28.4432506561,-0.7882320881,0.0451673940,-0.6064638495,-0.4549699426,0.4195684791,-0.4194464087,-0.0071982145,-0.1643564105,-0.0180028081,0.2742362916,0.8253773451,0.3364912271,-0.3613363504,0.0000000000,0.0000000000,0.0000000000,0.0000000000,0.0000000000,0.0000000000,-0.4358043075,0.3681752980,-0.2910245061,0.9851820469,-0.1667190492,-0.0461496711,0.3090118766,0.6650384068,0.1867946982,-0.6539009809,
7024.708,0.1831110567,-0.0610370189,0.9765923023,0.0640888736,0.0030518509,-1.0113834143,-0.1550340354,-0.0402844325,-0.4351939559,0.0007595569,0.0069788247,-0.0133979917,0.0313517042,0.0939963087,-0.9951887727,0.0049341707,23.0719928741,18.9214763641,-28.6873989105,-0.7810297012,0.0354014710,-0.6049989462,-0.4596087635,0.4246955812,-0.4213995934,-0.0008171201,-0.1669869721,-0.0129635334,0.2711755931,0.8252547383,0.3394347429,-0.3611731827,23.0719928741,18.9214763641,-28.6873989105,-0.7810297012,0.0354014710,-0.6049989462,-0.4596087635,0.4246955812,-0.4213995934,-0.0008171201,-0.1669869721,-0.0129635334,0.2711755931,0.8252547383,0.3394347429,-0.3611731827,0.0000000000,0.0000000000,0.0000000000,0.0000000000,0.0000000000,0.0000000000,-0.4348277152,0.3657338321,-0.2968840599,0.9851819277,-0.1667195112,-0.0461500883,0.3090427518,0.6650295258,0.1868256778,-0.6538865566,
7024.721,0.1220740378,-0.0610370189,0.9765923023,0.0634784997,0.0024414808,-1.0099185705,-0.1562547684,-0.0408948027,-0.4353160262,0.0001634732,0.0063688243,-0.0119321942,0.0313447081,0.0939675793,-0.9951916933,0.0049327766,22.7057704926,16.1137733459,-29.5419178009,-0.7768791914,0.0108645894,-0.6163518429,-0.4627826810,0.4195684791,-0.4231086075,0.0027686357,-0.1842135936,-0.0211284161,0.2681551576,0.8249907494,0.3424114883,-0.3612216413,22.7057704926,16.1137733459,-29.5419178009,-0.7768791914,0.0108645894,-0.6163518429,-0.4627826810,0.4195684791,-0.4231086075,0.0027686357,-0.1842135936,-0.0211284161,0.2681551576,0.8249907494,0.3424114883,-0.3612216413,0.0000000000,0.0000000000,0.0000000000,0.0000000000,0.0000000000,0.0000000000,-0.4355601668,0.3676870167,-0.2949308753,0.9851819277,-0.1667199880,-0.0461504459,0.3090834022,0.6650179029,0.1868666112,-0.6538674831,
7024.734,0.1220740378,0.0000000000,0.9765923023,0.0644550920,0.0018311106,-1.0105289221,-0.1582079530,-0.0406506546,-0.4301889241,0.0011390224,0.0057618441,-0.0125426650,0.0313452445,0.0939315781,-0.9951950908,0.0049333796,22.4005851746,14.7709589005,-29.9691772461,-0.7788323760,0.0056154057,-0.6219671965,-0.4607074261,0.4181035757,-0.4261604548,0.0003501177,-0.1821253300,-0.0237833261,0.2651782036,0.8246514797,0.3453775346,-0.3613704145,22.4005851746,14.7709589005,-29.9691772461,-0.7788323760,0.0056154057,-0.6219671965,-0.4607074261,0.4181035757,-0.4261604548,0.0003501177,-0.1821253300,-0.0237833261,0.2651782036,0.8246514797,0.3453775346,-0.3613704145,0.0000000000,0.0000000000,0.0000000000,0.0000000000,0.0000000000,0.0000000000,-0.4353160262,0.3637806475,-0.2949308753,0.9851818681,-0.1667204946,-0.0461508632,0.3091132045,0.6650093794,0.1868965030,-0.6538535357,
7024.747,0.1220740378,0.0000000000,0.9765923023,0.0631122813,0.0026856288,-1.0105289221,-0.1566209942,-0.0405285805,-0.4320200086,-0.0001982078,0.0066155121,-0.0125423074,0.0313426703,0.0938981399,-0.9951983094,0.0049316403,22.2785110474,13.6112556458,-30.2743606567,-0.7810297012,0.0029297769,-0.6258735657,-0.4581438601,0.4156621099,-0.4298226833,-0.0022336245,-0.1774572134,-0.0249313116,0.2622339427,0.8242529631,0.3483128846,-0.3616105616,22.2785110474,13.6112556458,-30.2743606567,-0.7810297012,0.0029297769,-0.6258735657,-0.4581438601,0.4156621099,-0.4298226833,-0.0022336245,-0.1774572134,-0.0249313116,0.2622339427,0.8242529631,0.3483128846,-0.3616105616,0.0000000000,0.0000000000,0.0000000000,0.0000000000,0.0000000000,0.0000000000,-0.4372692108,0.3613391519,-0.2949308753,0.9851815701,-0.1667208970,-0.0461511016,0.3091348410,0.6650031209,0.1869181246,-0.6538434029,
7024.760,0.1220740378,-0.0610370189,1.0376293659,0.0643330216,0.0037842952,-1.0104068518,-0.1541795135,-0.0413830988,-0.4314096570,0.0010327101,0.0077085779,-0.0124195814,0.0313379616,0.0938778147,-0.9952003956,0.0049277316,22.3395481110,12.6346626282,-30.5185089111,-0.7829828858,-0.0014648885,-0.6217230558,-0.4646137953,0.4139530659,-0.4246955812,-0.0044952035,-0.1744635254,-0.0182152987,0.2593417764,0.8237690926,0.3512862325,-0.3619225919,22.3395481110,12.6346626282,-30.5185089111,-0.7829828858,-0.0014648885,-0.6217230558,-0.4646137953,0.4139530659,-0.4246955812,-0.0044952035,-0.1744635254,-0.0182152987,0.2593417764,0.8237690926,0.3512862325,-0.3619225919,0.0000000000,0.0000000000,0.0000000000,0.0000000000,0.0000000000,0.0000000000,-0.4968413413,0.3652455211,-0.2949308753,0.9851816893,-0.1667214185,-0.0461516380,0.3091318607,0.6650040150,0.1869146675,-0.6538450122,
7024.773,0.1831110567,0.0000000000,0.9765923023,0.0644550920,0.0036622211,-1.0106509924,-0.1534470618,-0.0412610248,-0.4359263778,0.0011537075,0.0075914948,-0.0126637816,0.0313383378,0.0938625112,-0.9952018261,0.0049297861,22.8278446198,10.6204414368,-30.3353977203,-0.7906735539,-0.0050050355,-0.6186712384,-0.4649800062,0.4137089252,-0.4301889241,-0.0123111010,-0.1705980003,-0.0129296780,0.2564894259,0.8232181072,0.3541557789,-0.3624118865,22.8278446198,10.6204414368,-30.3353977203,-0.7906735539,-0.0050050355,-0.6186712384,-0.4649800062,0.4137089252,-0.4301889241,-0.0123111010,-0.1705980003,-0.0129296780,0.2564894259,0.8232181072,0.3541557789,-0.3624118865,0.0000000000,0.0000000000,0.0000000000,0.0000000000,0.0000000000,0.0000000000,-0.4963530302,0.3652455211,-0.2929776907,0.9851814508,-0.1667218059,-0.0461518764,0.3091340661,0.6650032997,0.1869165301,-0.6538440585,
7024.786,0.1220740378,0.0000000000,0.9765923023,0.0636005774,0.0026856288,-1.0105289221,-0.1547898799,-0.0413830988,-0.4334849119,0.0003022999,0.0066140573,-0.0125415325,0.0313369147,0.0938453376,-0.9952034354,0.0049286783,23.2551040649,10.1931819916,-30.0302124023,-0.7885982990,-0.0178228095,-0.6195257306,-0.4626606107,0.4122440219,-0.4311655164,-0.0103698969,-0.1759714484,-0.0116271377,0.2536135912,0.8226562142,0.3569730818,-0.3629474342,23.2551040649,10.1931819916,-30.0302124023,-0.7885982990,-0.0178228095,-0.6195257306,-0.4626606107,0.4122440219,-0.4311655164,-0.0103698969,-0.1759714484,-0.0116271377,0.2536135912,0.8226562142,0.3569730818,-0.3629474342,0.0000000000,0.0000000000,0.0000000000,0.0000000000,0.0000000000,0.0000000000,-0.4372692108,0.3657338321,-0.3066499829,0.9851815701,-0.1667222977,-0.0461525321,0.3091385067,0.6650020480,0.1869206280,-0.6538422108,
7024.799,0.1831110567,-0.0610370189,0.9155552983,0.0622577593,0.0034180731,-1.0116275549,-0.1551561058,-0.0423596911,-0.4333628416,-0.0010199174,0.0073520183,-0.0136388540,0.0313263834,0.0938455462,-0.9952038527,0.0049304613,23.4992523193,9.7659235001,-29.8471031189,-0.7878658175,-0.0271004364,-0.6212347746,-0.4638813436,0.4080935121,-0.4309213459,-0.0097786188,-0.1777864099,-0.0112642646,0.2507373989,0.8220698237,0.3597637415,-0.3635182083,23.4992523193,9.7659235001,-29.8471031189,-0.7878658175,-0.0271004364,-0.6212347746,-0.4638813436,0.4080935121,-0.4309213459,-0.0097786188,-0.1777864099,-0.0112642646,0.2507373989,0.8220698237,0.3597637415,-0.3635182083,0.0000000000,0.0000000000,0.0000000000,0.0000000000,0.0000000000,0.0000000000,-0.4983062148,0.3662221134,-0.3066499829,0.9851812720,-0.1667227149,-0.0461526513,0.3091083765,0.6650105715,0.1868896037,-0.6538565159,
7024.812,0.1220740378,0.0000000000,0.9765923023,0.0646992400,0.0009765923,-1.0111392736,-0.1534470618,-0.0439466536,-0.4347056448,0.0014193356,0.0049181138,-0.0131507516,0.0313270390,0.0938654765,-0.9952018857,0.0049349666,23.9875488281,9.0945158005,-29.4808807373,-0.7855464220,-0.0439466536,-0.6273384690,-0.4637592733,0.4062623978,-0.4300668240,-0.0075947046,-0.1871145368,-0.0153881907,0.2478380799,0.8214648962,0.3625110090,-0.3641443849,23.9875488281,9.0945158005,-29.4808807373,-0.7855464220,-0.0439466536,-0.6273384690,-0.4637592733,0.4062623978,-0.4300668240,-0.0075947046,-0.1871145368,-0.0153881907,0.2478380799,0.8214648962,0.3625110090,-0.3641443849,0.0000000000,0.0000000000,0.0000000000,0.0000000000,0.0000000000,0.0000000000,-0.5000152588,0.3652455211,-0.2968840599,0.9851812124,-0.1667231172,-0.0461531281,0.3090986609,0.6650133133,0.1868793368,-0.6538612843,
7024.825,0.1220740378,-0.0610370189,0.9765923023,0.0640888736,0.0021973327,-1.0100406408,-0.1545457393,-0.0440687276,-0.4380016625,0.0008200482,0.0061403532,-0.0120514035,0.0313213617,0.0938828513,-0.9952003956,0.0049357386,24.1096229553,8.6062192917,-29.1756954193,-0.7887203693,-0.0507827997,-0.6367381811,-0.4679097831,0.4034546912,-0.4328745306,-0.0109189749,-0.1864583194,-0.0228935480,0.2449540198,0.8208409548,0.3652205169,-0.3647947609,24.1096229553,8.6062192917,-29.1756954193,-0.7887203693,-0.0507827997,-0.6367381811,-0.4679097831,0.4034546912,-0.4328745306,-0.0109189749,-0.1864583194,-0.0228935480,0.2449540198,0.8208409548,0.3652205169,-0.3647947609,0.0000000000,0.0000000000,0.0000000000,0.0000000000,0.0000000000,0.0000000000,-0.4975737929,0.3623157442,-0.3086031675,0.9851812124,-0.1667235792,-0.0461535454,0.3090533614,0.6650262475,0.1868328750,-0.6538828611,
7024.838,0.1220740378,0.0000000000,0.9765923023,0.0653096139,0.0015869625,-1.0091860294,-0.1550340354,-0.0449232459,-0.4392223954,0.0020348951,0.0055344850,-0.0111972094,0.0313239582,0.0939093530,-0.9951977730,0.0049390923,24.2316970825,8.3010349274,-28.9925842285,-0.7916501164,-0.0574968718,-0.6440626383,-0.4660786688,0.4026001692,-0.4362926185,-0.0140245557,-0.1856901944,-0.0283905268,0.2420681864,0.8202081323,0.3678833544,-0.3654681146,24.2316970825,8.3010349274,-28.9925842285,-0.7916501164,-0.0574968718,-0.6440626383,-0.4660786688,0.4026001692,-0.4362926185,-0.0140245557,-0.1856901944,-0.0283905268,0.2420681864,0.8202081323,0.3678833544,-0.3654681146,0.0000000000,0.0000000000,0.0000000000,0.0000000000,0.0000000000,0.0000000000,-0.5000152588,0.3652455211,-0.3066499829,0.9851809144,-0.1667239517,-0.0461537838,0.3090198636,0.6650357246,0.1867984384,-0.6538987756,
7024.851,0.1220740378,-0.0610370189,0.9765923023,0.0671407208,0.0023194067,-1.0112613440,-0.1544236541,-0.0433362834,-0.4325083196,0.0038624257,0.0062678088,-0.0132727623,0.0313256532,0.0939186513,-0.9951968193,0.0049399920,24.4758453369,8.6062192917,-28.4432506561,-0.7771233320,-0.0742210150,-0.6487014294,-0.4696188271,0.4005249143,-0.4395886064,0.0002056360,-0.1949276030,-0.0311449766,0.2391419262,0.8195982575,0.3705139458,-0.3661050200,24.4758453369,8.6062192917,-28.4432506561,-0.7771233320,-0.0742210150,-0.6487014294,-0.4696188271,0.4005249143,-0.4395886064,0.0002056360,-0.1949276030,-0.0311449766,0.2391419262,0.8195982575,0.3705139458,-0.3661050200,0.0000000000,0.0000000000,0.0000000000,0.0000000000,0.0000000000,0.0000000000,-0.4963530302,0.3613391519,-0.3105563521,0.9851810932,-0.1667244285,-0.0461543202,0.3089682460,0.6650505066,0.1867455393,-0.6539233923,
7024.864,0.1220740378,-0.0610370189,0.9765923023,0.0649433881,0.0037842952,-1.0111392736,-0.1577196568,-0.0449232459,-0.4311655164,0.0016722828,0.0077263387,-0.0131502151,0.0313222632,0.0939389914,-0.9951951504,0.0049371258,24.2927341461,7.6296272278,-28.3822135925,-0.7655262947,-0.0856959745,-0.6480910778,-0.4710837007,0.4005249143,-0.4372692108,0.0115495920,-0.1989148259,-0.0288010836,0.2362560928,0.8189320564,0.3731471896,-0.3667943180,24.2927341461,7.6296272278,-28.3822135925,-0.7655262947,-0.0856959745,-0.6480910778,-0.4710837007,0.4005249143,-0.4372692108,0.0115495920,-0.1989148259,-0.0288010836,0.2362560928,0.8189320564,0.3731471896,-0.3667943180,0.0000000000,0.0000000000,0.0000000000,0.0000000000,0.0000000000,0.0000000000,-0.4978179336,0.3608508706,-0.3066499829,0.9851807952,-0.1667248309,-0.0461546183,0.3089239001,0.6650630832,0.1867000759,-0.6539444327,
7024.877,0.1220740378,-0.0610370189,0.9765923023,0.0655537620,0.0028077029,-1.0113834143,-0.1555223316,-0.0413830988,-0.4303109944,0.0022869110,0.0067482423,-0.0133940578,0.0313203074,0.0939200893,-0.9951969385,0.0049355817,23.8044376373,6.1647391319,-28.3822135925,-0.7575914860,-0.0946073830,-0.6498001218,-0.4720602930,0.3969847858,-0.4433729053,0.0193303823,-0.2003759742,-0.0290020704,0.2334339023,0.8182055354,0.3757424653,-0.3675725460,23.8044376373,6.1647391319,-28.3822135925,-0.7575914860,-0.0946073830,-0.6498001218,-0.4720602930,0.3969847858,-0.4433729053,0.0193303823,-0.2003759742,-0.0290020704,0.2334339023,0.8182055354,0.3757424653,-0.3675725460,0.0000000000,0.0000000000,0.0000000000,0.0000000000,0.0000000000,0.0000000000,-0.4995269775,0.3598742783,-0.3066499829,0.9851809144,-0.1667252481,-0.0461551547,0.3088759780,0.6650767922,0.1866509616,-0.6539672613,
7024.890,0.1220740378,-0.0610370189,0.9765923023,0.0664082766,0.0026856288,-1.0112613440,-0.1555223316,-0.0439466536,-0.4288460910,0.0031414106,0.0066252742,-0.0132719874,0.0313202851,0.0939349383,-0.9951955080,0.0049356045,22.5226593018,2.3804438114,-28.5042877197,-0.7573473454,-0.1138950810,-0.6545609832,-0.4726706743,0.3913693726,-0.4411755800,0.0197855830,-0.2122740746,-0.0328133702,0.2308028936,0.8173037767,0.3783277273,-0.3685867488,22.5226593018,2.3804438114,-28.5042877197,-0.7573473454,-0.1138950810,-0.6545609832,-0.4726706743,0.3913693726,-0.4411755800,0.0197855830,-0.2122740746,-0.0328133702,0.2308028936,0.8173037767,0.3783277273,-0.3685867488,0.0000000000,0.0000000000,0.0000000000,0.0000000000,0.0000000000,0.0000000000,-0.4968413413,0.3584093750,-0.3125095367,0.9851806760,-0.1667256206,-0.0461552739,0.3088116646,0.6650950313,0.1865851879,-0.6539977193,
7024.903,0.1831110567,-0.1220740378,0.9765923023,0.0648213178,0.0029297769,-1.0113834143,-0.1561326981,-0.0404065065,-0.4323862493,0.0015729219,0.0068779588,-0.0133929253,0.0313108452,0.0939013883,-0.9951989055,0.0049379300,22.2785110474,1.2817773819,-28.4432506561,-0.7676015496,-0.1210974455,-0.6567583084,-0.4726706743,0.3911252320,-0.4441053569,0.0098349452,-0.2121225893,-0.0342705846,0.2282311022,0.8163471818,0.3808740079,-0.3696845770,22.2785110474,1.2817773819,-28.4432506561,-0.7676015496,-0.1210974455,-0.6567583084,-0.4726706743,0.3911252320,-0.4441053569,0.0098349452,-0.2121225893,-0.0342705846,0.2282311022,0.8163471818,0.3808740079,-0.3696845770,0.0000000000,0.0000000000,0.0000000000,0.0000000000,0.0000000000,0.0000000000,-0.4975737929,0.3603625596,-0.3066499829,0.9851807356,-0.1667261124,-0.0461558700,0.3087669015,0.6651078463,0.1865392625,-0.6540190578,
7024.916,0.1220740378,-0.1220740378,0.9765923023,0.0637226477,0.0030518509,-1.0101627111,-0.1528366953,-0.0423596911,-0.4337290525,0.0004976243,0.0069972705,-0.0121707320,0.0312993154,0.0939025059,-0.9951993227,0.0049354876,22.4616222382,1.2817773819,-28.5653247833,-0.7616199255,-0.1322061867,-0.6633503437,-0.4776757061,0.3922238946,-0.4456923008,0.0160534382,-0.2158192843,-0.0401196480,0.2256322503,0.8153751493,0.3834348321,-0.3707758784,22.4616222382,1.2817773819,-28.5653247833,-0.7616199255,-0.1322061867,-0.6633503437,-0.4776757061,0.3922238946,-0.4456923008,0.0160534382,-0.2158192843,-0.0401196480,0.2256322503,0.8153751493,0.3834348321,-0.3707758784,0.0000000000,0.0000000000,0.0000000000,0.0000000000,0.0000000000,0.0000000000,-0.4992828071,0.3579210937,-0.3066499829,0.9851805568,-0.1667265147,-0.0461560488,0.3087141812,0.6651228070,0.1864852905,-0.6540440321,
7024.929,0.1220740378,-0.0610370189,0.9765923023,0.0634784997,0.0031739250,-1.0105289221,-0.1528366953,-0.0419934690,-0.4301889241,0.0002674460,0.0071159936,-0.0125360489,0.0312925279,0.0938996449,-0.9951997399,0.0049330713,22.7057704926,0.6103702188,-29.2367324829,-0.7644276023,-0.1458784789,-0.6551713347,-0.4754783809,0.3889278769,-0.4443494976,0.0135493875,-0.2219262272,-0.0313510299,0.2230118215,0.8143375516,0.3860155046,-0.3719618320,22.7057704926,0.6103702188,-29.2367324829,-0.7644276023,-0.1458784789,-0.6551713347,-0.4754783809,0.3889278769,-0.4443494976,0.0135493875,-0.2219262272,-0.0313510299,0.2230118215,0.8143375516,0.3860155046,-0.3719618320,0.0000000000,0.0000000000,0.0000000000,0.0000000000,0.0000000000,0.0000000000,-0.4970854819,0.3608508706,-0.3086031675,0.9851804376,-0.1667269617,-0.0461564660,0.3086668849,0.6651362777,0.1864368021,-0.6540665030,
7024.942,0.1220740378,-0.0610370189,0.9155552983,0.0634784997,0.0040284432,-1.0115054846,-0.1523483992,-0.0423596911,-0.4370250702,0.0002815872,0.0079622976,-0.0135116577,0.0312858261,0.0939068347,-0.9951992631,0.0049285409,22.7668075562,0.0000000000,-29.6029548645,-0.7558824420,-0.1560106277,-0.6519974470,-0.4753563106,0.3888058066,-0.4476454854,0.0224161148,-0.2244150341,-0.0276936293,0.2203800231,0.8132597804,0.3885924518,-0.3732033372,22.7668075562,0.0000000000,-29.6029548645,-0.7558824420,-0.1560106277,-0.6519974470,-0.4753563106,0.3888058066,-0.4476454854,0.0224161148,-0.2244150341,-0.0276936293,0.2203800231,0.8132597804,0.3885924518,-0.3732033372,0.0000000000,0.0000000000,0.0000000000,0.0000000000,0.0000000000,0.0000000000,-0.4987945259,0.3637806475,-0.3086031675,0.9851803780,-0.1667273641,-0.0461568832,0.3086271882,0.6651475430,0.1863960475,-0.6540853977,
7024.955,0.1220740378,-0.0610370189,0.9155552983,0.0639667958,0.0041505173,-1.0110172033,-0.1540574431,-0.0407727286,-0.4342173636,0.0007814094,0.0080755856,-0.0130226016,0.0312805846,0.0938889012,-0.9952011704,0.0049230587,22.5226593018,-1.4648884535,-30.0302124023,-0.7586901188,-0.1600390673,-0.6485793591,-0.4814600050,0.3820917308,-0.4464247525,0.0200611949,-0.2207823098,-0.0240479708,0.2178223729,0.8120853901,0.3911860883,-0.3745500147,22.5226593018,-1.4648884535,-30.0302124023,-0.7586901188,-0.1600390673,-0.6485793591,-0.4814600050,0.3820917308,-0.4464247525,0.0200611949,-0.2207823098,-0.0240479708,0.2178223729,0.8120853901,0.3911860883,-0.3745500147,0.0000000000,0.0000000000,0.0000000000,0.0000000000,0.0000000000,0.0000000000,-0.4978179336,0.3574327826,-0.3066499829,0.9851801395,-0.1667277813,-0.0461570621,0.3085746467,0.6651624441,0.1863422394,-0.6541102529,
7024.968,0.1220740378,-0.0610370189,0.9765923023,0.0645771697,0.0035401471,-1.0105289221,-0.1579638124,-0.0440687276,-0.4350718856,0.0014001131,0.0074601527,-0.0125337839,0.0312766246,0.0938970521,-0.9952006340,0.0049204002,22.0343647003,-4.2115545273,-30.4574718475,-0.7602770925,-0.1624805480,-0.6396679878,-0.4782860875,0.3863643408,-0.4461806118,0.0192071199,-0.2155756801,-0.0153537393,0.2153933048,0.8107777238,0.3937513828,-0.3760965168,22.0343647003,-4.2115545273,-30.4574718475,-0.7602770925,-0.1624805480,-0.6396679878,-0.4782860875,0.3863643408,-0.4461806118,0.0192071199,-0.2155756801,-0.0153537393,0.2153933048,0.8107777238,0.3937513828,-0.3760965168,0.0000000000,0.0000000000,0.0000000000,0.0000000000,0.0000000000,0.0000000000,-0.4978179336,0.3579210937,-0.3125095367,0.9851805568,-0.1667282879,-0.0461579561,0.3085099161,0.6651810408,0.1862760186,-0.6541411281,
7024.981,0.1220740378,-0.0610370189,0.9765923023,0.0644550920,0.0034180731,-1.0104068518,-0.1525925547,-0.0417493209,-0.4356822371,0.0012869313,0.0073336386,-0.0124111176,0.0312724374,0.0938906148,-0.9952012300,0.0049175695,21.9733276367,-4.6998505592,-30.3964347839,-0.7713858485,-0.1632129848,-0.6388134360,-0.4773094952,0.3845332265,-0.4511856437,0.0088574290,-0.2087114453,-0.0148475170,0.2129991502,0.8094474673,0.3962590992,-0.3776882291,21.9733276367,-4.6998505592,-30.3964347839,-0.7713858485,-0.1632129848,-0.6388134360,-0.4773094952,0.3845332265,-0.4511856437,0.0088574290,-0.2087114453,-0.0148475170,0.2129991502,0.8094474673,0.3962590992,-0.3776882291,0.0000000000,0.0000000000,0.0000000000,0.0000000000,0.0000000000,0.0000000000,-0.4990386665,0.3554795980,-0.3105563521,0.9851799607,-0.1667286158,-0.0461577773,0.3084421456,0.6652001143,0.1862067729,-0.6541730165,
7024.994,0.1220740378,-0.0610370189,0.9765923023,0.0633564293,0.0032959990,-1.0106509924,-0.1579638124,-0.0455336161,-0.4354380965,0.0002025515,0.0072077536,-0.0126543641,0.0312653594,0.0939174071,-0.9951990247,0.0049158395,22.2174739838,-3.9063692093,-30.2743606567,-0.7757804990,-0.1668752134,-0.6349070668,-0.4848780930,0.3818475902,-0.4509415030,0.0051026940,-0.2047847509,-0.0112343431,0.2105877399,0.8081229329,0.3987697959,-0.3792313635,22.2174739838,-3.9063692093,-30.2743606567,-0.7757804990,-0.1668752134,-0.6349070668,-0.4848780930,0.3818475902,-0.4509415030,0.0051026940,-0.2047847509,-0.0112343431,0.2105877399,0.8081229329,0.3987697959,-0.3792313635,0.0000000000,0.0000000000,0.0000000000,0.0000000000,0.0000000000,0.0000000000,-0.4975737929,0.3569445014,-0.3105563521,0.9851803780,-0.1667290777,-0.0461586714,0.3083800077,0.6652179360,0.1861431897,-0.6542026401,
7025.007,0.1220740378,0.0000000000,0.9765923023,0.0638447255,0.0040284432,-1.0107730627,-0.1533249915,-0.0394299142,-0.4364146888,0.0006920844,0.0079327840,-0.0127763152,0.0312652849,0.0938781053,-0.9952027202,0.0049108551,23.2551040649,-0.9155552983,-29.9691772461,-0.7689443827,-0.1815240979,-0.6285592318,-0.4837794006,0.3808709979,-0.4494765997,0.0122053623,-0.2117315233,-0.0047997236,0.2079935074,0.8069072962,0.4012779891,-0.3806034029,23.2551040649,-0.9155552983,-29.9691772461,-0.7689443827,-0.1815240979,-0.6285592318,-0.4837794006,0.3808709979,-0.4494765997,0.0122053623,-0.2117315233,-0.0047997236,0.2079935074,0.8069072962,0.4012779891,-0.3806034029,0.0000000000,0.0000000000,0.0000000000,0.0000000000,0.0000000000,0.0000000000,-0.5000152588,0.3569445014,-0.3105563521,0.9851799607,-0.1667294353,-0.0461587310,0.3083165884,0.6652358174,0.1860783547,-0.6542325616,
7025.020,0.1831110567,0.0000000000,0.9765923023,0.0638447255,0.0025635548,-1.0107730627,-0.1560106277,-0.0432142094,-0.4325083196,0.0006933138,0.0064783921,-0.0127763152,0.0312641636,0.0938818455,-0.9952023625,0.0049161417,23.6823635101,0.0000000000,-29.9691772461,-0.7606433034,-0.1949522346,-0.6270943284,-0.4841456413,0.3820917308,-0.4514297843,0.0206139684,-0.2173765749,-0.0031412244,0.2053171098,0.8057172298,0.4037821889,-0.3819271028,23.6823635101,0.0000000000,-29.9691772461,-0.7606433034,-0.1949522346,-0.6270943284,-0.4841456413,0.3820917308,-0.4514297843,0.0206139684,-0.2173765749,-0.0031412244,0.2053171098,0.8057172298,0.4037821889,-0.3819271028,0.0000000000,0.0000000000,0.0000000000,0.0000000000,0.0000000000,0.0000000000,-0.4975737929,0.3593859673,-0.3086031675,0.9851798415,-0.1667298377,-0.0461591482,0.3082667291,0.6652499437,0.1860272884,-0.6542562246,
7025.033,0.1220740378,0.0000000000,0.9765923023,0.0642109439,0.0018311106,-1.0104068518,-0.1575975865,-0.0388195440,-0.4373912811,0.0010588393,0.0057493690,-0.0124101639,0.0312646404,0.0938229263,-0.9952079058,0.0049160277,23.8654747009,0.0000000000,-30.0912494659,-0.7538071871,-0.2094790488,-0.6275826097,-0.4806054831,0.3783074319,-0.4537492096,0.0274965167,-0.2240465134,-0.0034547448,0.2025944889,0.8045212626,0.4062674940,-0.3832643330,23.8654747009,0.0000000000,-30.0912494659,-0.7538071871,-0.2094790488,-0.6275826097,-0.4806054831,0.3783074319,-0.4537492096,0.0274965167,-0.2240465134,-0.0034547448,0.2025944889,0.8045212626,0.4062674940,-0.3832643330,0.0000000000,0.0000000000,0.0000000000,0.0000000000,0.0000000000,0.0000000000,-0.4963530302,0.3623157442,-0.3125095367,0.9851796627,-0.1667301953,-0.0461593866,0.3082169294,0.6652640104,0.1859762967,-0.6542797685,
7025.046,0.1220740378,0.0000000000,0.9765923023,0.0634784997,0.0023194067,-1.0118716955,-0.1574755162,-0.0423596911,-0.4326303899,0.0003297627,0.0062386757,-0.0138747692,0.0312629715,0.0938114077,-0.9952090383,0.0049160100,23.6213264465,-1.9531846046,-30.5185089111,-0.7496566772,-0.2309640795,-0.6275826097,-0.4845118523,0.3725699782,-0.4526505470,0.0318510532,-0.2375749201,-0.0035752654,0.1999205500,0.8032130599,0.4087738395,-0.3847442269,23.6213264465,-1.9531846046,-30.5185089111,-0.7496566772,-0.2309640795,-0.6275826097,-0.4845118523,0.3725699782,-0.4526505470,0.0318510532,-0.2375749201,-0.0035752654,0.1999205500,0.8032130599,0.4087738395,-0.3847442269,0.0000000000,0.0000000000,0.0000000000,0.0000000000,0.0000000000,0.0000000000,-0.4978179336,0.3584093750,-0.3125095367,0.9851796627,-0.1667306423,-0.0461598635,0.3081553280,0.6652815342,0.1859132946,-0.6543089747,
7025.059,0.1220740378,0.0000000000,0.9765923023,0.0651875362,0.0034180731,-1.0117496252,-0.1533249915,-0.0426038392,-0.4321421087,0.0020337105,0.0073329229,-0.0137529969,0.0312656946,0.0938153565,-0.9952085614,0.0049141734,23.2551040649,-3.7842950821,-30.7626571655,-0.7483138442,-0.2342600822,-0.6267281175,-0.4851222336,0.3765984178,-0.4572893381,0.0335464478,-0.2329414785,-0.0031288266,0.1973316669,0.8018202186,0.4112511575,-0.3863425553,23.2551040649,-3.7842950821,-30.7626571655,-0.7483138442,-0.2342600822,-0.6267281175,-0.4851222336,0.3765984178,-0.4572893381,0.0335464478,-0.2329414785,-0.0031288266,0.1973316669,0.8018202186,0.4112511575,-0.3863425553,0.0000000000,0.0000000000,0.0000000000,0.0000000000,0.0000000000,0.0000000000,-0.4983062148,0.3564561903,-0.3066499829,0.9851794839,-0.1667309850,-0.0461600423,0.3081019521,0.6652966142,0.1858586818,-0.6543341875,
7025.072,0.1220740378,0.0000000000,0.9765923023,0.0662862062,0.0030518509,-1.0111392736,-0.1586962491,-0.0424817652,-0.4353160262,0.0031217039,0.0069641052,-0.0131433010,0.0312712044,0.0938014761,-0.9952098131,0.0049129464,23.0109558105,-5.3712577820,-31.0678424835,-0.7462385893,-0.2428052574,-0.6269722581,-0.4868312776,0.3734244704,-0.4546037316,0.0360901356,-0.2335384041,-0.0040280223,0.1948091537,0.8003374338,0.4137338698,-0.3880428672,23.0109558105,-5.3712577820,-31.0678424835,-0.7462385893,-0.2428052574,-0.6269722581,-0.4868312776,0.3734244704,-0.4546037316,0.0360901356,-0.2335384041,-0.0040280223,0.1948091537,0.8003374338,0.4137338698,-0.3880428672,0.0000000000,0.0000000000,0.0000000000,0.0000000000,0.0000000000,0.0000000000,-0.4970854819,0.3545030057,-0.3125095367,0.9851795435,-0.1667314172,-0.0461606979,0.3080300391,0.6653170586,0.1857851744,-0.6543682814,
7025.085,0.1831110567,-0.0610370189,0.9765923023,0.0673848689,0.0025635548,-1.0113834143,-0.1572313607,-0.0430921353,-0.4328745306,0.0042150840,0.0064862771,-0.0133878589,0.0312733538,0.0938003436,-0.9952097535,0.0049183727,22.7057704926,-6.9582200050,-31.8613243103,-0.7479476333,-0.2550126612,-0.6244087219,-0.4869533479,0.3664662540,-0.4542374909,0.0349757671,-0.2377034426,-0.0023833513,0.1923314929,0.7987481356,0.4162425101,-0.3898665309,22.7057704926,-6.9582200050,-31.8613243103,-0.7479476333,-0.2550126612,-0.6244087219,-0.4869533479,0.3664662540,-0.4542374909,0.0349757671,-0.2377034426,-0.0023833513,0.1923314929,0.7987481356,0.4162425101,-0.3898665309,0.0000000000,0.0000000000,0.0000000000,0.0000000000,0.0000000000,0.0000000000,-0.4992828071,0.3554795980,-0.3066499829,0.9851793647,-0.1667317748,-0.0461608768,0.3079738319,0.6653329134,0.1857276857,-0.6543948054,
7025.098,0.1831110567,-0.0610370189,0.9765923023,0.0659199804,0.0064699240,-1.0118716955,-0.1543015838,-0.0408948027,-0.4337290525,0.0027522743,0.0103837950,-0.0138759613,0.0312728360,0.0937791169,-0.9952118993,0.0049131992,22.7668075562,-6.9582200050,-32.2275466919,-0.7452620268,-0.2628253996,-0.6185491681,-0.4893948138,0.3662221134,-0.4530167580,0.0382062793,-0.2374133468,0.0025115013,0.1898420453,0.7971224189,0.4187719524,-0.3917009830,22.7668075562,-6.9582200050,-32.2275466919,-0.7452620268,-0.2628253996,-0.6185491681,-0.4893948138,0.3662221134,-0.4530167580,0.0382062793,-0.2374133468,0.0025115013,0.1898420453,0.7971224189,0.4187719524,-0.3917009830,0.0000000000,0.0000000000,0.0000000000,0.0000000000,0.0000000000,0.0000000000,-0.4978179336,0.3549913168,-0.3066499829,0.9851794243,-0.1667322516,-0.0461615324,0.3079174459,0.6653489470,0.1856699586,-0.6544215679,
7025.111,0.1220740378,-0.0610370189,0.9765923023,0.0656758323,0.0019531846,-1.0110172033,-0.1535691470,-0.0448011719,-0.4267708361,0.0025111586,0.0058698892,-0.0130212903,0.0312710330,0.0938124657,-0.9952086210,0.0049155173,22.8278446198,-7.0192570686,-32.5327301025,-0.7400128245,-0.2629474699,-0.6223334670,-0.4908597171,0.3635364771,-0.4521622360,0.0439291000,-0.2294221520,-0.0022557974,0.1873495430,0.7954762578,0.4213077128,-0.3935241997,22.8278446198,-7.0192570686,-32.5327301025,-0.7400128245,-0.2629474699,-0.6223334670,-0.4908597171,0.3635364771,-0.4521622360,0.0439291000,-0.2294221520,-0.0022557974,0.1873495430,0.7954762578,0.4213077128,-0.3935241997,0.0000000000,0.0000000000,0.0000000000,0.0000000000,0.0000000000,0.0000000000,-0.4978179336,0.3549913168,-0.3066499829,0.9851790667,-0.1667326093,-0.0461615324,0.3078612387,0.6653647423,0.1856124699,-0.6544480324,
7025.124,0.1220740378,-0.1220740378,0.9765923023,0.0660420582,0.0034180731,-1.0117496252,-0.1545457393,-0.0440687276,-0.4312875867,0.0028894246,0.0073303776,-0.0137529373,0.0312651359,0.0938321501,-0.9952070713,0.0049133766,22.6447334290,-8.2399978638,-33.2651748657,-0.7392804027,-0.2834559083,-0.6120792031,-0.4911038578,0.3621936738,-0.4546037316,0.0452252030,-0.2416729033,0.0067834258,0.1848648787,0.7937332392,0.4238663614,-0.3954663873,22.6447334290,-8.2399978638,-33.2651748657,-0.7392804027,-0.2834559083,-0.6120792031,-0.4911038578,0.3621936738,-0.4546037316,0.0452252030,-0.2416729033,0.0067834258,0.1848648787,0.7937332392,0.4238663614,-0.3954663873,0.0000000000,0.0000000000,0.0000000000,0.0000000000,0.0000000000,0.0000000000,-0.4992828071,0.3540147245,-0.3105563521,0.9851794243,-0.1667330712,-0.0461624265,0.3077923656,0.6653844118,0.1855420619,-0.6544807553,
7025.137,0.1220740378,-0.1220740378,0.9765923023,0.0656758323,0.0026856288,-1.0115054846,-0.1550340354,-0.0439466536,-0.4371471405,0.0025369152,0.0065971636,-0.0135079026,0.0312582590,0.0938472301,-0.9952058792,0.0049128211,22.6447334290,-9.0334787369,-33.8145103455,-0.7402569652,-0.2950529456,-0.6123234034,-0.4941557050,0.3580431640,-0.4514297843,0.0448325276,-0.2449265718,0.0051782727,0.1823925376,0.7919160724,0.4264546037,-0.3974696696,22.6447334290,-9.0334787369,-33.8145103455,-0.7402569652,-0.2950529456,-0.6123234034,-0.4941557050,0.3580431640,-0.4514297843,0.0448325276,-0.2449265718,0.0051782727,0.1823925376,0.7919160724,0.4264546037,-0.3974696696,0.0000000000,0.0000000000,0.0000000000,0.0000000000,0.0000000000,0.0000000000,-0.4987945259,0.3530381322,-0.3086031675,0.9851790071,-0.1667333990,-0.0461623669,0.3077257574,0.6654031277,0.1854740232,-0.6545120478,
7025.150,0.1831110567,-0.1220740378,0.9155552983,0.0648213178,0.0021973327,-1.0106509924,-0.1536912173,-0.0421155430,-0.4290902317,0.0016999468,0.0061204601,-0.0126523972,0.0312489569,0.0938497037,-0.9952058792,0.0049178461,22.7057704926,-8.9724416733,-34.4248771667,-0.7468489408,-0.3023774028,-0.6122012734,-0.4976958632,0.3577989936,-0.4559465349,0.0387618542,-0.2438339591,0.0038957000,0.1798970103,0.7900647521,0.4290570319,-0.3994853795,22.7057704926,-8.9724416733,-34.4248771667,-0.7468489408,-0.3023774028,-0.6122012734,-0.4976958632,0.3577989936,-0.4559465349,0.0387618542,-0.2438339591,0.0038957000,0.1798970103,0.7900647521,0.4290570319,-0.3994853795,0.0000000000,0.0000000000,0.0000000000,0.0000000000,0.0000000000,0.0000000000,-0.4995269775,0.3540147245,-0.3125095367,0.9851790667,-0.1667338163,-0.0461628437,0.3076527715,0.6654238105,0.1853994578,-0.6545465589,
7025.163,0.1220740378,-0.1220740378,0.9765923023,0.0640888736,0.0036622211,-1.0097965002,-0.1530808508,-0.0449232459,-0.4358043075,0.0009883419,0.0075796694,-0.0117965341,0.0312386695,0.0938837454,-0.9952029586,0.0049151052,23.5602893829,-6.2868127823,-35.2793960571,-0.7572252750,-0.3126316071,-0.6107364297,-0.4975737929,0.3515732288,-0.4564348161,0.0285666585,-0.2454704642,0.0042498112,0.1772163957,0.7882693410,0.4317039847,-0.4013741612,23.5602893829,-6.2868127823,-35.2793960571,-0.7572252750,-0.3126316071,-0.6107364297,-0.4975737929,0.3515732288,-0.4564348161,0.0285666585,-0.2454704642,0.0042498112,0.1772163957,0.7882693410,0.4317039847,-0.4013741612,0.0000000000,0.0000000000,0.0000000000,0.0000000000,0.0000000000,0.0000000000,-0.4980620742,0.3545030057,-0.3066499829,0.9851788282,-0.1667342186,-0.0461629629,0.3075963259,0.6654397249,0.1853417158,-0.6545731425,
7025.176,0.1220740378,-0.0610370189,0.9765923023,0.0648213178,0.0030518509,-1.0107730627,-0.1533249915,-0.0446790978,-0.4351939559,0.0017275810,0.0069666756,-0.0127726197,0.0312352572,0.0939138159,-0.9952002168,0.0049144225,24.2927341461,-4.0894804001,-35.3404350281,-0.7564927936,-0.3123874664,-0.6079286933,-0.4995269775,0.3490096629,-0.4614398777,0.0291857719,-0.2365661860,0.0061954856,0.1744095236,0.7865534425,0.4343267381,-0.4031367302,24.2927341461,-4.0894804001,-35.3404350281,-0.7564927936,-0.3123874664,-0.6079286933,-0.4995269775,0.3490096629,-0.4614398777,0.0291857719,-0.2365661860,0.0061954856,0.1744095236,0.7865534425,0.4343267381,-0.4031367302,0.0000000000,0.0000000000,0.0000000000,0.0000000000,0.0000000000,0.0000000000,-0.5000152588,0.3540147245,-0.3125095367,0.9851789474,-0.1667346805,-0.0461634994,0.3075236976,0.6654603481,0.1852674931,-0.6546074748,
7025.189,0.1220740378,-0.1220740378,0.9765923023,0.0632343516,0.0025635548,-1.0102847815,-0.1519821733,-0.0444349498,-0.4340952933,0.0001656562,0.0064781737,-0.0122827888,0.0312226284,0.0939450264,-0.9951977730,0.0049141189,25.0251770020,-2.3194067478,-35.2183609009,-0.7516098619,-0.3177587092,-0.6047548056,-0.5022125840,0.3483993113,-0.4638813436,0.0337018371,-0.2332306802,0.0087017417,0.1714909077,0.7849000096,0.4369255900,-0.4047994316,25.0251770020,-2.3194067478,-35.2183609009,-0.7516098619,-0.3177587092,-0.6047548056,-0.5022125840,0.3483993113,-0.4638813436,0.0337018371,-0.2332306802,0.0087017417,0.1714909077,0.7849000096,0.4369255900,-0.4047994316,0.0000000000,0.0000000000,0.0000000000,0.0000000000,0.0000000000,0.0000000000,-0.5000152588,0.3520615399,-0.3554795980,0.9851785302,-0.1667349786,-0.0461634994,0.3073523343,0.6655086875,0.1850930005,-0.6546879411,
7025.202,0.1220740378,-0.0610370189,0.9765923023,0.0637226477,0.0046388134,-1.0097965002,-0.1497848481,-0.0432142094,-0.4337290525,0.0006656870,0.0085429568,-0.0117937326,0.0312171616,0.0939670354,-0.9951958656,0.0049090395,26.0017700195,-0.2441480756,-34.6690254211,-0.7542954683,-0.3391216695,-0.5925473571,-0.4975737929,0.3482772410,-0.4610736370,0.0304026604,-0.2458020151,0.0204201341,0.1684297323,0.7833209634,0.4394722879,-0.4063836634,26.0017700195,-0.2441480756,-34.6690254211,-0.7542954683,-0.3391216695,-0.5925473571,-0.4975737929,0.3482772410,-0.4610736370,0.0304026604,-0.2458020151,0.0204201341,0.1684297323,0.7833209634,0.4394722879,-0.4063836634,0.0000000000,0.0000000000,0.0000000000,0.0000000000,0.0000000000,0.0000000000,-0.4987945259,0.3535264134,-0.3105563521,0.9851790071,-0.1667354554,-0.0461643338,0.3072848320,0.6655279398,0.1850240082,-0.6547199488,
7025.215,0.1220740378,-0.0610370189,0.9765923023,0.0634784997,0.0026856288,-1.0099185705,-0.1534470618,-0.0426038392,-0.4283578098,0.0004344657,0.0065890052,-0.0119149685,0.0312107392,0.0939709172,-0.9951956868,0.0049081701,26.5511035919,0.6714072227,-34.3028030396,-0.7518540025,-0.3525498211,-0.5901058912,-0.4989165962,0.3458357453,-0.4585101008,0.0320758224,-0.2504146695,0.0224389434,0.1653056145,0.7817677855,0.4419901371,-0.4079235494,26.5511035919,0.6714072227,-34.3028030396,-0.7518540025,-0.3525498211,-0.5901058912,-0.4989165962,0.3458357453,-0.4585101008,0.0320758224,-0.2504146695,0.0224389434,0.1653056145,0.7817677855,0.4419901371,-0.4079235494,0.0000000000,0.0000000000,0.0000000000,0.0000000000,0.0000000000,0.0000000000,-0.4963530302,0.3525498211,-0.3535264134,0.9851785898,-0.1667357832,-0.0461643338,0.3071220517,0.6655737758,0.1848582476,-0.6547963023,
7025.228,0.1220740378,-0.0610370189,0.9155552983,0.0637226477,0.0017090365,-1.0102847815,-0.1508835107,-0.0434583575,-0.4305551350,0.0006903335,0.0056158062,-0.0122804642,0.0312045999,0.0939985737,-0.9951932430,0.0049101748,27.0394001007,1.2817773819,-34.1196937561,-0.7418439388,-0.3653675914,-0.5898617506,-0.5027008653,0.3431501091,-0.4631488919,0.0411742926,-0.2543704808,0.0223075747,0.1621109396,0.7802364826,0.4444766939,-0.4094330072,27.0394001007,1.2817773819,-34.1196937561,-0.7418439388,-0.3653675914,-0.5898617506,-0.5027008653,0.3431501091,-0.4631488919,0.0411742926,-0.2543704808,0.0223075747,0.1621109396,0.7802364826,0.4444766939,-0.4094330072,0.0000000000,0.0000000000,0.0000000000,0.0000000000,0.0000000000,0.0000000000,-0.4965972006,0.3501083553,-0.3574327826,0.9851784110,-0.1667360961,-0.0461646318,0.3069452047,0.6656236053,0.1846781820,-0.6548793316,
7025.241,0.1220740378,0.0000000000,0.9765923023,0.0638447255,0.0031739250,-1.0112613440,-0.1522263288,-0.0438245796,-0.4232306778,0.0008131862,0.0070775165,-0.0132569671,0.0312042404,0.0940233618,-0.9951909184,0.0049093328,27.5276947021,1.5259255171,-34.1807289124,-0.7409893870,-0.3819696605,-0.5960875154,-0.4998931885,0.3405865729,-0.4675435722,0.0410100222,-0.2620345354,0.0156981349,0.1588447243,0.7787126899,0.4469262660,-0.4109446704,27.5276947021,1.5259255171,-34.1807289124,-0.7409893870,-0.3819696605,-0.5960875154,-0.4998931885,0.3405865729,-0.4675435722,0.0410100222,-0.2620345354,0.0156981349,0.1588447243,0.7787126899,0.4469262660,-0.4109446704,0.0000000000,0.0000000000,0.0000000000,0.0000000000,0.0000000000,0.0000000000,-0.4973296225,0.3486434519,-0.3593859673,0.9851784706,-0.1667364538,-0.0461649299,0.3067607880,0.6656755805,0.1844904274,-0.6549658775,
7025.254,0.1831110567,0.0000000000,0.9765923023,0.0637226477,0.0030518509,-1.0102847815,-0.1534470618,-0.0458998382,-0.4283578098,0.0006921813,0.0069635035,-0.0122804046,0.0312030967,0.0940702707,-0.9951864481,0.0049147676,27.9549541473,2.1973326206,-34.1196937561,-0.7348856926,-0.3873409331,-0.5968199968,-0.5013580918,0.3393658400,-0.4610736370,0.0459507704,-0.2584525049,0.0146303177,0.1555395871,0.7771921754,0.4493785799,-0.4124103189,27.9549541473,2.1973326206,-34.1196937561,-0.7348856926,-0.3873409331,-0.5968199968,-0.5013580918,0.3393658400,-0.4610736370,0.0459507704,-0.2584525049,0.0146303177,0.1555395871,0.7771921754,0.4493785799,-0.4124103189,0.0000000000,0.0000000000,0.0000000000,0.0000000000,0.0000000000,0.0000000000,-0.4973296225,0.3471785784,-0.3535264134,0.9851784706,-0.1667367816,-0.0461654663,0.3065847158,0.6657251120,0.1843111664,-0.6550484896,
7025.267,0.1220740378,0.0000000000,0.9765923023,0.0643330216,0.0037842952,-1.0110172033,-0.1530808508,-0.0462660603,-0.4306772053,0.0013008267,0.0076897279,-0.0130128860,0.0312039908,0.0941221714,-0.9951816201,0.0049133785,28.1991024017,2.8077027798,-33.9976196289,-0.7292702794,-0.3892941177,-0.5946226120,-0.5035554171,0.3359477520,-0.4586321712,0.0502768755,-0.2514779866,0.0165258050,0.1522137225,0.7756787539,0.4518188238,-0.4138318300,28.1991024017,2.8077027798,-33.9976196289,-0.7292702794,-0.3892941177,-0.5946226120,-0.5035554171,0.3359477520,-0.4586321712,0.0502768755,-0.2514779866,0.0165258050,0.1522137225,0.7756787539,0.4518188238,-0.4138318300,0.0000000000,0.0000000000,0.0000000000,0.0000000000,0.0000000000,0.0000000000,-0.4965972006,0.3486434519,-0.3535264134,0.9851781130,-0.1667370796,-0.0461655259,0.3064140677,0.6657729745,0.1841374487,-0.6551283598,
7025.280,0.1831110567,-0.0610370189,0.9765923023,0.0642109439,0.0040284432,-1.0107730627,-0.1539353579,-0.0457777642,-0.4327524602,0.0011882186,0.0079371110,-0.0127681494,0.0311989151,0.0941644385,-0.9951776862,0.0049158684,28.5042877197,3.2349619865,-33.3872489929,-0.7357402444,-0.3957640231,-0.5875423551,-0.5029450655,0.3310647905,-0.4598529041,0.0424583554,-0.2490978092,0.0232650638,0.1488855034,0.7741862535,0.4541841447,-0.4152461588,28.5042877197,3.2349619865,-33.3872489929,-0.7357402444,-0.3957640231,-0.5875423551,-0.5029450655,0.3310647905,-0.4598529041,0.0424583554,-0.2490978092,0.0232650638,0.1488855034,0.7741862535,0.4541841447,-0.4152461588,0.0000000000,0.0000000000,0.0000000000,0.0000000000,0.0000000000,0.0000000000,-0.4975737929,0.3432722092,-0.3554795980,0.9851782918,-0.1667375118,-0.0461660028,0.3062244356,0.6658263206,0.1839443892,-0.6552172303,
7025.293,0.1831110567,-0.0610370189,0.9765923023,0.0650654659,0.0040284432,-1.0108951330,-0.1510055810,-0.0428479873,-0.4349497855,0.0020479634,0.0079403315,-0.0128898621,0.0311960950,0.0941766277,-0.9951767325,0.0049176062,28.9315471649,3.9063692093,-32.7768783569,-0.7409893870,-0.4017456472,-0.5813165903,-0.5027008653,0.3300881982,-0.4599749744,0.0357732773,-0.2462956309,0.0291463137,0.1455393583,0.7727233171,0.4564799070,-0.4166375399,28.9315471649,3.9063692093,-32.7768783569,-0.7409893870,-0.4017456472,-0.5813165903,-0.5027008653,0.3300881982,-0.4599749744,0.0357732773,-0.2462956309,0.0291463137,0.1455393583,0.7727233171,0.4564799070,-0.4166375399,0.0000000000,0.0000000000,0.0000000000,0.0000000000,0.0000000000,0.0000000000,-0.4990386665,0.3422956169,-0.3593859673,0.9851779342,-0.1667378098,-0.0461661220,0.3060242832,0.6658823490,0.1837407053,-0.6553107500,
7025.306,0.1220740378,0.0000000000,0.9765923023,0.0640888736,0.0024414808,-1.0097965002,-0.1519821733,-0.0468764305,-0.4342173636,0.0010704249,0.0063537625,-0.0117912889,0.0311962459,0.0942385048,-0.9951707721,0.0049197874,29.6029548645,5.1271095276,-31.9223613739,-0.7444074750,-0.4096804857,-0.5738700628,-0.5037995577,0.3269142807,-0.4596087635,0.0307809114,-0.2455079108,0.0363104343,0.1421428621,0.7713193297,0.4586941600,-0.4179774523,29.6029548645,5.1271095276,-31.9223613739,-0.7444074750,-0.4096804857,-0.5738700628,-0.5037995577,0.3269142807,-0.4596087635,0.0307809114,-0.2455079108,0.0363104343,0.1421428621,0.7713193297,0.4586941600,-0.4179774523,0.0000000000,0.0000000000,0.0000000000,0.0000000000,0.0000000000,0.0000000000,-0.4995269775,0.3457136750,-0.3554795980,0.9851781130,-0.1667382121,-0.0461666584,0.3058424294,0.6659333706,0.1835555881,-0.6553958654,
7025.319,0.1220740378,0.0000000000,0.9765923023,0.0634784997,0.0032959990,-1.0108951330,-0.1532029212,-0.0445570238,-0.4306772053,0.0004624426,0.0072044646,-0.0128898025,0.0311950929,0.0942668319,-0.9951681495,0.0049186619,31.1899166107,7.8737754822,-30.5795459747,-0.7236549258,-0.4366588295,-0.5665456057,-0.5027008653,0.3217871785,-0.4668111205,0.0496148467,-0.2636763453,0.0436354280,0.1385128945,0.7700748444,0.4607807100,-0.4191940725,31.1899166107,7.8737754822,-30.5795459747,-0.7236549258,-0.4366588295,-0.5665456057,-0.5027008653,0.3217871785,-0.4668111205,0.0496148467,-0.2636763453,0.0436354280,0.1385128945,0.7700748444,0.4607807100,-0.4191940725,0.0000000000,0.0000000000,0.0000000000,0.0000000000,0.0000000000,0.0000000000,-0.4992828071,0.3457136750,-0.3574327826,0.9851779342,-0.1667385548,-0.0461668372,0.3056576848,0.6659849882,0.1833675653,-0.6554821134,
7025.332,0.1831110567,0.0000000000,0.9765923023,0.0636005774,0.0029297769,-1.0113834143,-0.1525925547,-0.0455336161,-0.4306772053,0.0005864501,0.0068468959,-0.0133780241,0.0311935097,0.0943098739,-0.9951640964,0.0049242284,31.6171760559,8.5451822281,-30.2743606567,-0.7093722224,-0.4467909932,-0.5660573244,-0.5052644610,0.3189794719,-0.4664449096,0.0618346334,-0.2649833858,0.0441689491,0.1348268241,0.7688499689,0.4628462791,-0.4203672111,31.6171760559,8.5451822281,-30.2743606567,-0.7093722224,-0.4467909932,-0.5660573244,-0.5052644610,0.3189794719,-0.4664449096,0.0618346334,-0.2649833858,0.0441689491,0.1348268241,0.7688499689,0.4628462791,-0.4203672111,0.0000000000,0.0000000000,0.0000000000,0.0000000000,0.0000000000,0.0000000000,-0.4965972006,0.3476668596,-0.3593859673,0.9851779938,-0.1667388827,-0.0461673141,0.3054771423,0.6660354733,0.1831838191,-0.6555664539,
7025.345,0.1220740378,0.0000000000,0.9765923023,0.0645771697,0.0028077029,-1.0113834143,-0.1535691470,-0.0477309488,-0.4351939559,0.0015601665,0.0067233997,-0.0133781433,0.0311946794,0.0943767205,-0.9951576591,0.0049257521,31.8002872467,8.6672563553,-30.2133235931,-0.7042451501,-0.4522843063,-0.5670338869,-0.5016022325,0.3210547268,-0.4688863754,0.0648249984,-0.2616658211,0.0432003736,0.1311218590,0.7676253319,0.4648788273,-0.4215328395,31.8002872467,8.6672563553,-30.2133235931,-0.7042451501,-0.4522843063,-0.5670338869,-0.5016022325,0.3210547268,-0.4688863754,0.0648249984,-0.2616658211,0.0432003736,0.1311218590,0.7676253319,0.4648788273,-0.4215328395,0.0000000000,0.0000000000,0.0000000000,0.0000000000,0.0000000000,0.0000000000,-0.4983062148,0.3476668596,-0.3554795980,0.9851777554,-0.1667392105,-0.0461674929,0.3053041995,0.6660836935,0.1830078065,-0.6556470990,
7025.358,0.1220740378,-0.0610370189,1.0376293659,0.0656758323,0.0029297769,-1.0102847815,-0.1551561058,-0.0477309488,-0.4350718856,0.0026608780,0.0068441154,-0.0122793317,0.0311934426,0.0944328532,-0.9951524734,0.0049267374,31.8613243103,9.0334787369,-30.0302124023,-0.6992400885,-0.4633930624,-0.5743583441,-0.5011139512,0.3137302697,-0.4716940820,0.0675812364,-0.2639932632,0.0358996987,0.1273912638,0.7664142251,0.4668855369,-0.4226611555,31.8613243103,9.0334787369,-30.0302124023,-0.6992400885,-0.4633930624,-0.5743583441,-0.5011139512,0.3137302697,-0.4716940820,0.0675812364,-0.2639932632,0.0358996987,0.1273912638,0.7664142251,0.4668855369,-0.4226611555,0.0000000000,0.0000000000,0.0000000000,0.0000000000,0.0000000000,0.0000000000,-0.4983062148,0.3447370827,-0.3554795980,0.9851777554,-0.1667395830,-0.0461679101,0.3051236868,0.6661340594,0.1828241199,-0.6557312608,
7025.371,0.1220740378,-0.0610370189,1.0376293659,0.0646992400,0.0024414808,-1.0113834143,-0.1539353579,-0.0455336161,-0.4327524602,0.0016914979,0.0063568894,-0.0133776069,0.0311896428,0.0944647789,-0.9951494932,0.0049279300,31.9223613739,9.3997011185,-29.7250289917,-0.6974089742,-0.4723044634,-0.5764335990,-0.4997711182,0.3132419884,-0.4762108326,0.0670767426,-0.2641772926,0.0338407159,0.1236468777,0.7652196884,0.4688494205,-0.4237620831,31.9223613739,9.3997011185,-29.7250289917,-0.6974089742,-0.4723044634,-0.5764335990,-0.4997711182,0.3132419884,-0.4762108326,0.0670767426,-0.2641772926,0.0338407159,0.1236468777,0.7652196884,0.4688494205,-0.4237620831,0.0000000000,0.0000000000,0.0000000000,0.0000000000,0.0000000000,0.0000000000,-0.4963530302,0.3432722092,-0.3691518903,0.9851776958,-0.1667398959,-0.0461681485,0.3049145043,0.6661922932,0.1826113313,-0.6558286548,
7025.384,0.1220740378,-0.0610370189,1.0376293659,0.0659199804,0.0026856288,-1.0107730627,-0.1554002464,-0.0422376171,-0.4333628416,0.0029132068,0.0066008889,-0.0127671957,0.0311892442,0.0944491699,-0.9951509833,0.0049273209,31.9833984375,9.5217752457,-29.2977695465,-0.6958220005,-0.4796288908,-0.5774102211,-0.5019684434,0.3048188686,-0.4686422348,0.0662772059,-0.2628504038,0.0328370929,0.1199287921,0.7640132308,0.4707984030,-0.4248451591,31.9833984375,9.5217752457,-29.2977695465,-0.6958220005,-0.4796288908,-0.5774102211,-0.5019684434,0.3048188686,-0.4686422348,0.0662772059,-0.2628504038,0.0328370929,0.1199287921,0.7640132308,0.4707984030,-0.4248451591,0.0000000000,0.0000000000,0.0000000000,0.0000000000,0.0000000000,0.0000000000,-0.4992828071,0.3427838981,-0.3593859673,0.9851775169,-0.1667401940,-0.0461683869,0.3047219515,0.6662458181,0.1824154556,-0.6559182405,
7025.397,0.1220740378,-0.0610370189,1.0376293659,0.0665303543,0.0037842952,-1.0117496252,-0.1549119502,-0.0455336161,-0.4327524602,0.0035218596,0.0076939994,-0.0137438178,0.0311902221,0.0944780633,-0.9951481819,0.0049255416,32.1665077209,9.8269596100,-28.1991024017,-0.6913052797,-0.4991607368,-0.5706961155,-0.5011139512,0.3057954609,-0.4716940820,0.0683666468,-0.2738186121,0.0394755602,0.1162046343,0.7628387809,0.4726589918,-0.4259232581,32.1665077209,9.8269596100,-28.1991024017,-0.6913052797,-0.4991607368,-0.5706961155,-0.5011139512,0.3057954609,-0.4716940820,0.0683666468,-0.2738186121,0.0394755602,0.1162046343,0.7628387809,0.4726589918,-0.4259232581,0.0000000000,0.0000000000,0.0000000000,0.0000000000,0.0000000000,0.0000000000,-0.5000152588,0.3408307135,-0.3574327826,0.9851775765,-0.1667405069,-0.0461688042,0.3045280874,0.6662997007,0.1822182536,-0.6560084224,
7025.410,0.1220740378,-0.0610370189,1.0376293659,0.0646992400,0.0024414808,-1.0113834143,-0.1508835107,-0.0472426526,-0.4310434163,0.0016978979,0.0063522798,-0.0133771896,0.0311862826,0.0945424736,-0.9951422811,0.0049277656,32.5327301025,10.3762931824,-27.6497688293,-0.6900845170,-0.5080721378,-0.5722830892,-0.5008697510,0.3050630093,-0.4680318534,0.0670716166,-0.2742213607,0.0378139615,0.1124636382,0.7616851330,0.4744765759,-0.4269700050,32.5327301025,10.3762931824,-27.6497688293,-0.6900845170,-0.5080721378,-0.5722830892,-0.5008697510,0.3050630093,-0.4680318534,0.0670716166,-0.2742213607,0.0378139615,0.1124636382,0.7616851330,0.4744765759,-0.4269700050,0.0000000000,0.0000000000,0.0000000000,0.0000000000,0.0000000000,0.0000000000,-0.4973296225,0.3383892477,-0.3691518903,0.9851772785,-0.1667408198,-0.0461688638,0.3043071926,0.6663609147,0.1819936186,-0.6561109424,
7025.423,0.1220740378,-0.1220740378,0.9765923023,0.0651875362,0.0037842952,-1.0108951330,-0.1549119502,-0.0439466536,-0.4326303899,0.0022013709,0.0076888711,-0.0128878951,0.0311789494,0.0945557356,-0.9951412082,0.0049243630,32.8989524841,10.9866638184,-27.2835483551,-0.6758018732,-0.5161290169,-0.5726493001,-0.4979400039,0.3012787402,-0.4713278711,0.0787116289,-0.2737793922,0.0374050736,0.1086654142,0.7605667114,0.4762450159,-0.4279774129,32.8989524841,10.9866638184,-27.2835483551,-0.6758018732,-0.5161290169,-0.5726493001,-0.4979400039,0.3012787402,-0.4713278711,0.0787116289,-0.2737793922,0.0374050736,0.1086654142,0.7605667114,0.4762450159,-0.4279774129,0.0000000000,0.0000000000,0.0000000000,0.0000000000,0.0000000000,0.0000000000,-0.4990386665,0.3393658400,-0.3593859673,0.9851774573,-0.1667412072,-0.0461694598,0.3041078746,0.6664162278,0.1817908734,-0.6562035680,
7025.436,0.1220740378,-0.1220740378,0.9765923023,0.0633564293,0.0031739250,-1.0102847815,-0.1521042585,-0.0421155430,-0.4292123318,0.0003941730,0.0070753107,-0.0122760534,0.0311671887,0.0945541859,-0.9951417446,0.0049215914,32.8379173279,9.9490337372,-26.6731777191,-0.6610308886,-0.5278481245,-0.5767998099,-0.5003814697,0.2989593148,-0.4780419469,0.0908882618,-0.2770774364,0.0330541730,0.1049113721,0.7594260573,0.4779568911,-0.4290298522,32.8379173279,9.9490337372,-26.6731777191,-0.6610308886,-0.5278481245,-0.5767998099,-0.5003814697,0.2989593148,-0.4780419469,0.0908882618,-0.2770774364,0.0330541730,0.1049113721,0.7594260573,0.4779568911,-0.4290298522,0.0000000000,0.0000000000,0.0000000000,0.0000000000,0.0000000000,0.0000000000,-0.4985503852,0.3418073058,-0.3730582595,0.9851773381,-0.1667415202,-0.0461696386,0.3038908541,0.6664762497,0.1815701872,-0.6563041806,
7025.449,0.1220740378,-0.1220740378,0.9765923023,0.0643330216,0.0045167394,-1.0112613440,-0.1550340354,-0.0448011719,-0.4354380965,0.0013900548,0.0084083341,-0.0132513046,0.0311579220,0.0945775807,-0.9951398373,0.0049165329,32.5327301025,8.7282934189,-26.2459182739,-0.6581011415,-0.5326090455,-0.5730155110,-0.4995269775,0.2971282005,-0.4771874249,0.0913344622,-0.2735331655,0.0364238620,0.1012541354,0.7582336664,0.4796299934,-0.4301487505,32.5327301025,8.7282934189,-26.2459182739,-0.6581011415,-0.5326090455,-0.5730155110,-0.4995269775,0.2971282005,-0.4771874249,0.0913344622,-0.2735331655,0.0364238620,0.1012541354,0.7582336664,0.4796299934,-0.4301487505,0.0000000000,0.0000000000,0.0000000000,0.0000000000,0.0000000000,0.0000000000,-0.4987945259,0.3383892477,-0.3593859673,0.9851771593,-0.1667418480,-0.0461699367,0.3036907911,0.6665315032,0.1813667268,-0.6563968658,
7025.462,0.1220740378,-0.0610370189,1.0376293659,0.0636005774,0.0036622211,-1.0108951330,-0.1523483992,-0.0444349498,-0.4306772053,0.0006697029,0.0075489501,-0.0128843188,0.0311520137,0.0946002379,-0.9951378107,0.0049142465,32.2275466919,7.3854794502,-25.7576217651,-0.6513870955,-0.5382244587,-0.5709402561,-0.4939115644,0.2965178490,-0.4792626798,0.0956798792,-0.2709593177,0.0378706455,0.0976833850,0.7570023537,0.4812446237,-0.4313380420,32.2275466919,7.3854794502,-25.7576217651,-0.6513870955,-0.5382244587,-0.5709402561,-0.4939115644,0.2965178490,-0.4792626798,0.0956798792,-0.2709593177,0.0378706455,0.0976833850,0.7570023537,0.4812446237,-0.4313380420,0.0000000000,0.0000000000,0.0000000000,0.0000000000,0.0000000000,0.0000000000,-0.4992828071,0.3359477520,-0.3711050749,0.9851772785,-0.1667421907,-0.0461703539,0.3034621477,0.6665946245,0.1811342686,-0.6565027833,
7025.475,0.1831110567,-0.0610370189,0.9765923023,0.0638447255,0.0034180731,-1.0108951330,-0.1530808508,-0.0473647267,-0.4261604548,0.0009246245,0.0073111327,-0.0128836632,0.0311460216,0.0946653783,-0.9951319098,0.0049189255,31.8613243103,5.9205908775,-25.3303623199,-0.6519974470,-0.5467696190,-0.5642262101,-0.4985503852,0.2882167995,-0.4748679996,0.0928519964,-0.2714244127,0.0437009335,0.0942334831,0.7556936145,0.4828400314,-0.4326158464,31.8613243103,5.9205908775,-25.3303623199,-0.6519974470,-0.5467696190,-0.5642262101,-0.4985503852,0.2882167995,-0.4748679996,0.0928519964,-0.2714244127,0.0437009335,0.0942334831,0.7556936145,0.4828400314,-0.4326158464,0.0000000000,0.0000000000,0.0000000000,0.0000000000,0.0000000000,0.0000000000,-0.4973296225,0.3369243443,-0.3750114441,0.9851770401,-0.1667424589,-0.0461704731,0.3032313287,0.6666581631,0.1808996350,-0.6566094756,
7025.488,0.1831110567,-0.1220740378,1.0376293659,0.0627460554,0.0039063692,-1.0101627111,-0.1544236541,-0.0444349498,-0.4311655164,-0.0001474395,0.0078039658,-0.0121495724,0.0311324708,0.0946812853,-0.9951306581,0.0049204198,31.7392501831,5.6764426231,-24.7199935913,-0.6408886909,-0.5559251904,-0.5600757003,-0.5001373291,0.2885830402,-0.4770653546,0.1017396450,-0.2725870013,0.0468955636,0.0908136740,0.7543819547,0.4843936265,-0.4338977039,31.7392501831,5.6764426231,-24.7199935913,-0.6408886909,-0.5559251904,-0.5600757003,-0.5001373291,0.2885830402,-0.4770653546,0.1017396450,-0.2725870013,0.0468955636,0.0908136740,0.7543819547,0.4843936265,-0.4338977039,0.0000000000,0.0000000000,0.0000000000,0.0000000000,0.0000000000,0.0000000000,-0.4995269775,0.3393658400,-0.3711050749,0.9851772189,-0.1667428166,-0.0461710691,0.3030146360,0.6667178869,0.1806793213,-0.6567097306,
7025.501,0.1831110567,-0.0610370189,1.0376293659,0.0629902035,0.0029297769,-1.0104068518,-0.1571092904,-0.0438245796,-0.4284798801,0.0001113713,0.0068367175,-0.0123928785,0.0311247092,0.0946817324,-0.9951310754,0.0049243881,31.6782131195,5.8595538139,-24.8420658112,-0.6255073547,-0.5628833771,-0.5587328672,-0.4952543676,0.2847987413,-0.4790185392,0.1148014665,-0.2715421915,0.0472829938,0.0873619393,0.7530684471,0.4859419465,-0.4351550937,31.6782131195,5.8595538139,-24.8420658112,-0.6255073547,-0.5628833771,-0.5587328672,-0.4952543676,0.2847987413,-0.4790185392,0.1148014665,-0.2715421915,0.0472829938,0.0873619393,0.7530684471,0.4859419465,-0.4351550937,0.0000000000,0.0000000000,0.0000000000,0.0000000000,0.0000000000,0.0000000000,-0.4995269775,0.3379009366,-0.3711050749,0.9851768613,-0.1667430997,-0.0461711287,0.3027946949,0.6667782068,0.1804557592,-0.6568111777,
7025.514,0.1831110567,-0.0610370189,0.9765923023,0.0634784997,0.0036622211,-1.0108951330,-0.1554002464,-0.0462660603,-0.4354380965,0.0006120205,0.0075741727,-0.0128803849,0.0311181210,0.0947223902,-0.9951272011,0.0049275695,31.3730278015,5.2491836548,-25.0862140656,-0.6176946163,-0.5656911135,-0.5571458936,-0.4965972006,0.2811365128,-0.4803613424,0.1202960014,-0.2663769126,0.0478114486,0.0839500502,0.7517061234,0.4875041544,-0.4364329278,31.3730278015,5.2491836548,-25.0862140656,-0.6176946163,-0.5656911135,-0.5571458936,-0.4965972006,0.2811365128,-0.4803613424,0.1202960014,-0.2663769126,0.0478114486,0.0839500502,0.7517061234,0.4875041544,-0.4364329278,0.0000000000,0.0000000000,0.0000000000,0.0000000000,0.0000000000,0.0000000000,-0.4968413413,0.3379009366,-0.3691518903,0.9851770401,-0.1667434573,-0.0461716056,0.3025810719,0.6668369174,0.1802385896,-0.6569098234,
7025.527,0.1220740378,-0.0610370189,0.9765923023,0.0631122813,0.0031739250,-1.0107730627,-0.1568651348,-0.0446790978,-0.4349497855,0.0002598390,0.0070826365,-0.0127574205,0.0311112031,0.0947378874,-0.9951259494,0.0049257739,30.4574718475,2.5635547638,-25.5134735107,-0.6146427989,-0.5798516870,-0.5558031201,-0.4969634116,0.2783288062,-0.4760887623,0.1212413907,-0.2726029158,0.0477412343,0.0806957558,0.7501875758,0.4891160131,-0.4378538728,30.4574718475,2.5635547638,-25.5134735107,-0.6146427989,-0.5798516870,-0.5558031201,-0.4969634116,0.2783288062,-0.4760887623,0.1212413907,-0.2726029158,0.0477412343,0.0806957558,0.7501875758,0.4891160131,-0.4378538728,0.0000000000,0.0000000000,0.0000000000,0.0000000000,0.0000000000,0.0000000000,-0.5000152588,0.3379009366,-0.3750114441,0.9851766825,-0.1667437106,-0.0461716652,0.3023557365,0.6668985486,0.1800095886,-0.6570135951,
7025.540,0.1220740378,-0.0610370189,0.9765923023,0.0629902035,0.0031739250,-1.0102847815,-0.1564989239,-0.0463881344,-0.4336069822,0.0001521558,0.0070794043,-0.0122681856,0.0311039854,0.0947767049,-0.9951226115,0.0049246927,29.9081401825,0.5493331552,-25.5134735107,-0.6198919415,-0.5898617506,-0.5553147793,-0.4956206083,0.2790612578,-0.4760887623,0.1140700579,-0.2747674882,0.0465234518,0.0775727630,0.7485717535,0.4907167852,-0.4393897355,29.9081401825,0.5493331552,-25.5134735107,-0.6198919415,-0.5898617506,-0.5553147793,-0.4956206083,0.2790612578,-0.4760887623,0.1140700579,-0.2747674882,0.0465234518,0.0775727630,0.7485717535,0.4907167852,-0.4393897355,0.0000000000,0.0000000000,0.0000000000,0.0000000000,0.0000000000,0.0000000000,-0.4985503852,0.3349711597,-0.3691518903,0.9851768613,-0.1667440683,-0.0461722612,0.3021347523,0.6669591069,0.1797849685,-0.6571154594,
7025.553,0.1220740378,0.0000000000,0.9765923023,0.0638447255,0.0035401471,-1.0108951330,-0.1568651348,-0.0465102084,-0.4304330647,0.0010063723,0.0074406071,-0.0128785372,0.0311041791,0.0948165432,-0.9951187372,0.0049234536,29.4808807373,-1.1597033739,-25.2693252563,-0.6285592318,-0.5941343307,-0.5528733134,-0.4953764379,0.2735679150,-0.4850001633,0.1036626101,-0.2713264823,0.0469943881,0.0745691359,0.7468998432,0.4922581613,-0.4410279095,29.4808807373,-1.1597033739,-25.2693252563,-0.6285592318,-0.5941343307,-0.5528733134,-0.4953764379,0.2735679150,-0.4850001633,0.1036626101,-0.2713264823,0.0469943881,0.0745691359,0.7468998432,0.4922581613,-0.4410279095,0.0000000000,0.0000000000,0.0000000000,0.0000000000,0.0000000000,0.0000000000,-0.4978179336,0.3379009366,-0.3691518903,0.9851766825,-0.1667443961,-0.0461724997,0.3019236922,0.6670167446,0.1795704663,-0.6572125554,
7025.566,0.1220740378,0.0000000000,0.9765923023,0.0646992400,0.0031739250,-1.0106509924,-0.1529587656,-0.0476088747,-0.4287240207,0.0018562973,0.0070711989,-0.0126346946,0.0311062876,0.0948833376,-0.9951122999,0.0049241730,29.4198436737,-1.7090365887,-24.5979194641,-0.6345408559,-0.6081728339,-0.5439619422,-0.4956206083,0.2732017040,-0.4865871072,0.0960214138,-0.2777489722,0.0537794232,0.0716214404,0.7452121973,0.4937338233,-0.4427185059,29.4198436737,-1.7090365887,-24.5979194641,-0.6345408559,-0.6081728339,-0.5439619422,-0.4956206083,0.2732017040,-0.4865871072,0.0960214138,-0.2777489722,0.0537794232,0.0716214404,0.7452121973,0.4937338233,-0.4427185059,0.0000000000,0.0000000000,0.0000000000,0.0000000000,0.0000000000,0.0000000000,-0.4978179336,0.3359477520,-0.3730582595,0.9851767421,-0.1667446941,-0.0461729169,0.3017007709,0.6670776010,0.1793439388,-0.6573150754,
7025.579,0.1220740378,0.0000000000,0.9765923023,0.0651875362,0.0034180731,-1.0117496252,-0.1558885425,-0.0462660603,-0.4303109944,0.0023379549,0.0073109879,-0.0137336850,0.0311096050,0.0949226394,-0.9951085448,0.0049235467,29.6029548645,-1.4038513899,-24.1706600189,-0.6330759525,-0.6106143594,-0.5394451618,-0.4942777753,0.2701498568,-0.4817041457,0.0957888365,-0.2726493180,0.0561493039,0.0686816424,0.7435377836,0.4951690435,-0.4443935156,29.6029548645,-1.4038513899,-24.1706600189,-0.6330759525,-0.6106143594,-0.5394451618,-0.4942777753,0.2701498568,-0.4817041457,0.0957888365,-0.2726493180,0.0561493039,0.0686816424,0.7435377836,0.4951690435,-0.4443935156,0.0000000000,0.0000000000,0.0000000000,0.0000000000,0.0000000000,0.0000000000,-0.4983062148,0.3310647905,-0.3711050749,0.9851766229,-0.1667449921,-0.0461731553,0.3014679849,0.6671410203,0.1791074425,-0.6574219465,
7025.592,0.1831110567,0.0000000000,0.9765923023,0.0648213178,0.0028077029,-1.0106509924,-0.1540574431,-0.0451673940,-0.4375133514,0.0019666255,0.0067099119,-0.0126354098,0.0311115757,0.0949515924,-0.9951055050,0.0049293246,29.6639919281,-1.0376293659,-23.6823635101,-0.6323435307,-0.6070742011,-0.5346843004,-0.4967192709,0.2705160677,-0.4760887623,0.0947933197,-0.2616851330,0.0587604046,0.0657745898,0.7418769598,0.4965728819,-0.4460396469,29.6639919281,-1.0376293659,-23.6823635101,-0.6323435307,-0.6070742011,-0.5346843004,-0.4967192709,0.2705160677,-0.4760887623,0.0947933197,-0.2616851330,0.0587604046,0.0657745898,0.7418769598,0.4965728819,-0.4460396469,0.0000000000,0.0000000000,0.0000000000,0.0000000000,0.0000000000,0.0000000000,-0.4975737929,0.3339945674,-0.3691518903,0.9851765037,-0.1667453051,-0.0461733341,0.3012489080,0.6672006249,0.1788848639,-0.6575224400,
7025.605,0.1220740378,-0.0610370189,0.9765923023,0.0657979101,0.0036622211,-1.0110172033,-0.1534470618,-0.0446790978,-0.4349497855,0.0029440299,0.0075588329,-0.0130016208,0.0311113056,0.0949764699,-0.9951032996,0.0049272752,30.3964347839,0.9155552983,-22.3395481110,-0.6250190735,-0.6091494560,-0.5162510872,-0.4935453236,0.2642903030,-0.4829249084,0.1002535224,-0.2564359307,0.0751639605,0.0627744496,0.7403492332,0.4978293478,-0.4476067722,30.3964347839,0.9155552983,-22.3395481110,-0.6250190735,-0.6091494560,-0.5162510872,-0.4935453236,0.2642903030,-0.4829249084,0.1002535224,-0.2564359307,0.0751639605,0.0627744496,0.7403492332,0.4978293478,-0.4476067722,0.0000000000,0.0000000000,0.0000000000,0.0000000000,0.0000000000,0.0000000000,-0.4995269775,0.3325296938,-0.3730582595,0.9851765037,-0.1667456329,-0.0461736917,0.3010183275,0.6672633290,0.1786506027,-0.6576281786,
7025.618,0.1220740378,-0.0610370189,0.9765923023,0.0654316843,0.0029297769,-1.0104068518,-0.1544236541,-0.0454115421,-0.4334849119,0.0025802553,0.0068244259,-0.0123910904,0.0311100259,0.0950080305,-0.9951002598,0.0049271686,30.5185089111,1.1597033739,-21.7291793823,-0.6097598076,-0.6137882471,-0.5073397160,-0.4951322973,0.2650227249,-0.4787743688,0.1136068702,-0.2538088262,0.0820289850,0.0597759150,0.7388318181,0.4990544021,-0.4491575658,30.5185089111,1.1597033739,-21.7291793823,-0.6097598076,-0.6137882471,-0.5073397160,-0.4951322973,0.2650227249,-0.4787743688,0.1136068702,-0.2538088262,0.0820289850,0.0597759150,0.7388318181,0.4990544021,-0.4491575658,0.0000000000,0.0000000000,0.0000000000,0.0000000000,0.0000000000,0.0000000000,-0.4992828071,0.3330179751,-0.3711050749,0.9851763248,-0.1667459160,-0.0461738110,0.3007939458,0.6673241258,0.1784226745,-0.6577308774,
7025.631,0.1220740378,0.0000000000,0.9765923023,0.0644550920,0.0028077029,-1.0111392736,-0.1541795135,-0.0448011719,-0.4300668240,0.0016004890,0.0067010103,-0.0131236911,0.0311115459,0.0950330943,-0.9950978160,0.0049274354,30.5185089111,0.7324442267,-21.4239940643,-0.6057313681,-0.6170842648,-0.5003814697,-0.4948881567,0.2627033293,-0.4780419469,0.1157661676,-0.2499022484,0.0868321657,0.0568143353,0.7372956872,0.5002455115,-0.4507386386,30.5185089111,0.7324442267,-21.4239940643,-0.6057313681,-0.6170842648,-0.5003814697,-0.4948881567,0.2627033293,-0.4780419469,0.1157661676,-0.2499022484,0.0868321657,0.0568143353,0.7372956872,0.5002455115,-0.4507386386,0.0000000000,0.0000000000,0.0000000000,0.0000000000,0.0000000000,0.0000000000,-0.8095950484,0.3295999169,-0.3750114441,0.9851763248,-0.1667461246,-0.0461741686,0.3003706634,0.6674388051,0.1779930443,-0.6579244137,
7025.644,0.1220740378,0.0000000000,0.9765923023,0.0643330216,0.0025635548,-1.0105289221,-0.1568651348,-0.0444349498,-0.4271370471,0.0014756694,0.0064567267,-0.0125135183,0.0311128590,0.0950458050,-0.9950965643,0.0049278964,30.3964347839,0.7934812307,-20.8136234283,-0.6142765880,-0.6222113967,-0.4969634116,-0.4981841445,0.2605060041,-0.4779198468,0.1053830981,-0.2479672730,0.0880438387,0.0539082140,0.7357699275,0.5013880134,-0.4523165822,30.3964347839,0.7934812307,-20.8136234283,-0.6142765880,-0.6222113967,-0.4969634116,-0.4981841445,0.2605060041,-0.4779198468,0.1053830981,-0.2479672730,0.0880438387,0.0539082140,0.7357699275,0.5013880134,-0.4523165822,0.0000000000,0.0000000000,0.0000000000,0.0000000000,0.0000000000,0.0000000000,-0.4983062148,0.3320413828,-0.3750114441,0.9851762056,-0.1667464077,-0.0461744666,0.3001399934,0.6675010920,0.1777587682,-0.6580297947,
7025.657,0.1220740378,-0.0610370189,0.9765923023,0.0644550920,0.0034180731,-1.0100406408,-0.1558885425,-0.0432142094,-0.4305551350,0.0016048849,0.0073068803,-0.0120247602,0.0311095100,0.0950448662,-0.9950967431,0.0049253530,30.5185089111,1.5869624615,-20.2642898560,-0.6176946163,-0.6305124164,-0.4930570424,-0.4972075522,0.2569658458,-0.4813379347,0.1000658870,-0.2492907643,0.0897749364,0.0509832017,0.7342930436,0.5024671555,-0.4538553953,30.5185089111,1.5869624615,-20.2642898560,-0.6176946163,-0.6305124164,-0.4930570424,-0.4972075522,0.2569658458,-0.4813379347,0.1000658870,-0.2492907643,0.0897749364,0.0509832017,0.7342930436,0.5024671555,-0.4538553953,0.0000000000,0.0000000000,0.0000000000,0.0000000000,0.0000000000,0.0000000000,-0.4990386665,0.3320413828,-0.3750114441,0.9851761460,-0.1667467207,-0.0461747646,0.2999100089,0.6675631404,0.1775252074,-0.6581347585,
7025.670,0.1831110567,-0.0610370189,0.9765923023,0.0633564293,0.0023194067,-1.0111392736,-0.1575975865,-0.0413830988,-0.4283578098,0.0005190820,0.0062199454,-0.0131226182,0.0311026853,0.0950159803,-0.9950997233,0.0049296780,30.7016201019,2.6856288910,-19.5318470001,-0.6280709505,-0.6330759525,-0.4903714061,-0.4957426786,0.2558671832,-0.4760887623,0.0877352357,-0.2450140417,0.0903468728,0.0480615422,0.7328760624,0.5034832954,-0.4553360939,30.7016201019,2.6856288910,-19.5318470001,-0.6280709505,-0.6330759525,-0.4903714061,-0.4957426786,0.2558671832,-0.4760887623,0.0877352357,-0.2450140417,0.0903468728,0.0480615422,0.7328760624,0.5034832954,-0.4553360939,0.0000000000,0.0000000000,0.0000000000,0.0000000000,0.0000000000,0.0000000000,-0.8098391891,0.3295999169,-0.3750114441,0.9851762056,-0.1667469293,-0.0461750627,0.2994906008,0.6676760912,0.1770996153,-0.6583258510,
7025.683,0.1220740378,-0.0610370189,0.9765923023,0.0643330216,0.0012207404,-1.0110172033,-0.1535691470,-0.0441908017,-0.4261604548,0.0015036240,0.0051277420,-0.0130001307,0.0310983174,0.0950357839,-0.9950980544,0.0049331356,32.1054725647,7.2023682594,-17.9448833466,-0.6148869395,-0.6494339108,-0.4887844622,-0.4964751005,0.2533036172,-0.4760887623,0.0985456109,-0.2545565367,0.0902585685,0.0448879898,0.7316957712,0.5043672323,-0.4565781057,32.1054725647,7.2023682594,-17.9448833466,-0.6148869395,-0.6494339108,-0.4887844622,-0.4964751005,0.2533036172,-0.4760887623,0.0985456109,-0.2545565367,0.0902585685,0.0448879898,0.7316957712,0.5043672323,-0.4565781057,0.0000000000,0.0000000000,0.0000000000,0.0000000000,0.0000000000,0.0000000000,-0.8091067076,0.3286233246,-0.3691518903,0.9851762056,-0.1667470783,-0.0461754203,0.2990791202,0.6677865982,0.1766821295,-0.6585130095,
7025.696,0.1220740378,-0.0610370189,0.9765923023,0.0649433881,0.0034180731,-1.0117496252,-0.1556444019,-0.0423596911,-0.4323862493,0.0021191463,0.0073206625,-0.0137321949,0.0310960189,0.0950240418,-0.9950991869,0.0049303267,32.8379173279,9.2165899277,-17.2734756470,-0.6075624824,-0.6578570008,-0.4847559929,-0.4925687313,0.2482986003,-0.4797509611,0.1033030748,-0.2561766207,0.0927635431,0.0415882058,0.7306245565,0.5051644444,-0.4577233195,32.8379173279,9.2165899277,-17.2734756470,-0.6075624824,-0.6578570008,-0.4847559929,-0.4925687313,0.2482986003,-0.4797509611,0.1033030748,-0.2561766207,0.0927635431,0.0415882058,0.7306245565,0.5051644444,-0.4577233195,0.0000000000,0.0000000000,0.0000000000,0.0000000000,0.0000000000,0.0000000000,-0.4973296225,0.3315531015,-0.3691518903,0.9851760864,-0.1667474061,-0.0461756587,0.2988645434,0.6678440571,0.1764642447,-0.6586105227,
7025.709,0.1220740378,-0.0610370189,0.9765923023,0.0650654659,0.0032959990,-1.0106509924,-0.1546678096,-0.0474868007,-0.4294564724,0.0022453964,0.0071947859,-0.0126332641,0.0310938302,0.0950824544,-0.9950936437,0.0049300599,33.3262138367,10.7425155640,-16.7241439819,-0.5981627703,-0.6645710468,-0.4819483161,-0.4931791127,0.2490310371,-0.4769432545,0.1099796891,-0.2561126649,0.0941615105,0.0382117629,0.7296187282,0.5059199929,-0.4587863982,33.3262138367,10.7425155640,-16.7241439819,-0.5981627703,-0.6645710468,-0.4819483161,-0.4931791127,0.2490310371,-0.4769432545,0.1099796891,-0.2561126649,0.0941615105,0.0382117629,0.7296187282,0.5059199929,-0.4587863982,0.0000000000,0.0000000000,0.0000000000,0.0000000000,0.0000000000,0.0000000000,-0.4975737929,0.3315531015,-0.3730582595,0.9851760268,-0.1667477340,-0.0461760163,0.2986436784,0.6679031849,0.1762399971,-0.6587108374,
7025.722,0.1220740378,-0.1220740378,0.9765923023,0.0642109439,0.0034180731,-1.0104068518,-0.1500289887,-0.0433362834,-0.4305551350,0.0014097840,0.0073124683,-0.0123879313,0.0310845226,0.0951007754,-0.9950922132,0.0049275430,33.8755455017,13.3671073914,-15.6254768372,-0.5927915573,-0.6725058556,-0.4797509611,-0.4937894940,0.2493972629,-0.4817041457,0.1124116778,-0.2573613226,0.0951841176,0.0347214602,0.7287585139,0.5065788627,-0.4597029984,33.8755455017,13.3671073914,-15.6254768372,-0.5927915573,-0.6725058556,-0.4797509611,-0.4937894940,0.2493972629,-0.4817041457,0.1124116778,-0.2573613226,0.0951841176,0.0347214602,0.7287585139,0.5065788627,-0.4597029984,0.0000000000,0.0000000000,0.0000000000,0.0000000000,0.0000000000,0.0000000000,-0.8091067076,0.3295999169,-0.3730582595,0.9851759672,-0.1667479277,-0.0461762547,0.2982333302,0.6680127978,0.1758237630,-0.6588968039,
7025.735,0.1220740378,-0.0610370189,0.9765923023,0.0645771697,0.0021973327,-1.0111392736,-0.1534470618,-0.0458998382,-0.4315317273,0.0017826185,0.0060933940,-0.0131198764,0.0310809463,0.0951416492,-0.9950883985,0.0049293344,33.9365806580,14.4657735825,-15.0761432648,-0.5945005417,-0.6754356623,-0.4785302281,-0.4887844622,0.2408520728,-0.4766991138,0.1076880693,-0.2537097931,0.0953041911,0.0312172957,0.7279548645,0.5071905851,-0.4605521560,33.9365806580,14.4657735825,-15.0761432648,-0.5945005417,-0.6754356623,-0.4785302281,-0.4887844622,0.2408520728,-0.4766991138,0.1076880693,-0.2537097931,0.0953041911,0.0312172957,0.7279548645,0.5071905851,-0.4605521560,0.0000000000,0.0000000000,0.0000000000,0.0000000000,0.0000000000,0.0000000000,-0.8100833297,0.3300881982,-0.3711050749,0.9851759076,-0.1667481661,-0.0461763740,0.2978287041,0.6681205630,0.1754133552,-0.6590798497,
7025.748,0.1220740378,-0.1220740378,0.9765923023,0.0640888736,0.0041505173,-1.0105289221,-0.1550340354,-0.0457777642,-0.4392223954,0.0013137460,0.0080385795,-0.0125083327,0.0310714878,0.0951740146,-0.9950855970,0.0049254349,34.1807289124,16.2968845367,-14.4657735825,-0.6021912098,-0.6760460138,-0.4752342403,-0.4863429666,0.2395092696,-0.4775536358,0.0968639851,-0.2478481233,0.0976326764,0.0276661683,0.7272444367,0.5077327490,-0.4613037407,34.1807289124,16.2968845367,-14.4657735825,-0.6021912098,-0.6760460138,-0.4752342403,-0.4863429666,0.2395092696,-0.4775536358,0.0968639851,-0.2478481233,0.0976326764,0.0276661683,0.7272444367,0.5077327490,-0.4613037407,0.0000000000,0.0000000000,0.0000000000,0.0000000000,0.0000000000,0.0000000000,-0.4997711182,0.3286233246,-0.3750114441,0.9851758480,-0.1667484641,-0.0461767316,0.2975994051,0.6681815386,0.1751806289,-0.6591835618,
7025.761,0.1220740378,-0.1220740378,0.9765923023,0.0657979101,0.0015869625,-1.0090639591,-0.1541795135,-0.0517593920,-0.4350718856,0.0030332282,0.0054797214,-0.0110427141,0.0310655013,0.0952866301,-0.9950749874,0.0049307905,35.3404350281,21.6071052551,-13.1839962006,-0.5883968472,-0.6822717786,-0.4694967568,-0.4868312776,0.2330393344,-0.4797509611,0.1070493460,-0.2476303279,0.1029103100,0.0238425918,0.7267907262,0.5081561208,-0.4617661536,35.3404350281,21.6071052551,-13.1839962006,-0.5883968472,-0.6822717786,-0.4694967568,-0.4868312776,0.2330393344,-0.4797509611,0.1070493460,-0.2476303279,0.1029103100,0.0238425918,0.7267907262,0.5081561208,-0.4617661536,0.0000000000,0.0000000000,0.0000000000,0.0000000000,0.0000000000,0.0000000000,-0.4983062148,0.3315531015,-0.3691518903,0.9851756692,-0.1667488068,-0.0461769104,0.2973913848,0.6682367325,0.1749694794,-0.6592774987,
7025.774,0.1220740378,-0.0610370189,0.9765923023,0.0643330216,0.0039063692,-1.0118716955,-0.1545457393,-0.0471205786,-0.4371471405,0.0015762001,0.0077923713,-0.0138499141,0.0310616549,0.0953376442,-0.9950702190,0.0049286433,35.8897666931,23.8654747009,-12.5736255646,-0.5789971352,-0.6872768402,-0.4665669799,-0.4873195589,0.2373119295,-0.4837794006,0.1126304865,-0.2462156117,0.1055559516,0.0199031532,0.7264401913,0.5085171461,-0.4621064663,35.8897666931,23.8654747009,-12.5736255646,-0.5789971352,-0.6872768402,-0.4665669799,-0.4873195589,0.2373119295,-0.4837794006,0.1126304865,-0.2462156117,0.1055559516,0.0199031532,0.7264401913,0.5085171461,-0.4621064663,0.0000000000,0.0000000000,0.0000000000,0.0000000000,0.0000000000,0.0000000000,-0.8108157516,0.3291116059,-0.3535264134,0.9851756096,-0.1667490155,-0.0461771488,0.2970142961,0.6683366299,0.1745870858,-0.6594475508,
7025.787,0.1220740378,-0.0610370189,0.9765923023,0.0631122813,0.0029297769,-1.0099185705,-0.1539353579,-0.0461439863,-0.4355601668,0.0003686547,0.0068138461,-0.0118959546,0.0310549643,0.0953781232,-0.9950666428,0.0049283118,36.3780632019,25.5745105743,-11.7801446915,-0.5733817816,-0.6917935610,-0.4607074261,-0.4870754182,0.2343821526,-0.4790185392,0.1143051982,-0.2443673313,0.1112233400,0.0159001667,0.7261642218,0.5088166595,-0.4623654485,36.3780632019,25.5745105743,-11.7801446915,-0.5733817816,-0.6917935610,-0.4607074261,-0.4870754182,0.2343821526,-0.4790185392,0.1143051982,-0.2443673313,0.1112233400,0.0159001667,0.7261642218,0.5088166595,-0.4623654485,0.0000000000,0.0000000000,0.0000000000,0.0000000000,0.0000000000,0.0000000000,-0.8117923737,0.3315531015,-0.3730582595,0.9851755500,-0.1667492390,-0.0461772680,0.2966158986,0.6684419513,0.1741831601,-0.6596269011,
7025.800,0.1831110567,-0.0610370189,0.9765923023,0.0639667958,0.0037842952,-1.0105289221,-0.1534470618,-0.0472426526,-0.4325083196,0.0012323037,0.0076728594,-0.0125057697,0.0310499147,0.0954352245,-0.9950612783,0.0049318951,36.9273948669,26.9783630371,-10.2542190552,-0.5576342344,-0.7026581764,-0.4517960250,-0.4831690490,0.2325510383,-0.4862208962,0.1260488629,-0.2489535213,0.1199889481,0.0118250651,0.7259991765,0.5089805722,-0.4625664055,36.9273948669,26.9783630371,-10.2542190552,-0.5576342344,-0.7026581764,-0.4517960250,-0.4831690490,0.2325510383,-0.4862208962,0.1260488629,-0.2489535213,0.1199889481,0.0118250651,0.7259991765,0.5089805722,-0.4625664055,0.0000000000,0.0000000000,0.0000000000,0.0000000000,0.0000000000,0.0000000000,-0.8113040328,0.3266701400,-0.3711050749,0.9851756096,-0.1667494029,-0.0461775661,0.2962071300,0.6685497165,0.1737687737,-0.6598106623,
7025.813,0.1220740378,-0.0610370189,0.9765923023,0.0633564293,0.0034180731,-1.0108951330,-0.1556444019,-0.0448011719,-0.4344615042,0.0006341487,0.0073022884,-0.0128711462,0.0310439523,0.0954528451,-0.9950597882,0.0049296948,37.0494689941,27.1614742279,-9.5828123093,-0.5523850322,-0.7109591961,-0.4488662481,-0.4803613424,0.2254707515,-0.4785302281,0.1273106933,-0.2510442436,0.1227111816,0.0077683721,0.7258399725,0.5091058016,-0.4627644718,37.0494689941,27.1614742279,-9.5828123093,-0.5523850322,-0.7109591961,-0.4488662481,-0.4803613424,0.2254707515,-0.4785302281,0.1273106933,-0.2510442436,0.1227111816,0.0077683721,0.7258399725,0.5091058016,-0.4627644718,0.0000000000,0.0000000000,0.0000000000,0.0000000000,0.0000000000,0.0000000000,-0.8108157516,0.3286233246,-0.3691518903,0.9851754308,-0.1667495966,-0.0461778045,0.2958096266,0.6686542034,0.1733658314,-0.6599890590,
7025.826,0.1220740378,0.0000000000,0.9765923023,0.0633564293,0.0042725913,-1.0105289221,-0.1527146250,-0.0441908017,-0.4359263778,0.0006355420,0.0081482474,-0.0125048757,0.0310435742,0.0954711363,-0.9950580001,0.0049259374,36.9884338379,27.4666576385,-9.0334787369,-0.5532395244,-0.7159642577,-0.4461806118,-0.4823145270,0.2240058631,-0.4831690490,0.1224865317,-0.2499344945,0.1251507699,0.0037352100,0.7257002592,0.5091841817,-0.4629474580,36.9884338379,27.4666576385,-9.0334787369,-0.5532395244,-0.7159642577,-0.4461806118,-0.4823145270,0.2240058631,-0.4831690490,0.1224865317,-0.2499344945,0.1251507699,0.0037352100,0.7257002592,0.5091841817,-0.4629474580,0.0000000000,0.0000000000,0.0000000000,0.0000000000,0.0000000000,0.0000000000,-0.8103274703,0.3300881982,-0.3750114441,0.9851754904,-0.1667498052,-0.0461780429,0.2954101563,0.6687589884,0.1729609519,-0.6601680517,
7025.839,0.1220740378,0.0000000000,0.9155552983,0.0627460554,0.0021973327,-1.0107730627,-0.1545457393,-0.0445570238,-0.4370250702,0.0000296012,0.0060740616,-0.0127487779,0.0310412068,0.0954934135,-0.9950559139,0.0049269544,37.5377655029,30.2133235931,-8.1179237366,-0.5501877069,-0.7203589082,-0.4400769174,-0.4817041457,0.2196111977,-0.4843897820,0.1213686466,-0.2482773066,0.1312021315,-0.0004121828,0.7256909013,0.5091716647,-0.4629905820,37.5377655029,30.2133235931,-8.1179237366,-0.5501877069,-0.7203589082,-0.4400769174,-0.4817041457,0.2196111977,-0.4843897820,0.1213686466,-0.2482773066,0.1312021315,-0.0004121828,0.7256909013,0.5091716647,-0.4629905820,0.0000000000,0.0000000000,0.0000000000,0.0000000000,0.0000000000,0.0000000000,-0.8125247955,0.3256935477,-0.3535264134,0.9851755500,-0.1667500287,-0.0461783409,0.2950299978,0.6688584685,0.1725756526,-0.6603381634,
7025.852,0.1220740378,0.0000000000,0.9765923023,0.0650654659,0.0031739250,-1.0102847815,-0.1583300233,-0.0445570238,-0.4309213459,0.0023418814,0.0070475582,-0.0122608542,0.0310448706,0.0955004394,-0.9950551391,0.0049259737,37.9650268555,31.9833984375,-7.7517013550,-0.5388348103,-0.7280495763,-0.4371471405,-0.4737693369,0.2176580131,-0.4880520105,0.1283720136,-0.2499020398,0.1341837049,-0.0046745599,0.7257609367,0.5090973973,-0.4629392326,37.9650268555,31.9833984375,-7.7517013550,-0.5388348103,-0.7280495763,-0.4371471405,-0.4737693369,0.2176580131,-0.4880520105,0.1283720136,-0.2499020398,0.1341837049,-0.0046745599,0.7257609367,0.5090973973,-0.4629392326,0.0000000000,0.0000000000,0.0000000000,0.0000000000,0.0000000000,0.0000000000,-0.8108157516,0.3281350136,-0.3750114441,0.9851755500,-0.1667502373,-0.0461786389,0.2946276665,0.6689634323,0.1721679717,-0.6605178714,
7025.865,0.1220740378,-0.0610370189,0.9765923023,0.0650654659,0.0026856288,-1.0112613440,-0.1546678096,-0.0466322824,-0.4395886064,0.0023457408,0.0065586101,-0.0132371783,0.0310427677,0.0955431536,-0.9950510859,0.0049267970,38.2702102661,32.8989524841,-7.4465165138,-0.5230872631,-0.7375713587,-0.4350718856,-0.4801172018,0.2169255614,-0.4911038578,0.1396533847,-0.2533349991,0.1363289952,-0.0089965556,0.7258478403,0.5090080500,-0.4628375471,38.2702102661,32.8989524841,-7.4465165138,-0.5230872631,-0.7375713587,-0.4350718856,-0.4801172018,0.2169255614,-0.4911038578,0.1396533847,-0.2533349991,0.1363289952,-0.0089965556,0.7258478403,0.5090080500,-0.4628375471,0.0000000000,0.0000000000,0.0000000000,0.0000000000,0.0000000000,0.0000000000,-0.8105716109,0.3271584213,-0.3535264134,0.9851754308,-0.1667504162,-0.0461788177,0.2942571044,0.6690598726,0.1717925072,-0.6606830955,
7025.878,0.1220740378,-0.0610370189,0.9765923023,0.0637226477,0.0032959990,-1.0106509924,-0.1608935893,-0.0458998382,-0.4344615042,0.0010131598,0.0071653062,-0.0126261711,0.0310377628,0.0955586061,-0.9950498939,0.0049249581,37.7819137573,31.8613243103,-7.2634053230,-0.5117343664,-0.7488021255,-0.4355601668,-0.4742576480,0.2130191922,-0.4893948138,0.1466157436,-0.2585302591,0.1357693672,-0.0132508259,0.7258809209,0.5089254975,-0.4627738595,37.7819137573,31.8613243103,-7.2634053230,-0.5117343664,-0.7488021255,-0.4355601668,-0.4742576480,0.2130191922,-0.4893948138,0.1466157436,-0.2585302591,0.1357693672,-0.0132508259,0.7258809209,0.5089254975,-0.4627738595,0.0000000000,0.0000000000,0.0000000000,0.0000000000,0.0000000000,0.0000000000,-0.8100833297,0.3266701400,-0.3535264134,0.9851753712,-0.1667506248,-0.0461789966,0.2938869596,0.6691559553,0.1714175045,-0.6608479023,
7025.891,0.1220740378,-0.0610370189,0.9765923023,0.0644550920,0.0025635548,-1.0115054846,-0.1538132876,-0.0467543565,-0.4364146888,0.0017524883,0.0064328332,-0.0134802461,0.0310341027,0.0956061557,-0.9950452447,0.0049260980,37.0494689941,30.5795459747,-7.0802941322,-0.5099032521,-0.7575914860,-0.4345835745,-0.4721823931,0.2119205296,-0.4907376468,0.1441925764,-0.2613878548,0.1365116537,-0.0173916370,0.7258519530,0.5088520050,-0.4627633393,37.0494689941,30.5795459747,-7.0802941322,-0.5099032521,-0.7575914860,-0.4345835745,-0.4721823931,0.2119205296,-0.4907376468,0.1441925764,-0.2613878548,0.1365116537,-0.0173916370,0.7258519530,0.5088520050,-0.4627633393,0.0000000000,0.0000000000,0.0000000000,0.0000000000,0.0000000000,0.0000000000,-0.8088625669,0.3261818290,-0.3535264134,0.9851752520,-0.1667508036,-0.0461791754,0.2935177088,0.6692515612,0.1710434407,-0.6610120535,
7025.904,0.1220740378,-0.0610370189,0.9765923023,0.0653096139,0.0035401471,-1.0118716955,-0.1558885425,-0.0473647267,-0.4375133514,0.0026097223,0.0074045854,-0.0138462782,0.0310327355,0.0956545249,-0.9950408936,0.0049250647,36.1949539185,29.2977695465,-6.8971829414,-0.5145420432,-0.7649159431,-0.4342173636,-0.4721823931,0.2097232044,-0.4973296225,0.1354567409,-0.2629173398,0.1364911497,-0.0214038771,0.7257697582,0.5087789893,-0.4628041089,36.1949539185,29.2977695465,-6.8971829414,-0.5145420432,-0.7649159431,-0.4342173636,-0.4721823931,0.2097232044,-0.4973296225,0.1354567409,-0.2629173398,0.1364911497,-0.0214038771,0.7257697582,0.5087789893,-0.4628041089,0.0000000000,0.0000000000,0.0000000000,0.0000000000,0.0000000000,0.0000000000,-0.8095950484,0.3295999169,-0.3730582595,0.9851751924,-0.1667510122,-0.0461792946,0.2931305468,0.6693515778,0.1706512868,-0.6611838937,
7025.917,0.1220740378,-0.0610370189,0.9765923023,0.0645771697,0.0023194067,-1.0117496252,-0.1514938772,-0.0472426526,-0.4349497855,0.0018835887,0.0061850473,-0.0137238503,0.0310292337,0.0957159400,-0.9950349331,0.0049272771,34.7910995483,28.5042877197,-6.5919981003,-0.5142979026,-0.7700430155,-0.4307992756,-0.4716940820,0.2037415653,-0.4925687313,0.1317164898,-0.2624427080,0.1394786537,-0.0252616834,0.7256446481,0.5087460279,-0.4628421962,34.7910995483,28.5042877197,-6.5919981003,-0.5142979026,-0.7700430155,-0.4307992756,-0.4716940820,0.2037415653,-0.4925687313,0.1317164898,-0.2624427080,0.1394786537,-0.0252616834,0.7256446481,0.5087460279,-0.4628421962,0.0000000000,0.0000000000,0.0000000000,0.0000000000,0.0000000000,0.0000000000,-0.8125247955,0.3256935477,-0.3554795980,0.9851751328,-0.1667512059,-0.0461795926,0.2927577794,0.6694476008,0.1702737361,-0.6613491178,
7025.930,0.1831110567,-0.0610370189,0.9765923023,0.0651875362,0.0024414808,-1.0107730627,-0.1550340354,-0.0451673940,-0.4361705482,0.0024969056,0.0063183387,-0.0127471089,0.0310271140,0.0957386047,-0.9950327873,0.0049334271,34.3638420105,28.6873989105,-6.3478498459,-0.5147862434,-0.7693105936,-0.4284798801,-0.4676656425,0.2076479346,-0.4913479984,0.1272614598,-0.2562159896,0.1413607895,-0.0290724114,0.7255257368,0.5087007284,-0.4628547132,34.3638420105,28.6873989105,-6.3478498459,-0.5147862434,-0.7693105936,-0.4284798801,-0.4676656425,0.2076479346,-0.4913479984,0.1272614598,-0.2562159896,0.1413607895,-0.0290724114,0.7255257368,0.5087007284,-0.4628547132,0.0000000000,0.0000000000,0.0000000000,0.0000000000,0.0000000000,0.0000000000,-0.8110598922,0.3232520521,-0.3750114441,0.9851750731,-0.1667513996,-0.0461798906,0.2923502624,0.6695523262,0.1698610634,-0.6615294814,
7025.943,0.1831110567,-0.0610370189,0.9765923023,0.0648213178,0.0034180731,-1.0107730627,-0.1538132876,-0.0462660603,-0.4327524602,0.0021354258,0.0073012677,-0.0127468109,0.0310242437,0.0957800820,-0.9950288534,0.0049376478,34.1196937561,29.2367324829,-6.1037020683,-0.5072176456,-0.7689443827,-0.4235969186,-0.4643696547,0.1992248297,-0.4904934764,0.1308237314,-0.2504191399,0.1458278894,-0.0328804255,0.7254260778,0.5086383820,-0.4628244638,34.1196937561,29.2367324829,-6.1037020683,-0.5072176456,-0.7689443827,-0.4235969186,-0.4643696547,0.1992248297,-0.4904934764,0.1308237314,-0.2504191399,0.1458278894,-0.0328804255,0.7254260778,0.5086383820,-0.4628244638,0.0000000000,0.0000000000,0.0000000000,0.0000000000,0.0000000000,0.0000000000,-0.8105716109,0.3232520521,-0.3730582595,0.9851750135,-0.1667515635,-0.0461801887,0.2919477224,0.6696555018,0.1694534868,-0.6617073417,
7025.956,0.1220740378,-0.0610370189,0.9765923023,0.0640888736,0.0034180731,-1.0112613440,-0.1584521085,-0.0444349498,-0.4380016625,0.0014114380,0.0072969445,-0.0132345557,0.0310202222,0.0957821682,-0.9950289130,0.0049351528,33.1431007385,28.0159912109,-5.6154055595,-0.4863429666,-0.7793206573,-0.4143192768,-0.4674215019,0.1998351961,-0.4882961512,0.1478022337,-0.2554603815,0.1545746326,-0.0365758352,0.7252613306,0.5086124539,-0.4628339112,33.1431007385,28.0159912109,-5.6154055595,-0.4863429666,-0.7793206573,-0.4143192768,-0.4674215019,0.1998351961,-0.4882961512,0.1478022337,-0.2554603815,0.1545746326,-0.0365758352,0.7252613306,0.5086124539,-0.4628339112,0.0000000000,0.0000000000,0.0000000000,0.0000000000,0.0000000000,0.0000000000,-0.8093508482,0.3247169554,-0.3730582595,0.9851750135,-0.1667517722,-0.0461804271,0.2915524542,0.6697565317,0.1690533012,-0.6618816853,
7025.969,0.1831110567,-0.0610370189,0.9765923023,0.0632343516,0.0029297769,-1.0108951330,-0.1549119502,-0.0421155430,-0.4348277152,0.0005694553,0.0068173814,-0.0128675699,0.0310136415,0.0957655311,-0.9950305223,0.0049383813,32.4106559753,26.3069553375,-5.6154055595,-0.4782860875,-0.7850581408,-0.4096804857,-0.4613177776,0.1947080940,-0.4889065325,0.1521164775,-0.2559305429,0.1584981680,-0.0401618741,0.7250187993,0.5086065531,-0.4629230201,32.4106559753,26.3069553375,-5.6154055595,-0.4782860875,-0.7850581408,-0.4096804857,-0.4613177776,0.1947080940,-0.4889065325,0.1521164775,-0.2559305429,0.1584981680,-0.0401618741,0.7250187993,0.5086065531,-0.4629230201,0.0000000000,0.0000000000,0.0000000000,0.0000000000,0.0000000000,0.0000000000,-0.8091067076,0.3237403631,-0.3730582595,0.9851749539,-0.1667519510,-0.0461806059,0.2911560237,0.6698576212,0.1686519980,-0.6620562673,
7025.982,0.1831110567,-0.0610370189,0.9765923023,0.0628681332,0.0036622211,-1.0101627111,-0.1569872200,-0.0428479873,-0.4382458031,0.0002172589,0.0075548845,-0.0121343136,0.0310064778,0.0957517475,-0.9950321913,0.0049397959,31.4951019287,24.3537712097,-5.7374796867,-0.4745017886,-0.7925046682,-0.4095583856,-0.4618060887,0.1981261671,-0.4915921390,0.1523293257,-0.2581975460,0.1577242911,-0.0436069444,0.7246807814,0.5086480975,-0.4630951285,31.4951019287,24.3537712097,-5.7374796867,-0.4745017886,-0.7925046682,-0.4095583856,-0.4618060887,0.1981261671,-0.4915921390,0.1523293257,-0.2581975460,0.1577242911,-0.0436069444,0.7246807814,0.5086480975,-0.4630951285,0.0000000000,0.0000000000,0.0000000000,0.0000000000,0.0000000000,0.0000000000,-0.8108157516,0.3247169554,-0.3574327826,0.9851748347,-0.1667521447,-0.0461807251,0.2907871604,0.6699514389,0.1682786345,-0.6622183919,
7025.995,0.1831110567,-0.0610370189,1.0376293659,0.0626239851,0.0035401471,-1.0097965002,-0.1540574431,-0.0435804315,-0.4397106767,-0.0000117868,0.0074391058,-0.0117672086,0.0309986565,0.0957504362,-0.9950324893,0.0049421643,29.6639919281,21.2408828735,-5.8595538139,-0.4860988259,-0.7920163870,-0.4104129076,-0.4597308338,0.1942197978,-0.4964751005,0.1375043988,-0.2527654767,0.1557486057,-0.0467747934,0.7242224216,0.5087496638,-0.4633911550,29.6639919281,21.2408828735,-5.8595538139,-0.4860988259,-0.7920163870,-0.4104129076,-0.4597308338,0.1942197978,-0.4964751005,0.1375043988,-0.2527654767,0.1557486057,-0.0467747934,0.7242224216,0.5087496638,-0.4633911550,0.0000000000,0.0000000000,0.0000000000,0.0000000000,0.0000000000,0.0000000000,-0.8110598922,0.3261818290,-0.3554795980,0.9851748943,-0.1667523235,-0.0461810827,0.2904277742,0.6700426340,0.1679148823,-0.6623762250,
7026.008,0.1220740378,0.0000000000,0.9765923023,0.0631122813,0.0032959990,-1.0108951330,-0.1568651348,-0.0435804315,-0.4322641790,0.0004787892,0.0071911407,-0.0128656626,0.0309977178,0.0957476497,-0.9950327873,0.0049400679,29.1146583557,21.0577716827,-5.7985167503,-0.4909817874,-0.7905514836,-0.4077273011,-0.4607074261,0.1921445429,-0.4945219159,0.1294480860,-0.2464644313,0.1572929025,-0.0498678982,0.7237486243,0.5088628531,-0.4636842906,29.1146583557,21.0577716827,-5.7985167503,-0.4909817874,-0.7905514836,-0.4077273011,-0.4607074261,0.1921445429,-0.4945219159,0.1294480860,-0.2464644313,0.1572929025,-0.0498678982,0.7237486243,0.5088628531,-0.4636842906,0.0000000000,0.0000000000,0.0000000000,0.0000000000,0.0000000000,0.0000000000,-0.8117923737,0.3247169554,-0.3574327826,0.9851747751,-0.1667525321,-0.0461812615,0.2900616825,0.6701352596,0.1675443798,-0.6625366807,
7026.021,0.1220740378,0.0610370189,0.9765923023,0.0634784997,0.0045167394,-1.0115054846,-0.1568651348,-0.0426038392,-0.4323862493,0.0008350089,0.0084020691,-0.0134766102,0.0310032424,0.0957323536,-0.9950342178,0.0049351850,28.8094730377,21.3629570007,-5.5543684959,-0.4871974885,-0.7879878879,-0.4033326209,-0.4575335085,0.1936094314,-0.4918363094,0.1300590336,-0.2391464710,0.1605644524,-0.0529339425,0.7232888937,0.5089648962,-0.4639498293,28.8094730377,21.3629570007,-5.5543684959,-0.4871974885,-0.7879878879,-0.4033326209,-0.4575335085,0.1936094314,-0.4918363094,0.1300590336,-0.2391464710,0.1605644524,-0.0529339425,0.7232888937,0.5089648962,-0.4639498293,0.0000000000,0.0000000000,0.0000000000,0.0000000000,0.0000000000,0.0000000000,-0.8103274703,0.3232520521,-0.3535264134,0.9851747155,-0.1667527407,-0.0461814404,0.2896995544,0.6702266932,0.1671779305,-0.6626951694,
7026.034,0.1220740378,0.0610370189,0.9765923023,0.0634784997,0.0040284432,-1.0108951330,-0.1550340354,-0.0429700613,-0.4331187010,0.0008248985,0.0079064071,-0.0128668547,0.0310086645,0.0957270190,-0.9950345159,0.0049318383,28.5042877197,22.0343647003,-5.0660724640,-0.4841456413,-0.7824946046,-0.3962523341,-0.4566789865,0.1911679506,-0.4896389544,0.1299354434,-0.2290095091,0.1665722728,-0.0559740141,0.7228662968,0.5090384483,-0.4641708732,28.5042877197,22.0343647003,-5.0660724640,-0.4841456413,-0.7824946046,-0.3962523341,-0.4566789865,0.1911679506,-0.4896389544,0.1299354434,-0.2290095091,0.1665722728,-0.0559740141,0.7228662968,0.5090384483,-0.4641708732,0.0000000000,0.0000000000,0.0000000000,0.0000000000,0.0000000000,0.0000000000,-0.8100833297,0.3256935477,-0.3535264134,0.9851747751,-0.1667529941,-0.0461817384,0.2893473804,0.6703154445,0.1668215543,-0.6628491282,
7026.047,0.1831110567,0.0000000000,0.9765923023,0.0633564293,0.0034180731,-1.0108951330,-0.1546678096,-0.0430921353,-0.4316537976,0.0007039830,0.0073023625,-0.0128667951,0.0310077928,0.0957249105,-0.9950347543,0.0049348655,28.5653247833,22.5836963654,-4.5777764320,-0.4859767556,-0.7820062637,-0.3900265396,-0.4615619481,0.1835993528,-0.4907376468,0.1249487996,-0.2239511609,0.1717188060,-0.0590013079,0.7224701047,0.5090708137,-0.4643771946,28.5653247833,22.5836963654,-4.5777764320,-0.4859767556,-0.7820062637,-0.3900265396,-0.4615619481,0.1835993528,-0.4907376468,0.1249487996,-0.2239511609,0.1717188060,-0.0590013079,0.7224701047,0.5090708137,-0.4643771946,0.0000000000,0.0000000000,0.0000000000,0.0000000000,0.0000000000,0.0000000000,-0.8125247955,0.3252052367,-0.3554795980,0.9851745963,-0.1667532027,-0.0461817980,0.2889905274,0.6704050899,0.1664605141,-0.6630048156,
7026.060,0.1831110567,0.0000000000,1.0376293659,0.0643330216,0.0034180731,-1.0111392736,-0.1536912173,-0.0455336161,-0.4309213459,0.0016770512,0.0073093274,-0.0131112337,0.0310090818,0.0957524627,-0.9950320125,0.0049393615,28.7484359741,23.4382152557,-4.2115545273,-0.4819483161,-0.7871333957,-0.3842890859,-0.4574114084,0.1831110567,-0.4918363094,0.1257730126,-0.2245296836,0.1763942838,-0.0620699264,0.7221147418,0.5090535283,-0.4645488560,28.7484359741,23.4382152557,-4.2115545273,-0.4819483161,-0.7871333957,-0.3842890859,-0.4574114084,0.1831110567,-0.4918363094,0.1257730126,-0.2245296836,0.1763942838,-0.0620699264,0.7221147418,0.5090535283,-0.4645488560,0.0000000000,0.0000000000,0.0000000000,0.0000000000,0.0000000000,0.0000000000,-0.8093508482,0.3247169554,-0.3593859673,0.9851747751,-0.1667534262,-0.0461822152,0.2886295915,0.6704956293,0.1660953760,-0.6631621718,
7026.073,0.1831110567,0.0000000000,0.9765923023,0.0636005774,0.0039063692,-1.0106509924,-0.1549119502,-0.0430921353,-0.4331187010,0.0009445101,0.0078014638,-0.0126228929,0.0310089644,0.0957491174,-0.9950323105,0.0049411748,28.4432506561,23.5602893829,-3.4791100025,-0.4813379347,-0.7954344153,-0.3792840242,-0.4544816315,0.1809137315,-0.4937894940,0.1232453287,-0.2283915877,0.1803193092,-0.0650992468,0.7217884660,0.5089858174,-0.4647153914,28.4432506561,23.5602893829,-3.4791100025,-0.4813379347,-0.7954344153,-0.3792840242,-0.4544816315,0.1809137315,-0.4937894940,0.1232453287,-0.2283915877,0.1803193092,-0.0650992468,0.7217884660,0.5089858174,-0.4647153914,0.0000000000,0.0000000000,0.0000000000,0.0000000000,0.0000000000,0.0000000000,-0.8117923737,0.3271584213,-0.3730582595,0.9851746559,-0.1667535901,-0.0461824536,0.2882559001,0.6705890298,0.1657173932,-0.6633247733,
7026.086,0.1220740378,-0.0610370189,0.9765923023,0.0645771697,0.0024414808,-1.0111392736,-0.1572313607,-0.0429700613,-0.4359263778,0.0019269884,0.0063370066,-0.0131108165,0.0310060736,0.0957365111,-0.9950336218,0.0049407138,28.3211765289,23.6823635101,-3.0518510342,-0.4803613424,-0.7990966439,-0.3776970804,-0.4531388283,0.1811578721,-0.4924466610,0.1211203337,-0.2276901603,0.1808091700,-0.0680996925,0.7214751244,0.5088909864,-0.4648755789,28.3211765289,23.6823635101,-3.0518510342,-0.4803613424,-0.7990966439,-0.3776970804,-0.4531388283,0.1811578721,-0.4924466610,0.1211203337,-0.2276901603,0.1808091700,-0.0680996925,0.7214751244,0.5088909864,-0.4648755789,0.0000000000,0.0000000000,0.0000000000,0.0000000000,0.0000000000,0.0000000000,-0.8103274703,0.3222754598,-0.3535264134,0.9851745367,-0.1667537689,-0.0461826921,0.2878989279,0.6706780195,0.1653563380,-0.6634798646,
7026.099,0.1831110567,-0.0610370189,0.9765923023,0.0648213178,0.0023194067,-1.0111392736,-0.1555223316,-0.0419934690,-0.4332407713,0.0021757707,0.0062265988,-0.0131106377,0.0310032964,0.0957170352,-0.9950356483,0.0049456917,28.3211765289,24.1096229553,-2.6245918274,-0.4779198468,-0.8015381098,-0.3767204881,-0.4489883184,0.1774956584,-0.4964751005,0.1204638779,-0.2258315086,0.1806969047,-0.0711048618,0.7212002277,0.5087457895,-0.4650111794,28.3211765289,24.1096229553,-2.6245918274,-0.4779198468,-0.8015381098,-0.3767204881,-0.4489883184,0.1774956584,-0.4964751005,0.1204638779,-0.2258315086,0.1806969047,-0.0711048618,0.7212002277,0.5087457895,-0.4650111794,0.0000000000,0.0000000000,0.0000000000,0.0000000000,0.0000000000,0.0000000000,-0.8105716109,0.3247169554,-0.3535264134,0.9851744175,-0.1667539775,-0.0461827517,0.2875515521,0.6707644463,0.1650050282,-0.6636305451,
7026.112,0.1220740378,-0.0610370189,0.9765923023,0.0651875362,0.0035401471,-1.0116275549,-0.1545457393,-0.0429700613,-0.4307992756,0.0025449842,0.0074422914,-0.0135986805,0.0310020652,0.0957136601,-0.9950359464,0.0049429303,28.5042877197,25.6355476379,-1.9531846046,-0.4714499414,-0.8004394770,-0.3718375266,-0.4499649107,0.1754203886,-0.4931791127,0.1237544119,-0.2204939723,0.1845894754,-0.0741523802,0.7209966183,0.5085477829,-0.4650676548,28.5042877197,25.6355476379,-1.9531846046,-0.4714499414,-0.8004394770,-0.3718375266,-0.4499649107,0.1754203886,-0.4931791127,0.1237544119,-0.2204939723,0.1845894754,-0.0741523802,0.7209966183,0.5085477829,-0.4650676548,0.0000000000,0.0000000000,0.0000000000,0.0000000000,0.0000000000,0.0000000000,-0.8088625669,0.3266701400,-0.3730582595,0.9851745367,-0.1667541713,-0.0461832285,0.2871831059,0.6708559394,0.1646324545,-0.6637902260,
7026.125,0.1831110567,-0.0610370189,1.0376293659,0.0649433881,0.0037842952,-1.0112613440,-0.1560106277,-0.0419934690,-0.4400769174,0.0023049340,0.0076915063,-0.0132322311,0.0309999175,0.0956861079,-0.9950386286,0.0049443981,28.7484359741,26.6121406555,-1.5869624615,-0.4654683173,-0.8010498285,-0.3681752980,-0.4487441778,0.1741996557,-0.4941557050,0.1264964640,-0.2168874741,0.1872961223,-0.0772433355,0.7208368778,0.5083044767,-0.4650782049,28.7484359741,26.6121406555,-1.5869624615,-0.4654683173,-0.8010498285,-0.3681752980,-0.4487441778,0.1741996557,-0.4941557050,0.1264964640,-0.2168874741,0.1872961223,-0.0772433355,0.7208368778,0.5083044767,-0.4650782049,0.0000000000,0.0000000000,0.0000000000,0.0000000000,0.0000000000,0.0000000000,-0.8108157516,0.3222754598,-0.3535264134,0.9851745963,-0.1667543948,-0.0461835265,0.2868308425,0.6709432006,0.1642762423,-0.6639426351,
7026.138,0.1220740378,-0.0610370189,1.0376293659,0.0643330216,0.0031739250,-1.0102847815,-0.1566209942,-0.0417493209,-0.4326303899,0.0017013401,0.0070785410,-0.0122551918,0.0309968200,0.0956552699,-0.9950417280,0.0049418202,28.9315471649,27.1004371643,-1.3428144455,-0.4561906755,-0.8019043803,-0.3689077497,-0.4426404536,0.1731009930,-0.4926908314,0.1324914992,-0.2135409713,0.1856177449,-0.0803641081,0.7207025290,0.5080294013,-0.4650579095,28.9315471649,27.1004371643,-1.3428144455,-0.4561906755,-0.8019043803,-0.3689077497,-0.4426404536,0.1731009930,-0.4926908314,0.1324914992,-0.2135409713,0.1856177449,-0.0803641081,0.7207025290,0.5080294013,-0.4650579095,0.0000000000,0.0000000000,0.0000000000,0.0000000000,0.0000000000,0.0000000000,-0.8117923737,0.3247169554,-0.3691518903,0.9851745367,-0.1667545885,-0.0461837053,0.2864634693,0.6710339189,0.1639048308,-0.6641013026,
7026.151,0.1831110567,-0.0610370189,0.9765923023,0.0643330216,0.0031739250,-1.0108951330,-0.1571092904,-0.0408948027,-0.4307992756,0.0017082319,0.0070859338,-0.0128651857,0.0309932176,0.0956180468,-0.9950454235,0.0049440111,28.9315471649,27.1004371643,-0.8545182943,-0.4565569162,-0.8075197339,-0.3599963486,-0.4412976503,0.1685842425,-0.4947660863,0.1289147735,-0.2150044441,0.1935070455,-0.0834648088,0.7205750942,0.5077072978,-0.4650612175,28.9315471649,27.1004371643,-0.8545182943,-0.4565569162,-0.8075197339,-0.3599963486,-0.4412976503,0.1685842425,-0.4947660863,0.1289147735,-0.2150044441,0.1935070455,-0.0834648088,0.7205750942,0.5077072978,-0.4650612175,0.0000000000,0.0000000000,0.0000000000,0.0000000000,0.0000000000,0.0000000000,-0.8120365143,0.3208105862,-0.3730582595,0.9851744175,-0.1667547673,-0.0461838245,0.2860792577,0.6711285710,0.1635164618,-0.6642669439,
7026.164,0.1220740378,-0.0610370189,0.9765923023,0.0637226477,0.0023194067,-1.0108951330,-0.1543015838,-0.0423596911,-0.4394665360,0.0011077151,0.0062323557,-0.0128645897,0.0309883207,0.0956057906,-0.9950467348,0.0049436246,29.1146583557,27.4666576385,-0.6714072227,-0.4569231272,-0.8100833297,-0.3567003310,-0.4386120141,0.1690725386,-0.4948881567,0.1253393888,-0.2134352922,0.1957484186,-0.0865774676,0.7204599380,0.5073514581,-0.4650591016,29.1146583557,27.4666576385,-0.6714072227,-0.4569231272,-0.8100833297,-0.3567003310,-0.4386120141,0.1690725386,-0.4948881567,0.1253393888,-0.2134352922,0.1957484186,-0.0865774676,0.7204599380,0.5073514581,-0.4650591016,0.0000000000,0.0000000000,0.0000000000,0.0000000000,0.0000000000,0.0000000000,-0.8098391891,0.3208105862,-0.3730582595,0.9851742387,-0.1667549461,-0.0461838841,0.2856981754,0.6712222099,0.1631312966,-0.6644309759,
7026.177,0.1831110567,-0.0610370189,0.9765923023,0.0638447255,0.0028077029,-1.0111392736,-0.1539353579,-0.0434583575,-0.4361705482,0.0012390688,0.0067298138,-0.0131081343,0.0309832375,0.0956100300,-0.9950465560,0.0049478728,29.4198436737,28.0770282745,-0.4272591472,-0.4561906755,-0.8127689362,-0.3514511585,-0.4408093393,0.1666310579,-0.4980620742,0.1228459775,-0.2119948864,0.1999158859,-0.0897187218,0.7203637362,0.5069548488,-0.4650451839,29.4198436737,28.0770282745,-0.4272591472,-0.4561906755,-0.8127689362,-0.3514511585,-0.4408093393,0.1666310579,-0.4980620742,0.1228459775,-0.2119948864,0.1999158859,-0.0897187218,0.7203637362,0.5069548488,-0.4650451839,0.0000000000,0.0000000000,0.0000000000,0.0000000000,0.0000000000,0.0000000000,-0.8113040328,0.3232520521,-0.3711050749,0.9851741791,-0.1667551547,-0.0461841226,0.2853287160,0.6713127494,0.1627578884,-0.6645897627,
7026.190,0.1831110567,-0.0610370189,0.9765923023,0.0627460554,0.0019531846,-1.0107730627,-0.1549119502,-0.0401623584,-0.4340952933,0.0001549497,0.0058886213,-0.0127410889,0.0309755579,0.0955686495,-0.9950505495,0.0049525229,30.0912494659,28.8094730377,-0.0610370189,-0.4397106767,-0.8189947009,-0.3499862552,-0.4395886064,0.1671193540,-0.4998931885,0.1360189319,-0.2140423656,0.2002745271,-0.0929429382,0.7202933431,0.5065088272,-0.4650066793,30.0912494659,28.8094730377,-0.0610370189,-0.4397106767,-0.8189947009,-0.3499862552,-0.4395886064,0.1671193540,-0.4998931885,0.1360189319,-0.2140423656,0.2002745271,-0.0929429382,0.7202933431,0.5065088272,-0.4650066793,0.0000000000,0.0000000000,0.0000000000,0.0000000000,0.0000000000,0.0000000000,-0.8115482330,0.3266701400,-0.3730582595,0.9851742983,-0.1667553931,-0.0461844802,0.2849689722,0.6714007854,0.1623943299,-0.6647442579,
7026.203,0.1220740378,0.0000000000,0.9765923023,0.0637226477,0.0036622211,-1.0111392736,-0.1530808508,-0.0421155430,-0.4299447536,0.0011306480,0.0075918506,-0.0131073594,0.0309763215,0.0955592766,-0.9950516820,0.0049493806,30.1522865295,28.4432506561,0.0610370189,-0.4381237328,-0.8191167712,-0.3474227190,-0.4355601668,0.1624805480,-0.4968413413,0.1343617141,-0.2100133300,0.2016429305,-0.0961396322,0.7202031016,0.5060473680,-0.4649992883,30.1522865295,28.4432506561,0.0610370189,-0.4381237328,-0.8191167712,-0.3474227190,-0.4355601668,0.1624805480,-0.4968413413,0.1343617141,-0.2100133300,0.2016429305,-0.0961396322,0.7202031016,0.5060473680,-0.4649992883,0.0000000000,0.0000000000,0.0000000000,0.0000000000,0.0000000000,0.0000000000,-0.8108157516,0.3261818290,-0.3750114441,0.9851741195,-0.1667555720,-0.0461845398,0.2846068442,0.6714890599,0.1620284170,-0.6648994088,
7026.216,0.1220740378,0.0000000000,0.9765923023,0.0626239851,0.0034180731,-1.0111392736,-0.1556444019,-0.0405285805,-0.4260383844,0.0000365451,0.0073431227,-0.0131070614,0.0309744533,0.0955226272,-0.9950550795,0.0049457424,30.2133235931,27.9549541473,0.2441480756,-0.4334849119,-0.8233894110,-0.3440046310,-0.4321421087,0.1650440991,-0.4953764379,0.1358217597,-0.2101513743,0.2037628293,-0.0993114561,0.7200866342,0.5055713654,-0.4650306404,30.2133235931,27.9549541473,0.2441480756,-0.4334849119,-0.8233894110,-0.3440046310,-0.4321421087,0.1650440991,-0.4953764379,0.1358217597,-0.2101513743,0.2037628293,-0.0993114561,0.7200866342,0.5055713654,-0.4650306404,0.0000000000,0.0000000000,0.0000000000,0.0000000000,0.0000000000,0.0000000000,-0.8098391891,0.3247169554,-0.3554795980,0.9851742983,-0.1667558253,-0.0461850166,0.2842722535,0.6715705395,0.1616902947,-0.6650426984,
7026.229,0.1220740378,0.0000000000,0.9765923023,0.0626239851,0.0035401471,-1.0101627111,-0.1544236541,-0.0418713950,-0.4301889241,0.0000407547,0.0074600242,-0.0121302009,0.0309726819,0.0955063328,-0.9950568080,0.0049424572,30.1522865295,26.7952518463,0.4272591472,-0.4382458031,-0.8298593163,-0.3382671475,-0.4339731932,0.1612598002,-0.4976958632,0.1280466616,-0.2125270963,0.2080247998,-0.1024077833,0.7199164033,0.5050841570,-0.4651523232,30.1522865295,26.7952518463,0.4272591472,-0.4382458031,-0.8298593163,-0.3382671475,-0.4339731932,0.1612598002,-0.4976958632,0.1280466616,-0.2125270963,0.2080247998,-0.1024077833,0.7199164033,0.5050841570,-0.4651523232,0.0000000000,0.0000000000,0.0000000000,0.0000000000,0.0000000000,0.0000000000,-0.8093508482,0.3232520521,-0.3730582595,0.9851741791,-0.1667560637,-0.0461851358,0.2839077413,0.6716589928,0.1613220274,-0.6651984453,
7026.242,0.1220740378,0.0000000000,0.9765923023,0.0631122813,0.0023194067,-1.0111392736,-0.1567430645,-0.0439466536,-0.4348277152,0.0005311519,0.0062401807,-0.0131066442,0.0309715811,0.0955091119,-0.9950565696,0.0049428898,30.1522865295,26.6121406555,0.5493331552,-0.4384899437,-0.8343760371,-0.3337504268,-0.4293344021,0.1618701816,-0.4929349720,0.1248369515,-0.2129756808,0.2109935880,-0.1054822206,0.7197294235,0.5045840144,-0.4652972221,30.1522865295,26.6121406555,0.5493331552,-0.4384899437,-0.8343760371,-0.3337504268,-0.4293344021,0.1618701816,-0.4929349720,0.1248369515,-0.2129756808,0.2109935880,-0.1054822206,0.7197294235,0.5045840144,-0.4652972221,0.0000000000,0.0000000000,0.0000000000,0.0000000000,0.0000000000,0.0000000000,-0.8095950484,0.3271584213,-0.3750114441,0.9851741195,-0.1667562574,-0.0461853147,0.2835544348,0.6717445254,0.1609651148,-0.6653491855,
7026.255,0.1220740378,0.0000000000,0.9765923023,0.0646992400,0.0036622211,-1.0104068518,-0.1585741788,-0.0427259132,-0.4301889241,0.0021121651,0.0075772437,-0.0123745799,0.0309749041,0.0954920650,-0.9950580597,0.0049397810,30.1522865295,26.3069553375,0.7324442267,-0.4404431283,-0.8363292217,-0.3300881982,-0.4304330647,0.1575975865,-0.4978179336,0.1199940741,-0.2109032869,0.2130278349,-0.1085257977,0.7195320129,0.5040587187,-0.4654719532,30.1522865295,26.3069553375,0.7324442267,-0.4404431283,-0.8363292217,-0.3300881982,-0.4304330647,0.1575975865,-0.4978179336,0.1199940741,-0.2109032869,0.2130278349,-0.1085257977,0.7195320129,0.5040587187,-0.4654719532,0.0000000000,0.0000000000,0.0000000000,0.0000000000,0.0000000000,0.0000000000,-0.8093508482,0.3261818290,-0.3730582595,0.9851740003,-0.1667564213,-0.0461854935,0.2832026780,0.6718294621,0.1606098264,-0.6654990315,
7026.268,0.1220740378,0.0000000000,0.9765923023,0.0651875362,0.0024414808,-1.0108951330,-0.1555223316,-0.0455336161,-0.4356822371,0.0025922880,0.0063568219,-0.0128633380,0.0309788287,0.0955188647,-0.9950553775,0.0049411654,30.2743606567,26.0017700195,1.0376293659,-0.4417859316,-0.8352305889,-0.3232520521,-0.4286019504,0.1558885425,-0.4922025204,0.1158570051,-0.2058206201,0.2181356847,-0.1115312949,0.7193167210,0.5035083294,-0.4656897187,30.2743606567,26.0017700195,1.0376293659,-0.4417859316,-0.8352305889,-0.3232520521,-0.4286019504,0.1558885425,-0.4922025204,0.1158570051,-0.2058206201,0.2181356847,-0.1115312949,0.7193167210,0.5035083294,-0.4656897187,0.0000000000,0.0000000000,0.0000000000,0.0000000000,0.0000000000,0.0000000000,-0.8098391891,0.3217871785,-0.3535264134,0.9851740599,-0.1667566895,-0.0461857319,0.2828679681,0.6719101667,0.1602717489,-0.6656414866,
7026.281,0.1220740378,0.0000000000,0.9155552983,0.0644550920,0.0039063692,-1.0110172033,-0.1550340354,-0.0452894680,-0.4295785427,0.0018553138,0.0078141289,-0.0129856467,0.0309812892,0.0955507755,-0.9950522184,0.0049386011,30.8236942291,26.0628070831,1.6479995251,-0.4406872690,-0.8321787119,-0.3211767972,-0.4250617921,0.1502731442,-0.4963530302,0.1142438948,-0.1988237500,0.2183942497,-0.1145436689,0.7191293836,0.5028736591,-0.4659336805,30.8236942291,26.0628070831,1.6479995251,-0.4406872690,-0.8321787119,-0.3211767972,-0.4250617921,0.1502731442,-0.4963530302,0.1142438948,-0.1988237500,0.2183942497,-0.1145436689,0.7191293836,0.5028736591,-0.4659336805,0.0000000000,0.0000000000,0.0000000000,0.0000000000,0.0000000000,0.0000000000,-0.8110598922,0.3252052367,-0.3535264134,0.9851738214,-0.1667568833,-0.0461857915,0.2825454473,0.6719876528,0.1599460095,-0.6657784581,
7026.294,0.1220740378,0.0000000000,0.9765923023,0.0645771697,0.0030518509,-1.0110172033,-0.1532029212,-0.0454115421,-0.4295785427,0.0019723102,0.0069569545,-0.0129859447,0.0309837777,0.0955845490,-0.9950489998,0.0049385731,31.3119907379,26.6731777191,2.0142216682,-0.4408093393,-0.8309579492,-0.3191015422,-0.4246955812,0.1533249915,-0.4941557050,0.1114164889,-0.1936783195,0.2186218798,-0.1175791994,0.7189663649,0.5021877885,-0.4661688805,31.3119907379,26.6731777191,2.0142216682,-0.4408093393,-0.8309579492,-0.3191015422,-0.4246955812,0.1533249915,-0.4941557050,0.1114164889,-0.1936783195,0.2186218798,-0.1175791994,0.7189663649,0.5021877885,-0.4661688805,0.0000000000,0.0000000000,0.0000000000,0.0000000000,0.0000000000,0.0000000000,-0.8110598922,0.3227637708,-0.3730582595,0.9851738214,-0.1667570919,-0.0461859107,0.2821863294,0.6720737815,0.1595833749,-0.6659308076,
7026.307,0.1831110567,0.0000000000,0.9765923023,0.0640888736,0.0037842952,-1.0108951330,-0.1593066156,-0.0448011719,-0.4344615042,0.0014813468,0.0076937703,-0.0128640532,0.0309848711,0.0955907181,-0.9950482845,0.0049410705,31.7392501831,27.5887317657,2.3804438114,-0.4383678734,-0.8285164833,-0.3184911609,-0.4239631295,0.1506393701,-0.4967192709,0.1111215055,-0.1873380542,0.2173982263,-0.1206565946,0.7188493609,0.5014415383,-0.4663660228,31.7392501831,27.5887317657,2.3804438114,-0.4383678734,-0.8285164833,-0.3184911609,-0.4239631295,0.1506393701,-0.4967192709,0.1111215055,-0.1873380542,0.2173982263,-0.1206565946,0.7188493609,0.5014415383,-0.4663660228,0.0000000000,0.0000000000,0.0000000000,0.0000000000,0.0000000000,0.0000000000,-0.8093508482,0.3222754598,-0.3535264134,0.9851739407,-0.1667573452,-0.0461863875,0.2818583548,0.6721523404,0.1592521816,-0.6660698652,
7026.320,0.1220740378,0.0000000000,0.9765923023,0.0642109439,0.0025635548,-1.0117496252,-0.1574755162,-0.0467543565,-0.4356822371,0.0016003996,0.0064727869,-0.0137187839,0.0309862029,0.0956266448,-0.9950448871,0.0049422118,32.9599914551,30.2743606567,3.2349619865,-0.4384899437,-0.8287606239,-0.3170262873,-0.4228644669,0.1479537338,-0.4911038578,0.1081297100,-0.1836795807,0.2171126306,-0.1238725483,0.7188510895,0.5005658865,-0.4664613008,32.9599914551,30.2743606567,3.2349619865,-0.4384899437,-0.8287606239,-0.3170262873,-0.4228644669,0.1479537338,-0.4911038578,0.1081297100,-0.1836795807,0.2171126306,-0.1238725483,0.7188510895,0.5005658865,-0.4664613008,0.0000000000,0.0000000000,0.0000000000,0.0000000000,0.0000000000,0.0000000000,-0.8117923737,0.3222754598,-0.3750114441,0.9851738214,-0.1667575240,-0.0461864471,0.2814975381,0.6722384691,0.1588879228,-0.6662224531,
7026.333,0.1220740378,0.0000000000,0.9765923023,0.0637226477,0.0021973327,-1.0107730627,-0.1558885425,-0.0504165776,-0.4366588295,0.0011112317,0.0061081201,-0.0127422810,0.0309861358,0.0957137570,-0.9950364232,0.0049457420,33.3262138367,31.6782131195,3.6622211933,-0.4370250702,-0.8374279141,-0.3121433258,-0.4192022383,0.1463667750,-0.4951322973,0.1066522002,-0.1884518266,0.2202786207,-0.1271638125,0.7189161777,0.4996140897,-0.4664959013,33.3262138367,31.6782131195,3.6622211933,-0.4370250702,-0.8374279141,-0.3121433258,-0.4192022383,0.1463667750,-0.4951322973,0.1066522002,-0.1884518266,0.2202786207,-0.1271638125,0.7189161777,0.4996140897,-0.4664959013,0.0000000000,0.0000000000,0.0000000000,0.0000000000,0.0000000000,0.0000000000,-0.8110598922,0.3242286444,-0.3730582595,0.9851737022,-0.1667577624,-0.0461865067,0.2811480463,0.6723216772,0.1585351080,-0.6663700342,
7026.346,0.1220740378,0.0000000000,0.9765923023,0.0629902035,0.0017090365,-1.0106509924,-0.1527146250,-0.0463881344,-0.4326303899,0.0003814697,0.0056237830,-0.0126200318,0.0309843775,0.0957601145,-0.9950320125,0.0049490277,33.6313972473,33.2041397095,3.8453321457,-0.4410535097,-0.8426770568,-0.3084810972,-0.4160283208,0.1464888453,-0.4939115644,0.0995944142,-0.1898176074,0.2222758532,-0.1305199862,0.7190356851,0.4986077845,-0.4664612114,33.6313972473,33.2041397095,3.8453321457,-0.4410535097,-0.8426770568,-0.3084810972,-0.4160283208,0.1464888453,-0.4939115644,0.0995944142,-0.1898176074,0.2222758532,-0.1305199862,0.7190356851,0.4986077845,-0.4664612114,0.0000000000,0.0000000000,0.0000000000,0.0000000000,0.0000000000,0.0000000000,-0.8100833297,0.3222754598,-0.3730582595,0.9851736426,-0.1667579412,-0.0461866260,0.2807944417,0.6724056602,0.1581781954,-0.6665191650,
7026.359,0.1831110567,-0.0610370189,0.9765923023,0.0642109439,0.0034180731,-1.0115054846,-0.1547898799,-0.0452894680,-0.4284798801,0.0016097724,0.0073389639,-0.0134741068,0.0309801809,0.0957866982,-0.9950295687,0.0049525509,34.5469512939,36.8663597107,4.4557023048,-0.4382458031,-0.8397473097,-0.3028656840,-0.4172490537,0.1436811388,-0.4926908314,0.0991275609,-0.1829951406,0.2264128923,-0.1340525001,0.7193012834,0.4974822998,-0.4662516713,34.5469512939,36.8663597107,4.4557023048,-0.4382458031,-0.8397473097,-0.3028656840,-0.4172490537,0.1436811388,-0.4926908314,0.0991275609,-0.1829951406,0.2264128923,-0.1340525001,0.7193012834,0.4974822998,-0.4662516713,0.0000000000,0.0000000000,0.0000000000,0.0000000000,0.0000000000,0.0000000000,-0.8103274703,0.3222754598,-0.3750114441,0.9851737022,-0.1667581797,-0.0461869836,0.2804395258,0.6724897623,0.1578199565,-0.6666687131,
7026.372,0.1220740378,-0.0610370189,0.9765923023,0.0640888736,0.0036622211,-1.0115054846,-0.1591845453,-0.0446790978,-0.4293344021,0.0014958382,0.0075773834,-0.0134735703,0.0309763793,0.0957916453,-0.9950292110,0.0049494621,35.3404350281,38.8805809021,4.9439983368,-0.4384899437,-0.8413342834,-0.3012787402,-0.4151737988,0.1398968548,-0.4876857698,0.0955040157,-0.1806853414,0.2265693843,-0.1376833618,0.7196423411,0.4962688386,-0.4659605324,35.3404350281,38.8805809021,4.9439983368,-0.4384899437,-0.8413342834,-0.3012787402,-0.4151737988,0.1398968548,-0.4876857698,0.0955040157,-0.1806853414,0.2265693843,-0.1376833618,0.7196423411,0.4962688386,-0.4659605324,0.0000000000,0.0000000000,0.0000000000,0.0000000000,0.0000000000,0.0000000000,-0.8115482330,0.3242286444,-0.3730582595,0.9851735830,-0.1667583287,-0.0461871028,0.2800946534,0.6725712419,0.1574719250,-0.6668137312,
7026.385,0.1220740378,-0.0610370189,1.0376293659,0.0631122813,0.0024414808,-1.0110172033,-0.1522263288,-0.0449232459,-0.4353160262,0.0005320311,0.0063576275,-0.0129844546,0.0309698489,0.0958141088,-0.9950271845,0.0049500377,36.1949539185,40.7727279663,5.5543684959,-0.4401989877,-0.8463392854,-0.2951750159,-0.4111453593,0.1398968548,-0.4900051951,0.0903442204,-0.1817825437,0.2312458158,-0.1414210796,0.7200629711,0.4949375689,-0.4656067789,36.1949539185,40.7727279663,5.5543684959,-0.4401989877,-0.8463392854,-0.2951750159,-0.4111453593,0.1398968548,-0.4900051951,0.0903442204,-0.1817825437,0.2312458158,-0.1414210796,0.7200629711,0.4949375689,-0.4656067789,0.0000000000,0.0000000000,0.0000000000,0.0000000000,0.0000000000,0.0000000000,-0.8113040328,0.3271584213,-0.3535264134,0.9851737022,-0.1667586416,-0.0461876392,0.2797916234,0.6726427674,0.1571660489,-0.6669411063,
7026.398,0.1220740378,-0.0610370189,1.0376293659,0.0638447255,0.0034180731,-1.0116275549,-0.1538132876,-0.0443128757,-0.4345835745,0.0012737662,0.0073303860,-0.0135942101,0.0309653506,0.0958238244,-0.9950265288,0.0049479837,37.7208786011,44.1908035278,6.8361463547,-0.4386120141,-0.8551286459,-0.2844325006,-0.4089480340,0.1330607086,-0.4848780930,0.0883375704,-0.1866286397,0.2406040132,-0.1453479677,0.7206253409,0.4934176803,-0.4651405215,37.7208786011,44.1908035278,6.8361463547,-0.4386120141,-0.8551286459,-0.2844325006,-0.4089480340,0.1330607086,-0.4848780930,0.0883375704,-0.1866286397,0.2406040132,-0.1453479677,0.7206253409,0.4934176803,-0.4651405215,0.0000000000,0.0000000000,0.0000000000,0.0000000000,0.0000000000,0.0000000000,-0.8110598922,0.3247169554,-0.3535264134,0.9851735830,-0.1667588502,-0.0461876988,0.2794819474,0.6727156043,0.1568535417,-0.6670709848,
7026.411,0.1831110567,0.0000000000,0.9765923023,0.0649433881,0.0032959990,-1.0118716955,-0.1552781761,-0.0452894680,-0.4310434163,0.0023656934,0.0072150701,-0.0138388276,0.0309682656,0.0958479568,-0.9950240254,0.0049524237,38.3312492371,45.4115409851,7.3854794502,-0.4288460910,-0.8596453667,-0.2780846655,-0.4100466967,0.1312295943,-0.4890286028,0.0944559872,-0.1871818900,0.2455373704,-0.1493520737,0.7212272286,0.4918192029,-0.4646320343,38.3312492371,45.4115409851,7.3854794502,-0.4288460910,-0.8596453667,-0.2780846655,-0.4100466967,0.1312295943,-0.4890286028,0.0944559872,-0.1871818900,0.2455373704,-0.1493520737,0.7212272286,0.4918192029,-0.4646320343,0.0000000000,0.0000000000,0.0000000000,0.0000000000,0.0000000000,0.0000000000,-0.8100833297,0.3232520521,-0.3535264134,0.9851734638,-0.1667590141,-0.0461878181,0.2791694403,0.6727889180,0.1565382183,-0.6672018766,
7026.424,0.1831110567,-0.0610370189,0.9765923023,0.0636005774,0.0051271096,-1.0104068518,-0.1558885425,-0.0419934690,-0.4322641790,0.0010329559,0.0090438332,-0.0123733282,0.0309634618,0.0958272666,-0.9950261712,0.0049501266,38.6364326477,46.0829505920,7.6296272278,-0.4145634472,-0.8635517359,-0.2777184248,-0.4043092132,0.1326944828,-0.4909817874,0.1050290763,-0.1871080399,0.2444698811,-0.1534114033,0.7218470573,0.4901784062,-0.4640805721,38.6364326477,46.0829505920,7.6296272278,-0.4145634472,-0.8635517359,-0.2777184248,-0.4043092132,0.1326944828,-0.4909817874,0.1050290763,-0.1871080399,0.2444698811,-0.1534114033,0.7218470573,0.4901784062,-0.4640805721,0.0000000000,0.0000000000,0.0000000000,0.0000000000,0.0000000000,0.0000000000,-0.8115482330,0.3252052367,-0.3554795980,0.9851734042,-0.1667592525,-0.0461881161,0.2788608968,0.6728612185,0.1562269032,-0.6673309803,
7026.437,0.1220740378,0.0000000000,0.9765923023,0.0643330216,0.0048829615,-1.0107730627,-0.1580858827,-0.0435804315,-0.4265266955,0.0017612875,0.0087879300,-0.0127397180,0.0309660975,0.0958219767,-0.9950266480,0.0049443063,37.5377655029,43.7635421753,7.3244423866,-0.3647572398,-0.8835718632,-0.2851649523,-0.4049195945,0.1311075240,-0.4864650369,0.1511030793,-0.2031210065,0.2355157137,-0.1573848426,0.7223282456,0.4886982739,-0.4635619223,37.5377655029,43.7635421753,7.3244423866,-0.3647572398,-0.8835718632,-0.2851649523,-0.4049195945,0.1311075240,-0.4864650369,0.1511030793,-0.2031210065,0.2355157137,-0.1573848426,0.7223282456,0.4886982739,-0.4635619223,0.0000000000,0.0000000000,0.0000000000,0.0000000000,0.0000000000,0.0000000000,-0.8088625669,0.3247169554,-0.3554795980,0.9851735234,-0.1667595357,-0.0461884141,0.2785539329,0.6729330420,0.1559171826,-0.6674593091,
7026.450,0.1831110567,0.0000000000,0.9765923023,0.0639667958,0.0068361461,-1.0097965002,-0.1554002464,-0.0462660603,-0.4288460910,0.0013924837,0.0107303727,-0.0117633343,0.0309677161,0.0958592072,-0.9950229526,0.0049402420,35.0352478027,38.6364326477,6.6530351639,-0.3437604904,-0.9013947248,-0.2939542830,-0.4001587033,0.1230506301,-0.4848780930,0.1686704159,-0.2170786858,0.2250451148,-0.1610384881,0.7225900292,0.4874494076,-0.4632136822,35.0352478027,38.6364326477,6.6530351639,-0.3437604904,-0.9013947248,-0.2939542830,-0.4001587033,0.1230506301,-0.4848780930,0.1686704159,-0.2170786858,0.2250451148,-0.1610384881,0.7225900292,0.4874494076,-0.4632136822,0.0000000000,0.0000000000,0.0000000000,0.0000000000,0.0000000000,0.0000000000,-0.8093508482,0.3193456829,-0.3535264134,0.9851733446,-0.1667597592,-0.0461885333,0.2782331109,0.6730078459,0.1555935591,-0.6675931215,
7026.463,0.1831110567,-0.0610370189,0.9765923023,0.0634784997,0.0083010346,-1.0115054846,-0.1539353579,-0.0432142094,-0.4237189889,0.0009151548,0.0121773994,-0.0134715438,0.0309630856,0.0958625525,-0.9950229526,0.0049309242,30.5185089111,30.6405830383,5.6764426231,-0.3308206499,-0.9259315729,-0.3233741224,-0.4029664099,0.1218298897,-0.4825586677,0.1787072718,-0.2380996943,0.1938336194,-0.1640998423,0.7225440145,0.4865980148,-0.4631062150,30.5185089111,30.6405830383,5.6764426231,-0.3308206499,-0.9259315729,-0.3233741224,-0.4029664099,0.1218298897,-0.4825586677,0.1787072718,-0.2380996943,0.1938336194,-0.1640998423,0.7225440145,0.4865980148,-0.4631062150,0.0000000000,0.0000000000,0.0000000000,0.0000000000,0.0000000000,0.0000000000,-0.8105716109,0.3261818290,-0.3711050749,0.9851732254,-0.1667599678,-0.0461885333,0.2779084444,0.6730833650,0.1552660912,-0.6677283645,
7026.476,0.1831110567,-0.0610370189,0.9155552983,0.0637226477,0.0028077029,-1.0104068518,-0.1557664722,-0.0413830988,-0.4286019504,0.0011686608,0.0066927243,-0.0123723745,0.0309581179,0.0958403945,-0.9950251579,0.0049340953,14.7709589005,10.7425155640,3.2349619865,-0.3867305517,-0.9221472740,-0.4275032878,-0.3964964747,0.1202429309,-0.4821924567,0.1215274930,-0.2323592901,0.0883471966,-0.1652420014,0.7219367623,0.4868015051,-0.4634326696,14.7709589005,10.7425155640,3.2349619865,-0.3867305517,-0.9221472740,-0.4275032878,-0.3964964747,0.1202429309,-0.4821924567,0.1215274930,-0.2323592901,0.0883471966,-0.1652420014,0.7219367623,0.4868015051,-0.4634326696,0.0000000000,0.0000000000,0.0000000000,0.0000000000,0.0000000000,0.0000000000,-0.8115482330,0.3203222752,-0.3691518903,0.9851731062,-0.1667601317,-0.0461886525,0.2775684595,0.6731622815,0.1549232304,-0.6678698063,
7026.489,0.1831110567,-0.0610370189,0.9765923023,0.0643330216,-0.0018311106,-1.0106509924,-0.1544236541,-0.0433362834,-0.4240851998,0.0017854720,0.0020861113,-0.0126162171,0.0309533570,0.0958431438,-0.9950249195,0.0049499040,8.4231090546,8.2399978638,2.8687398434,-0.4391003251,-0.8963896632,-0.4299447536,-0.3973509967,0.1196325570,-0.4892727435,0.0682951212,-0.2053477168,0.0850763917,-0.1657872051,0.7213463187,0.4872507453,-0.4636852741,8.4231090546,8.2399978638,2.8687398434,-0.4391003251,-0.8963896632,-0.4299447536,-0.3973509967,0.1196325570,-0.4892727435,0.0682951212,-0.2053477168,0.0850763917,-0.1657872051,0.7213463187,0.4872507453,-0.4636852741,0.0000000000,0.0000000000,0.0000000000,0.0000000000,0.0000000000,0.0000000000,-0.8103274703,0.3212988675,-0.3750114441,0.9851732850,-0.1667603850,-0.0461891890,0.2772254646,0.6732417941,0.1545773298,-0.6680124402,
7026.502,0.1831110567,-0.0610370189,1.0376293659,0.0664082766,-0.0029297769,-1.0113834143,-0.1550340354,-0.0402844325,-0.4278694987,0.0038571954,0.0010255650,-0.0133489966,0.0309535153,0.0957976878,-0.9950292110,0.0049676392,6.0426650047,12.8177738190,3.0518510342,-0.4580217898,-0.8873561621,-0.3949095011,-0.3941770792,0.1206091493,-0.4832911193,0.0482443273,-0.1952843070,0.1198402047,-0.1663512141,0.7209618688,0.4876803458,-0.4636296034,6.0426650047,12.8177738190,3.0518510342,-0.4580217898,-0.8873561621,-0.3949095011,-0.3941770792,0.1206091493,-0.4832911193,0.0482443273,-0.1952843070,0.1198402047,-0.1663512141,0.7209618688,0.4876803458,-0.4636296034,0.0000000000,0.0000000000,0.0000000000,0.0000000000,0.0000000000,0.0000000000,-0.8117923737,0.3208105862,-0.3535264134,0.9851731062,-0.1667605639,-0.0461892486,0.2769142687,0.6733136177,0.1542635262,-0.6681415439,
7026.515,0.1831110567,-0.0610370189,1.0986663103,0.0661641285,-0.0007324442,-1.0115054846,-0.1547898799,-0.0439466536,-0.4295785427,0.0036108196,0.0032506478,-0.0134713650,0.0309533086,0.0957952961,-0.9950293899,0.0049814885,7.6906642914,26.1238441467,3.7232582569,-0.4008911550,-0.8971220851,-0.3303323388,-0.3942991495,0.1189001128,-0.4870754182,0.1029831469,-0.2036786675,0.1849179864,-0.1677065939,0.7210395336,0.4878221750,-0.4628707767,7.6906642914,26.1238441467,3.7232582569,-0.4008911550,-0.8971220851,-0.3303323388,-0.3942991495,0.1189001128,-0.4870754182,0.1029831469,-0.2036786675,0.1849179864,-0.1677065939,0.7210395336,0.4878221750,-0.4628707767,0.0000000000,0.0000000000,0.0000000000,0.0000000000,0.0000000000,0.0000000000,-0.8120365143,0.3183690906,-0.3554795980,0.9851730466,-0.1667607427,-0.0461893678,0.2765930295,0.6733876467,0.1539396346,-0.6682746410,
7026.528,0.1220740378,-0.0610370189,1.0986663103,0.0670186505,0.0017090365,-1.0111392736,-0.1547898799,-0.0432142094,-0.4275032878,0.0044587925,0.0056970548,-0.0131055117,0.0309563912,0.0957837477,-0.9950305223,0.0049838955,8.2399978638,28.3822135925,3.4180731773,-0.3714712858,-0.9004181027,-0.3066499829,-0.3900265396,0.1215857416,-0.4856105149,0.1296891570,-0.2054178715,0.2091488838,-0.1692723483,0.7211513519,0.4879378974,-0.4620037377,8.2399978638,28.3822135925,3.4180731773,-0.3714712858,-0.9004181027,-0.3066499829,-0.3900265396,0.1215857416,-0.4856105149,0.1296891570,-0.2054178715,0.2091488838,-0.1692723483,0.7211513519,0.4879378974,-0.4620037377,0.0000000000,0.0000000000,0.0000000000,0.0000000000,0.0000000000,0.0000000000,-0.8120365143,0.3169042170,-0.3574327826,0.9851731062,-0.1667609364,-0.0461897254,0.2762653232,0.6734630466,0.1536092609,-0.6684103012,
7026.541,0.1220740378,-0.0610370189,1.0376293659,0.0660420582,0.0051271096,-1.0111392736,-0.1573534310,-0.0441908017,-0.4303109944,0.0034804642,0.0091024851,-0.0131055713,0.0309578720,0.0957821310,-0.9950305820,0.0049776346,7.9348125458,27.3445854187,2.6856288910,-0.3464461267,-0.8994415402,-0.2905362248,-0.3936887681,0.1240272224,-0.4862208962,0.1519362032,-0.2027698159,0.2256993055,-0.1708461642,0.7211595178,0.4881497622,-0.4611873925,7.9348125458,27.3445854187,2.6856288910,-0.3464461267,-0.8994415402,-0.2905362248,-0.3936887681,0.1240272224,-0.4862208962,0.1519362032,-0.2027698159,0.2256993055,-0.1708461642,0.7211595178,0.4881497622,-0.4611873925,0.0000000000,0.0000000000,0.0000000000,0.0000000000,0.0000000000,0.0000000000,-0.8100833297,0.3183690906,-0.3730582595,0.9851729870,-0.1667611152,-0.0461897850,0.2759217918,0.6735418439,0.1532629877,-0.6685522199,
7026.554,0.1220740378,-0.0610370189,0.9765923023,0.0611590929,0.0050050355,-1.0108951330,-0.1575975865,-0.0448011719,-0.4268929064,-0.0013803430,0.0089677563,-0.0128600001,0.0309473742,0.0957938135,-0.9950298071,0.0049706325,5.3712577820,18.3721427917,0.6103702188,-0.3316751719,-0.8861354589,-0.2711264491,-0.3890499473,0.1224402636,-0.4843897820,0.1644739509,-0.1877979040,0.2450093627,-0.1719872057,0.7207377553,0.4887211621,-0.4608171880,5.3712577820,18.3721427917,0.6103702188,-0.3316751719,-0.8861354589,-0.2711264491,-0.3890499473,0.1224402636,-0.4843897820,0.1644739509,-0.1877979040,0.2450093627,-0.1719872057,0.7207377553,0.4887211621,-0.4608171880,0.0000000000,0.0000000000,0.0000000000,0.0000000000,0.0000000000,0.0000000000,-0.8093508482,0.3193456829,-0.3574327826,0.9851731062,-0.1667613834,-0.0461902022,0.2756072581,0.6736139059,0.1529459059,-0.6686820984,
7026.567,0.1220740378,0.0000000000,0.9155552983,0.0616473891,0.0056154057,-1.0102847815,-0.1585741788,-0.0426038392,-0.4303109944,-0.0008832552,0.0095618349,-0.0122490525,0.0309438482,0.0957790464,-0.9950313568,0.0049616392,3.7842950821,12.3905143738,-0.4272591472,-0.3358256817,-0.8762474656,-0.2669759095,-0.3880733550,0.1210974455,-0.4860988259,0.1585454047,-0.1763217449,0.2487148941,-0.1728011221,0.7200595737,0.4894926548,-0.4607541263,3.7842950821,12.3905143738,-0.4272591472,-0.3358256817,-0.8762474656,-0.2669759095,-0.3880733550,0.1210974455,-0.4860988259,0.1585454047,-0.1763217449,0.2487148941,-0.1728011221,0.7200595737,0.4894926548,-0.4607541263,0.0000000000,0.0000000000,0.0000000000,0.0000000000,0.0000000000,0.0000000000,-0.8115482330,0.3198339939,-0.3535264134,0.9851729274,-0.1667615622,-0.0461903214,0.2753005624,0.6736838818,0.1526367664,-0.6688084602,
7026.580,0.1220740378,0.0000000000,0.8545182943,0.0600604266,0.0024414808,-1.0099185705,-0.1577196568,-0.0460219122,-0.4278694987,-0.0024538189,0.0063867155,-0.0118818283,0.0309355445,0.0958163440,-0.9950281382,0.0049614157,2.2583696842,6.4699239731,-1.2207404375,-0.3452253938,-0.8701437712,-0.2666096985,-0.3880733550,0.1202429309,-0.4770653546,0.1478573084,-0.1687380075,0.2483032644,-0.1732621640,0.7191279531,0.4904636741,-0.4610029757,2.2583696842,6.4699239731,-1.2207404375,-0.3452253938,-0.8701437712,-0.2666096985,-0.3880733550,0.1202429309,-0.4770653546,0.1478573084,-0.1687380075,0.2483032644,-0.1732621640,0.7191279531,0.4904636741,-0.4610029757,0.0000000000,0.0000000000,0.0000000000,0.0000000000,0.0000000000,0.0000000000,-0.8088625669,0.3232520521,-0.3535264134,0.9851728678,-0.1667618304,-0.0461905599,0.2750086486,0.6737504005,0.1523425281,-0.6689286232,
7026.593,0.1220740378,0.0610370189,0.9155552983,0.0615253150,0.0029297769,-1.0104068518,-0.1567430645,-0.0450453199,-0.4339731932,-0.0009902567,0.0068720784,-0.0123701692,0.0309362449,0.0958371684,-0.9950260520,0.0049606669,0.0610370189,-2.8687398434,-2.0752587318,-0.3857539594,-0.8622089028,-0.2735679150,-0.3892941177,0.1217078194,-0.4784081578,0.1069462299,-0.1595717072,0.2400314808,-0.1731337905,0.7178463340,0.4916703403,-0.4617629349,0.0610370189,-2.8687398434,-2.0752587318,-0.3857539594,-0.8622089028,-0.2735679150,-0.3892941177,0.1217078194,-0.4784081578,0.1069462299,-0.1595717072,0.2400314808,-0.1731337905,0.7178463340,0.4916703403,-0.4617629349,0.0000000000,0.0000000000,0.0000000000,0.0000000000,0.0000000000,0.0000000000,-0.8093508482,0.3212988675,-0.3535264134,0.9851728678,-0.1667620242,-0.0461907983,0.2747111917,0.6738180518,0.1520427465,-0.6690509319,
7026.606,0.1220740378,0.0000000000,0.9155552983,0.0612811670,0.0009765923,-1.0108951330,-0.1585741788,-0.0433362834,-0.4337290525,-0.0012237430,0.0049256291,-0.0128578544,0.0309306420,0.0958305448,-0.9950267673,0.0049633025,-0.5493331552,-5.0050354004,-2.0752587318,-0.4087038934,-0.8630634546,-0.2784508765,-0.3912473023,0.1196325570,-0.4808496237,0.0838883519,-0.1593158245,0.2337302864,-0.1728326231,0.7165052891,0.4929036796,-0.4626427293,-0.5493331552,-5.0050354004,-2.0752587318,-0.4087038934,-0.8630634546,-0.2784508765,-0.3912473023,0.1196325570,-0.4808496237,0.0838883519,-0.1593158245,0.2337302864,-0.1728326231,0.7165052891,0.4929036796,-0.4626427293,0.0000000000,0.0000000000,0.0000000000,0.0000000000,0.0000000000,0.0000000000,-0.8113040328,0.3217871785,-0.3535264134,0.9851726890,-0.1667622179,-0.0461907983,0.2744154930,0.6738851070,0.1517447829,-0.6691722870,
7026.619,0.1220740378,0.0000000000,0.9155552983,0.0631122813,0.0017090365,-1.0102847815,-0.1547898799,-0.0439466536,-0.4348277152,0.0006087795,0.0056611537,-0.0122473836,0.0309297331,0.0958427191,-0.9950256348,0.0049651470,-0.6714072227,-5.1271095276,-1.9531846046,-0.4307992756,-0.8672139645,-0.2816247940,-0.3907589912,0.1219519675,-0.4865871072,0.0617847443,-0.1624307036,0.2291388512,-0.1724851727,0.7151877284,0.4940966666,-0.4635375440,-0.6714072227,-5.1271095276,-1.9531846046,-0.4307992756,-0.8672139645,-0.2816247940,-0.3907589912,0.1219519675,-0.4865871072,0.0617847443,-0.1624307036,0.2291388512,-0.1724851727,0.7151877284,0.4940966666,-0.4635375440,0.0000000000,0.0000000000,0.0000000000,0.0000000000,0.0000000000,0.0000000000,-0.8115482330,0.3217871785,-0.3554795980,0.9851728678,-0.1667624563,-0.0461911559,0.2741179764,0.6739525199,0.1514449716,-0.6692943573,
7026.632,0.1220740378,0.0610370189,0.9155552983,0.0655537620,0.0035401471,-1.0101627111,-0.1578417271,-0.0427259132,-0.4356822371,0.0030289665,0.0074862787,-0.0121266246,0.0309406966,0.0958300233,-0.9950265288,0.0049627959,0.1220740378,-0.7324442267,-1.2817773819,-0.4439832866,-0.8706320524,-0.2837000787,-0.3850215077,0.1209753752,-0.4820703864,0.0483241975,-0.1648328304,0.2259266675,-0.1723325998,0.7140780091,0.4951254725,-0.4642069638,0.1220740378,-0.7324442267,-1.2817773819,-0.4439832866,-0.8706320524,-0.2837000787,-0.3850215077,0.1209753752,-0.4820703864,0.0483241975,-0.1648328304,0.2259266675,-0.1723325998,0.7140780091,0.4951254725,-0.4642069638,0.0000000000,0.0000000000,0.0000000000,0.0000000000,0.0000000000,0.0000000000,-0.8125247955,0.3232520521,-0.3593859673,0.9851726294,-0.1667626500,-0.0461912155,0.2738198936,0.6740198135,0.1511446536,-0.6694163680,
7026.645,0.1220740378,0.0610370189,0.9155552983,0.0660420582,0.0039063692,-1.0104068518,-0.1566209942,-0.0438245796,-0.4304330647,0.0034937263,0.0078447443,-0.0123722553,0.0309527591,0.0958363414,-0.9950256944,0.0049602608,0.7324442267,2.1362955570,-0.9155552983,-0.4312875867,-0.8709982634,-0.2835779786,-0.3874630034,0.1243934482,-0.4818262160,0.0604845285,-0.1641396284,0.2250970006,-0.1723430753,0.7130844593,0.4960760176,-0.4647153914,0.7324442267,2.1362955570,-0.9155552983,-0.4312875867,-0.8709982634,-0.2835779786,-0.3874630034,0.1243934482,-0.4818262160,0.0604845285,-0.1641396284,0.2250970006,-0.1723430753,0.7130844593,0.4960760176,-0.4647153914,0.0000000000,0.0000000000,0.0000000000,0.0000000000,0.0000000000,0.0000000000,-0.8098391891,0.3212988675,-0.3750114441,0.9851727486,-0.1667629033,-0.0461915731,0.2734947801,0.6740931869,0.1508171260,-0.6695494056,
7026.658,0.1220740378,0.0610370189,0.9765923023,0.0667745024,0.0031739250,-1.0107730627,-0.1543015838,-0.0449232459,-0.4364146888,0.0041993409,0.0071088765,-0.0127401352,0.0309661943,0.0958570540,-0.9950231910,0.0049604913,0.9155552983,4.0894804001,-0.7934812307,-0.4160283208,-0.8708761930,-0.2837000787,-0.3884395957,0.1217078194,-0.4804834127,0.0749929547,-0.1629278660,0.2241845429,-0.1724653095,0.7121664882,0.4969954789,-0.4650950730,0.9155552983,4.0894804001,-0.7934812307,-0.4160283208,-0.8708761930,-0.2837000787,-0.3884395957,0.1217078194,-0.4804834127,0.0749929547,-0.1629278660,0.2241845429,-0.1724653095,0.7121664882,0.4969954789,-0.4650950730,0.0000000000,0.0000000000,0.0000000000,0.0000000000,0.0000000000,0.0000000000,-0.8115482330,0.3222754598,-0.3750114441,0.9851725698,-0.1667630672,-0.0461916327,0.2731732726,0.6741654277,0.1504932791,-0.6696806550,
7026.671,0.1220740378,0.0610370189,0.9765923023,0.0665303543,0.0036622211,-1.0113834143,-0.1519821733,-0.0433362834,-0.4282357395,0.0039298832,0.0075913700,-0.0133519769,0.0309790410,0.0958660543,-0.9950219393,0.0049590995,0.3051851094,4.5777764320,-0.8545182943,-0.3995483220,-0.8648945689,-0.2826013863,-0.3900265396,0.1201208532,-0.4890286028,0.0906199515,-0.1558851600,0.2246269882,-0.1726016402,0.7112810016,0.4979327023,-0.4653971195,0.3051851094,4.5777764320,-0.8545182943,-0.3995483220,-0.8648945689,-0.2826013863,-0.3900265396,0.1201208532,-0.4890286028,0.0906199515,-0.1558851600,0.2246269882,-0.1726016402,0.7112810016,0.4979327023,-0.4653971195,0.0000000000,0.0000000000,0.0000000000,0.0000000000,0.0000000000,0.0000000000,-0.8098391891,0.3208105862,-0.3535264134,0.9851725101,-0.1667632908,-0.0461918712,0.2728825510,0.6742306352,0.1502004117,-0.6697992682,
7026.684,0.1220740378,0.0610370189,0.9765923023,0.0657979101,0.0052491836,-1.0117496252,-0.1540574431,-0.0478530228,-0.4365367591,0.0031759813,0.0091647375,-0.0137194991,0.0309900939,0.0959254131,-0.9950158596,0.0049552121,-0.1220740378,3.8453321457,-0.8545182943,-0.3958860934,-0.8590350151,-0.2797937095,-0.3862422705,0.1225623339,-0.4836573303,0.0934946239,-0.1490049958,0.2267673314,-0.1726791263,0.7103716731,0.4988948107,-0.4657267332,-0.1220740378,3.8453321457,-0.8545182943,-0.3958860934,-0.8590350151,-0.2797937095,-0.3862422705,0.1225623339,-0.4836573303,0.0934946239,-0.1490049958,0.2267673314,-0.1726791263,0.7103716731,0.4988948107,-0.4657267332,0.0000000000,0.0000000000,0.0000000000,0.0000000000,0.0000000000,0.0000000000,-0.8125247955,0.3212988675,-0.3730582595,0.9851725101,-0.1667635143,-0.0461921096,0.2725630403,0.6743021607,0.1498786062,-0.6699294448,
7026.697,0.1831110567,0.0000000000,1.0376293659,0.0672627985,0.0035401471,-1.0105289221,-0.1566209942,-0.0433362834,-0.4326303899,0.0046225712,0.0074618938,-0.0124999881,0.0309989676,0.0959140435,-0.9950167537,0.0049588210,-0.3662221134,3.1128878593,-0.8545182943,-0.3956419528,-0.8561052084,-0.2756431699,-0.3881954551,0.1228064820,-0.4832911193,0.0930272341,-0.1450781226,0.2302059531,-0.1727056950,0.7094323635,0.4998736382,-0.4660988748,-0.3662221134,3.1128878593,-0.8545182943,-0.3956419528,-0.8561052084,-0.2756431699,-0.3881954551,0.1228064820,-0.4832911193,0.0930272341,-0.1450781226,0.2302059531,-0.1727056950,0.7094323635,0.4998736382,-0.4660988748,0.0000000000,0.0000000000,0.0000000000,0.0000000000,0.0000000000,0.0000000000,-0.8091067076,0.3222754598,-0.3711050749,0.9851726294,-0.1667637527,-0.0461924672,0.2722533047,0.6743714213,0.1495666653,-0.6700555086,
7026.710,0.1831110567,0.0000000000,0.9765923023,0.0661641285,0.0034180731,-1.0118716955,-0.1560106277,-0.0471205786,-0.4320200086,0.0035115331,0.0073459409,-0.0138435364,0.0310046226,0.0959586203,-0.9950121045,0.0049638539,-0.7324442267,1.3428144455,-0.9155552983,-0.3935666978,-0.8652607799,-0.2728354633,-0.3892941177,0.1197546348,-0.4829249084,0.0945237577,-0.1532443166,0.2321803868,-0.1726472676,0.7084161043,0.5008970499,-0.4665672183,-0.7324442267,1.3428144455,-0.9155552983,-0.3935666978,-0.8652607799,-0.2728354633,-0.3892941177,0.1197546348,-0.4829249084,0.0945237577,-0.1532443166,0.2321803868,-0.1726472676,0.7084161043,0.5008970499,-0.4665672183,0.0000000000,0.0000000000,0.0000000000,0.0000000000,0.0000000000,0.0000000000,-0.8103274703,0.3169042170,-0.3750114441,0.9851723909,-0.1667639315,-0.0461925268,0.2719208002,0.6744454503,0.1492318660,-0.6701905131,
7026.723,0.1831110567,-0.0610370189,1.0376293659,0.0649433881,0.0025635548,-1.0118716955,-0.1564989239,-0.0463881344,-0.4317758679,0.0022951066,0.0065024006,-0.0138433576,0.0310017969,0.0959867612,-0.9950096607,0.0049699871,-1.0986663103,0.0610370189,-1.0376293659,-0.3962523341,-0.8675801754,-0.2730796337,-0.3932004869,0.1220740378,-0.4836573303,0.0913661122,-0.1546045542,0.2310388088,-0.1725067794,0.7073454857,0.5019611120,-0.4670997560,-1.0986663103,0.0610370189,-1.0376293659,-0.3962523341,-0.8675801754,-0.2730796337,-0.3932004869,0.1220740378,-0.4836573303,0.0913661122,-0.1546045542,0.2310388088,-0.1725067794,0.7073454857,0.5019611120,-0.4670997560,0.0000000000,0.0000000000,0.0000000000,0.0000000000,0.0000000000,0.0000000000,-0.8125247955,0.3193456829,-0.3554795980,0.9851723313,-0.1667641401,-0.0461927652,0.2716261744,0.6745109558,0.1489351839,-0.6703100801,
7026.736,0.1220740378,-0.1220740378,0.9765923023,0.0651875362,0.0021973327,-1.0116275549,-0.1552781761,-0.0474868007,-0.4332407713,0.0025529191,0.0061376016,-0.0135983229,0.0309946723,0.0960374027,-0.9950048327,0.0049716164,-1.3428144455,-0.9155552983,-1.0986663103,-0.3993041813,-0.8701437712,-0.2764976919,-0.3900265396,0.1275673658,-0.4890286028,0.0879260004,-0.1562406421,0.2266830504,-0.1723150015,0.7062531710,0.5030310154,-0.4676720798,-1.3428144455,-0.9155552983,-1.0986663103,-0.3993041813,-0.8701437712,-0.2764976919,-0.3900265396,0.1275673658,-0.4890286028,0.0879260004,-0.1562406421,0.2266830504,-0.1723150015,0.7062531710,0.5030310154,-0.4676720798,0.0000000000,0.0000000000,0.0000000000,0.0000000000,0.0000000000,0.0000000000,-0.8108157516,0.3217871785,-0.3750114441,0.9851723313,-0.1667643785,-0.0461929440,0.2713123858,0.6745805740,0.1486192495,-0.6704372168,
7026.749,0.1220740378,-0.1220740378,0.9765923023,0.0648213178,0.0015869625,-1.0102847815,-0.1579638124,-0.0462660603,-0.4290902317,0.0022016540,0.0055316472,-0.0122546554,0.0309868716,0.0960647240,-0.9950023890,0.0049739457,-1.3428144455,-1.4038513899,-1.0376293659,-0.4113894999,-0.8709982634,-0.2819910347,-0.3921018243,0.1278115213,-0.4863429666,0.0755436718,-0.1562138200,0.2202256024,-0.1720689833,0.7051504254,0.5040977597,-0.4682776332,-1.3428144455,-1.4038513899,-1.0376293659,-0.4113894999,-0.8709982634,-0.2819910347,-0.3921018243,0.1278115213,-0.4863429666,0.0755436718,-0.1562138200,0.2202256024,-0.1720689833,0.7051504254,0.5040977597,-0.4682776332,0.0000000000,0.0000000000,0.0000000000,0.0000000000,0.0000000000,0.0000000000,-0.8122806549,0.3237403631,-0.3554795980,0.9851722717,-0.1667646021,-0.0461931825,0.2710357010,0.6746417880,0.1483406574,-0.6705492139,
7026.762,0.1220740378,-0.1220740378,0.9765923023,0.0640888736,0.0024414808,-1.0110172033,-0.1574755162,-0.0455336161,-0.4321421087,0.0014879182,0.0063863425,-0.0129858851,0.0309774466,0.0960833877,-0.9950008988,0.0049737128,-0.9155552983,-0.6103702188,-0.8545182943,-0.4122440219,-0.8692892194,-0.2826013863,-0.3906369209,0.1250038147,-0.4830469787,0.0743508041,-0.1536129117,0.2186725438,-0.1718711704,0.7040852904,0.5051180124,-0.4688532054,-0.9155552983,-0.6103702188,-0.8545182943,-0.4122440219,-0.8692892194,-0.2826013863,-0.3906369209,0.1250038147,-0.4830469787,0.0743508041,-0.1536129117,0.2186725438,-0.1718711704,0.7040852904,0.5051180124,-0.4688532054,0.0000000000,0.0000000000,0.0000000000,0.0000000000,0.0000000000,0.0000000000,-0.8091067076,0.3217871785,-0.3554795980,0.9851723313,-0.1667648405,-0.0461935401,0.2707557976,0.6747036576,0.1480588466,-0.6706624031,
7026.775,0.1220740378,-0.1220740378,0.9765923023,0.0638447255,0.0013428144,-1.0100406408,-0.1585741788,-0.0434583575,-0.4334849119,0.0012632832,0.0052932664,-0.0120081306,0.0309675112,0.0960718170,-0.9950023293,0.0049751955,-0.4882961512,0.4882961512,-0.6714072227,-0.4082155824,-0.8702658415,-0.2823572457,-0.3917355835,0.1242713705,-0.4842677116,0.0779511929,-0.1536709070,0.2180192769,-0.1717478931,0.7030673623,0.5060906410,-0.4693766236,-0.4882961512,0.4882961512,-0.6714072227,-0.4082155824,-0.8702658415,-0.2823572457,-0.3917355835,0.1242713705,-0.4842677116,0.0779511929,-0.1536709070,0.2180192769,-0.1717478931,0.7030673623,0.5060906410,-0.4693766236,0.0000000000,0.0000000000,0.0000000000,0.0000000000,0.0000000000,0.0000000000,-0.8117923737,0.3252052367,-0.3535264134,0.9851722717,-0.1667650789,-0.0461936593,0.2704901993,0.6747621894,0.1477914602,-0.6707696319,
7026.788,0.1220740378,-0.0610370189,0.9765923023,0.0633564293,0.0019531846,-1.0108951330,-0.1571092904,-0.0428479873,-0.4320200086,0.0007864386,0.0059061870,-0.0128619075,0.0309617557,0.0960570350,-0.9950039387,0.0049754530,0.1831110567,1.8311105967,-0.6103702188,-0.3941770792,-0.8674581051,-0.2815027237,-0.3892941177,0.1239051521,-0.4865871072,0.0914027095,-0.1498700976,0.2180202901,-0.1717495173,0.7021012902,0.5070094466,-0.4698303938,0.1831110567,1.8311105967,-0.6103702188,-0.3941770792,-0.8674581051,-0.2815027237,-0.3892941177,0.1239051521,-0.4865871072,0.0914027095,-0.1498700976,0.2180202901,-0.1717495173,0.7021012902,0.5070094466,-0.4698303938,0.0000000000,0.0000000000,0.0000000000,0.0000000000,0.0000000000,0.0000000000,-0.8108157516,0.3217871785,-0.3574327826,0.9851720333,-0.1667652875,-0.0461937189,0.2702086270,0.6748240590,0.1475080252,-0.6708831191,
7026.801,0.1220740378,-0.0610370189,0.9765923023,0.0633564293,0.0032959990,-1.0104068518,-0.1522263288,-0.0426038392,-0.4314096570,0.0007976666,0.0072448966,-0.0123729110,0.0309563708,0.0960537866,-0.9950045347,0.0049727666,0.2441480756,1.6479995251,-0.6714072227,-0.3886837363,-0.8667256832,-0.2828455567,-0.3886837363,0.1232947782,-0.4786522985,0.0962969661,-0.1481327415,0.2158144414,-0.1717469692,0.7011168003,0.5079453588,-0.4702903032,0.2441480756,1.6479995251,-0.6714072227,-0.3886837363,-0.8667256832,-0.2828455567,-0.3886837363,0.1232947782,-0.4786522985,0.0962969661,-0.1481327415,0.2158144414,-0.1717469692,0.7011168003,0.5079453588,-0.4702903032,0.0000000000,0.0000000000,0.0000000000,0.0000000000,0.0000000000,0.0000000000,-0.8105716109,0.3232520521,-0.3574327826,0.9851720929,-0.1667655259,-0.0461940765,0.2699335515,0.6748844981,0.1472311318,-0.6709939837,
7026.814,0.1831110567,-0.0610370189,0.9765923023,0.0637226477,0.0035401471,-1.0104068518,-0.1558885425,-0.0457777642,-0.4367808998,0.0011732876,0.0074943868,-0.0123723745,0.0309513044,0.0960796326,-0.9950020313,0.0049757785,0.1220740378,1.1597033739,-0.8545182943,-0.3878292143,-0.8667256832,-0.2832117677,-0.3928342462,0.1234168559,-0.4810937941,0.0965700448,-0.1471283436,0.2145644426,-0.1717197150,0.7001054883,0.5089042783,-0.4707698226,0.1220740378,1.1597033739,-0.8545182943,-0.3878292143,-0.8667256832,-0.2832117677,-0.3928342462,0.1234168559,-0.4810937941,0.0965700448,-0.1471283436,0.2145644426,-0.1717197150,0.7001054883,0.5089042783,-0.4707698226,0.0000000000,0.0000000000,0.0000000000,0.0000000000,0.0000000000,0.0000000000,-0.8093508482,0.3227637708,-0.3574327826,0.9851720333,-0.1667657346,-0.0461943150,0.2696588933,0.6749446392,0.1469547004,-0.6711044908,
7026.827,0.1220740378,0.0000000000,0.9765923023,0.0644550920,0.0021973327,-1.0104068518,-0.1562547684,-0.0439466536,-0.4343394339,0.0019008294,0.0061528888,-0.0123726726,0.0309536774,0.0960809439,-0.9950018525,0.0049767108,0.0000000000,0.0610370189,-1.0986663103,-0.3946653605,-0.8634296656,-0.2810144424,-0.3924680352,0.1214636713,-0.4865871072,0.0892537534,-0.1428392529,0.2157919407,-0.1716393083,0.6990538239,0.5098727345,-0.4713138640,0.0000000000,0.0610370189,-1.0986663103,-0.3946653605,-0.8634296656,-0.2810144424,-0.3924680352,0.1214636713,-0.4865871072,0.0892537534,-0.1428392529,0.2157919407,-0.1716393083,0.6990538239,0.5098727345,-0.4713138640,0.0000000000,0.0000000000,0.0000000000,0.0000000000,0.0000000000,0.0000000000,-0.8125247955,0.3212988675,-0.3593859673,0.9851720333,-0.1667659432,-0.0461944938,0.2693754435,0.6750066280,0.1466694623,-0.6712183952,
7026.840,0.1220740378,0.0000000000,0.9155552983,0.0643330216,0.0030518509,-1.0102847815,-0.1564989239,-0.0449232459,-0.4329966009,0.0017743856,0.0070038266,-0.0122508407,0.0309559312,0.0960997865,-0.9950000644,0.0049757245,0.1831110567,0.0610370189,-1.0986663103,-0.3986938000,-0.8630634546,-0.2797937095,-0.3903927803,0.1197546348,-0.4826807380,0.0847641826,-0.1414771080,0.2160155475,-0.1715613455,0.6980018020,0.5108242035,-0.4718708098,0.1831110567,0.0610370189,-1.0986663103,-0.3986938000,-0.8630634546,-0.2797937095,-0.3903927803,0.1197546348,-0.4826807380,0.0847641826,-0.1414771080,0.2160155475,-0.1715613455,0.6980018020,0.5108242035,-0.4718708098,0.0000000000,0.0000000000,0.0000000000,0.0000000000,0.0000000000,0.0000000000,-0.8103274703,0.3222754598,-0.3535264134,0.9851718545,-0.1667661369,-0.0461946130,0.2691074312,0.6750650406,0.1463997513,-0.6713259220,
7026.853,0.1831110567,0.0610370189,0.9765923023,0.0633564293,0.0031739250,-1.0119937658,-0.1522263288,-0.0432142094,-0.4318979383,0.0007882044,0.0071330601,-0.0139604211,0.0309603438,0.0961043686,-0.9949994087,0.0049798945,0.4882961512,0.3051851094,-0.9765923023,-0.4021118879,-0.8630634546,-0.2780846655,-0.3896603286,0.1201208532,-0.4831690490,0.0808959305,-0.1404752135,0.2167036533,-0.1715039760,0.6969656944,0.5117384195,-0.4724322557,0.4882961512,0.3051851094,-0.9765923023,-0.4021118879,-0.8630634546,-0.2780846655,-0.3896603286,0.1201208532,-0.4831690490,0.0808959305,-0.1404752135,0.2167036533,-0.1715039760,0.6969656944,0.5117384195,-0.4724322557,0.0000000000,0.0000000000,0.0000000000,0.0000000000,0.0000000000,0.0000000000,-0.8093508482,0.3232520521,-0.3574327826,0.9851720333,-0.1667663753,-0.0461950302,0.2688383758,0.6751236916,0.1461290121,-0.6714338660,
7026.866,0.1220740378,0.0610370189,0.9765923023,0.0644550920,0.0041505173,-1.0100406408,-0.1563768387,-0.0458998382,-0.4290902317,0.0018713102,0.0081012882,-0.0120082498,0.0309683606,0.0961316749,-0.9949964881,0.0049773301,1.3428144455,1.2817773819,-0.7934812307,-0.4036988318,-0.8587908745,-0.2761314809,-0.3906369209,0.1242713705,-0.4835352600,0.0788136423,-0.1351552010,0.2176088095,-0.1715264171,0.6959680915,0.5125835538,-0.4729783833,1.3428144455,1.2817773819,-0.7934812307,-0.4036988318,-0.8587908745,-0.2761314809,-0.3906369209,0.1242713705,-0.4835352600,0.0788136423,-0.1351552010,0.2176088095,-0.1715264171,0.6959680915,0.5125835538,-0.4729783833,0.0000000000,0.0000000000,0.0000000000,0.0000000000,0.0000000000,0.0000000000,-0.8108157516,0.3217871785,-0.3535264134,0.9851719141,-0.1667666137,-0.0461950898,0.2685709596,0.6751818061,0.1458599418,-0.6715409160,
7026.879,0.1220740378,0.0000000000,0.9155552983,0.0642109439,0.0039063692,-1.0112613440,-0.1569872200,-0.0440687276,-0.4298226833,0.0016238615,0.0078493832,-0.0132291317,0.0309703462,0.0961386114,-0.9949957728,0.0049738432,1.8311105967,2.0752587318,-0.6103702188,-0.4030884802,-0.8576921821,-0.2755210996,-0.3912473023,0.1240272224,-0.4857325852,0.0788848102,-0.1329886317,0.2171790004,-0.1716071963,0.6950090528,0.5133768320,-0.4734985828,1.8311105967,2.0752587318,-0.6103702188,-0.4030884802,-0.8576921821,-0.2755210996,-0.3912473023,0.1240272224,-0.4857325852,0.0788848102,-0.1329886317,0.2171790004,-0.1716071963,0.6950090528,0.5133768320,-0.4734985828,0.0000000000,0.0000000000,0.0000000000,0.0000000000,0.0000000000,0.0000000000,-0.8110598922,0.3247169554,-0.3535264134,0.9851717949,-0.1667668372,-0.0461953282,0.2683146298,0.6752373576,0.1456020325,-0.6716434360,
7026.892,0.1220740378,0.0000000000,0.9155552983,0.0646992400,0.0036622211,-1.0117496252,-0.1574755162,-0.0434583575,-0.4331187010,0.0021065995,0.0075987312,-0.0137177706,0.0309734382,0.0961354896,-0.9949961305,0.0049707750,2.1973326206,2.6245918274,-0.3662221134,-0.4047975242,-0.8612323403,-0.2768639326,-0.3939329088,0.1251258850,-0.4839015007,0.0766222179,-0.1354574561,0.2148000002,-0.1717166305,0.6940749288,0.5141355991,-0.4740057290,2.1973326206,2.6245918274,-0.3662221134,-0.4047975242,-0.8612323403,-0.2768639326,-0.3939329088,0.1251258850,-0.4839015007,0.0766222179,-0.1354574561,0.2148000002,-0.1717166305,0.6940749288,0.5141355991,-0.4740057290,0.0000000000,0.0000000000,0.0000000000,0.0000000000,0.0000000000,0.0000000000,-0.8108157516,0.3227637708,-0.3574327826,0.9851719141,-0.1667670906,-0.0461955667,0.2680467665,0.6752954125,0.1453325450,-0.6717504859,
7026.905,0.1220740378,0.0000000000,0.9155552983,0.0644550920,0.0039063692,-1.0113834143,-0.1579638124,-0.0429700613,-0.4356822371,0.0018580481,0.0078351963,-0.0133517981,0.0309760645,0.0961241350,-0.9949969649,0.0049668099,2.5635547638,3.4791100025,0.0610370189,-0.4078493714,-0.8608661294,-0.2807703018,-0.3901486397,0.1242713705,-0.4828028083,0.0730080605,-0.1340466738,0.2099002004,-0.1718628705,0.6932031512,0.5148281455,-0.4744764566,2.5635547638,3.4791100025,0.0610370189,-0.4078493714,-0.8608661294,-0.2807703018,-0.3901486397,0.1242713705,-0.4828028083,0.0730080605,-0.1340466738,0.2099002004,-0.1718628705,0.6932031512,0.5148281455,-0.4744764566,0.0000000000,0.0000000000,0.0000000000,0.0000000000,0.0000000000,0.0000000000,-0.8105716109,0.3237403631,-0.3554795980,0.9851716161,-0.1667672694,-0.0461956263,0.2677867413,0.6753515005,0.1450709701,-0.6718541980,
7026.918,0.1220740378,0.0000000000,0.9155552983,0.0659199804,0.0025635548,-1.0101627111,-0.1571092904,-0.0419934690,-0.4355601668,0.0033109263,0.0064913542,-0.0121318698,0.0309822038,0.0961026847,-0.9949989915,0.0049662087,3.1739249229,4.3946652412,0.4882961512,-0.4010132253,-0.8597674370,-0.2928556204,-0.3897823989,0.1243934482,-0.4820703864,0.0792212784,-0.1319060326,0.1968799233,-0.1720683277,0.6923910975,0.5154663920,-0.4748944342,3.1739249229,4.3946652412,0.4882961512,-0.4010132253,-0.8597674370,-0.2928556204,-0.3897823989,0.1243934482,-0.4820703864,0.0792212784,-0.1319060326,0.1968799233,-0.1720683277,0.6923910975,0.5154663920,-0.4748944342,0.0000000000,0.0000000000,0.0000000000,0.0000000000,0.0000000000,0.0000000000,-0.8098391891,0.3217871785,-0.3535264134,0.9851717353,-0.1667675674,-0.0461958647,0.2675250173,0.6754080057,0.1448076814,-0.6719585657,
7026.931,0.1220740378,0.0000000000,0.9765923023,0.0643330216,0.0030518509,-1.0111392736,-0.1539353579,-0.0433362834,-0.4359263778,0.0017201975,0.0069768964,-0.0131086111,0.0309842173,0.0961026326,-0.9949988723,0.0049650180,3.3570361137,4.7608876228,0.7324442267,-0.4013794363,-0.8666036129,-0.2718588710,-0.3935666978,0.1225623339,-0.4830469787,0.0782489479,-0.1376588345,0.2168585956,-0.1723078638,0.6915766597,0.5160655379,-0.4753433168,3.3570361137,4.7608876228,0.7324442267,-0.4013794363,-0.8666036129,-0.2718588710,-0.3935666978,0.1225623339,-0.4830469787,0.0782489479,-0.1376588345,0.2168585956,-0.1723078638,0.6915766597,0.5160655379,-0.4753433168,0.0000000000,0.0000000000,0.0000000000,0.0000000000,0.0000000000,0.0000000000,-0.8120365143,0.3212988675,-0.3593859673,0.9851716757,-0.1667677462,-0.0461959839,0.2672520578,0.6754667163,0.1445331424,-0.6720672250,
7026.944,0.1220740378,-0.0610370189,0.9765923023,0.0645771697,0.0023194067,-1.0105289221,-0.1558885425,-0.0413830988,-0.4311655164,0.0019698292,0.0062453216,-0.0124979615,0.0309815928,0.0960725248,-0.9950018525,0.0049642492,2.8687398434,4.6998505592,0.4882961512,-0.3973509967,-0.8664815426,-0.2797937095,-0.3889278769,0.1242713705,-0.4787743688,0.0816237628,-0.1364896297,0.2080013454,-0.1725249588,0.6907661557,0.5167037249,-0.4757495224,2.8687398434,4.6998505592,0.4882961512,-0.3973509967,-0.8664815426,-0.2797937095,-0.3889278769,0.1242713705,-0.4787743688,0.0816237628,-0.1364896297,0.2080013454,-0.1725249588,0.6907661557,0.5167037249,-0.4757495224,0.0000000000,0.0000000000,0.0000000000,0.0000000000,0.0000000000,0.0000000000,-0.8108157516,0.3222754598,-0.3554795980,0.9851715565,-0.1667679697,-0.0461962819,0.2669907212,0.6755228043,0.1442703009,-0.6721711755,
7026.957,0.1220740378,0.0000000000,0.9765923023,0.0640888736,0.0018311106,-1.0101627111,-0.1545457393,-0.0399182104,-0.4289681613,0.0014786422,0.0057602986,-0.0121319294,0.0309830997,0.0960275829,-0.9950061440,0.0049646189,2.8687398434,4.5777764320,0.6103702188,-0.4001587033,-0.8677022457,-0.2815027237,-0.3883175254,0.1209753752,-0.4839015007,0.0781990886,-0.1366875172,0.2053657174,-0.1727323383,0.6899697185,0.5173192620,-0.4761610031,2.8687398434,4.5777764320,0.6103702188,-0.4001587033,-0.8677022457,-0.2815027237,-0.3883175254,0.1209753752,-0.4839015007,0.0781990886,-0.1366875172,0.2053657174,-0.1727323383,0.6899697185,0.5173192620,-0.4761610031,0.0000000000,0.0000000000,0.0000000000,0.0000000000,0.0000000000,0.0000000000,-0.8093508482,0.3212988675,-0.3554795980,0.9851716161,-0.1667682230,-0.0461966395,0.2667283118,0.6755790710,0.1440063715,-0.6722754836,
7026.970,0.1220740378,0.0000000000,0.9765923023,0.0654316843,0.0030518509,-1.0116275549,-0.1547898799,-0.0421155430,-0.4307992756,0.0028124303,0.0069782864,-0.0135973096,0.0309878122,0.0960106403,-0.9950076342,0.0049631554,2.7466659546,4.2115545273,0.7324442267,-0.4001587033,-0.8692892194,-0.2824793160,-0.3913693726,0.1220740378,-0.4818262160,0.0776284337,-0.1372783780,0.2034525871,-0.1729024947,0.6891605258,0.5179450512,-0.4765907824,2.7466659546,4.2115545273,0.7324442267,-0.4001587033,-0.8692892194,-0.2824793160,-0.3913693726,0.1220740378,-0.4818262160,0.0776284337,-0.1372783780,0.2034525871,-0.1729024947,0.6891605258,0.5179450512,-0.4765907824,0.0000000000,0.0000000000,0.0000000000,0.0000000000,0.0000000000,0.0000000000,-0.8117923737,0.3232520521,-0.3574327826,0.9851715565,-0.1667684317,-0.0461968184,0.2664690316,0.6756345034,0.1437456310,-0.6723783612,
7026.983,0.1220740378,0.0000000000,0.9765923023,0.0636005774,0.0034180731,-1.0116275549,-0.1547898799,-0.0452894680,-0.4318979383,0.0009813458,0.0073399623,-0.0135973096,0.0309878979,0.0960348621,-0.9950053096,0.0049616452,2.5635547638,3.8453321457,1.0986663103,-0.3996703923,-0.8708761930,-0.2815027237,-0.3873409331,0.1236610040,-0.4801172018,0.0776232183,-0.1379164457,0.2034831941,-0.1730347872,0.6883599758,0.5185524821,-0.4770388007,2.5635547638,3.8453321457,1.0986663103,-0.3996703923,-0.8708761930,-0.2815027237,-0.3873409331,0.1236610040,-0.4801172018,0.0776232183,-0.1379164457,0.2034831941,-0.1730347872,0.6883599758,0.5185524821,-0.4770388007,0.0000000000,0.0000000000,0.0000000000,0.0000000000,0.0000000000,0.0000000000,-0.8110598922,0.3242286444,-0.3554795980,0.9851713181,-0.1667686254,-0.0461968184,0.2662178874,0.6756880283,0.1434931010,-0.6724778414,
7026.996,0.1831110567,-0.0610370189,0.9765923023,0.0639667958,0.0029297769,-1.0110172033,-0.1534470618,-0.0441908017,-0.4343394339,0.0013562366,0.0068601794,-0.0129864216,0.0309831016,0.0960483924,-0.9950041175,0.0049658874,2.5025177002,3.7842950821,1.2817773819,-0.3995483220,-0.8696554303,-0.2816247940,-0.3892941177,0.1158482656,-0.4809717238,0.0772840679,-0.1357751489,0.2024223506,-0.1731495708,0.6875690818,0.5191489458,-0.4774889052,2.5025177002,3.7842950821,1.2817773819,-0.3995483220,-0.8696554303,-0.2816247940,-0.3892941177,0.1158482656,-0.4809717238,0.0772840679,-0.1357751489,0.2024223506,-0.1731495708,0.6875690818,0.5191489458,-0.4774889052,0.0000000000,0.0000000000,0.0000000000,0.0000000000,0.0000000000,0.0000000000,-0.8103274703,0.3212988675,-0.3535264134,0.9851714373,-0.1667688638,-0.0461971760,0.2659616768,0.6757426858,0.1432354748,-0.6725793481,
7027.009,0.1831110567,-0.0610370189,0.9765923023,0.0639667958,0.0035401471,-1.0113834143,-0.1549119502,-0.0438245796,-0.4333628416,0.0013649613,0.0074760108,-0.0133520961,0.0309784655,0.0960528925,-0.9950039387,0.0049683251,2.5025177002,3.8453321457,1.4038513899,-0.3985717297,-0.8705099821,-0.2823572457,-0.3890499473,0.1167027801,-0.4863429666,0.0778061748,-0.1357234716,0.2007621527,-0.1732693166,0.6867964268,0.5197246671,-0.4779309928,2.5025177002,3.8453321457,1.4038513899,-0.3985717297,-0.8705099821,-0.2823572457,-0.3890499473,0.1167027801,-0.4863429666,0.0778061748,-0.1357234716,0.2007621527,-0.1732693166,0.6867964268,0.5197246671,-0.4779309928,0.0000000000,0.0000000000,0.0000000000,0.0000000000,0.0000000000,0.0000000000,-0.8122806549,0.3217871785,-0.3574327826,0.9851711988,-0.1667690575,-0.0461971760,0.2657007575,0.6757981181,0.1429731548,-0.6726824641,
7027.022,0.1220740378,0.0000000000,1.0376293659,0.0639667958,0.0035401471,-1.0117496252,-0.1578417271,-0.0437025055,-0.4315317273,0.0013631880,0.0074714795,-0.0137183666,0.0309796240,0.0960420296,-0.9950048923,0.0049658171,2.0752587318,3.5401470661,1.4648884535,-0.3912473023,-0.8738059402,-0.2845545709,-0.3885616660,0.1181676686,-0.4821924567,0.0846753418,-0.1381443143,0.1976811886,-0.1733548492,0.6860146523,0.5203315616,-0.4783619940,2.0752587318,3.5401470661,1.4648884535,-0.3912473023,-0.8738059402,-0.2845545709,-0.3885616660,0.1181676686,-0.4821924567,0.0846753418,-0.1381443143,0.1976811886,-0.1733548492,0.6860146523,0.5203315616,-0.4783619940,0.0000000000,0.0000000000,0.0000000000,0.0000000000,0.0000000000,0.0000000000,-0.8120365143,0.3169042170,-0.3535264134,0.9851713181,-0.1667693257,-0.0461975336,0.2654308081,0.6758554578,0.1427017599,-0.6727891564,
7027.035,0.1220740378,-0.0610370189,0.9765923023,0.0644550920,0.0026856288,-1.0113834143,-0.1530808508,-0.0438245796,-0.4323862493,0.0018577874,0.0066160006,-0.0133517981,0.0309764780,0.0960521102,-0.9950039983,0.0049653486,1.8311105967,2.9908139706,1.4648884535,-0.3880733550,-0.8747825623,-0.2852870226,-0.3894161880,0.1202429309,-0.4831690490,0.0874277651,-0.1382651925,0.1960581541,-0.1734048724,0.6852148175,0.5209572911,-0.4788090885,1.8311105967,2.9908139706,1.4648884535,-0.3880733550,-0.8747825623,-0.2852870226,-0.3894161880,0.1202429309,-0.4831690490,0.0874277651,-0.1382651925,0.1960581541,-0.1734048724,0.6852148175,0.5209572911,-0.4788090885,0.0000000000,0.0000000000,0.0000000000,0.0000000000,0.0000000000,0.0000000000,-0.8108157516,0.3193456829,-0.3535264134,0.9851711392,-0.1667694896,-0.0461975336,0.2651712894,0.6759103537,0.1424409002,-0.6728914976,
7027.048,0.1220740378,-0.0610370189,0.9765923023,0.0642109439,0.0023194067,-1.0104068518,-0.1543015838,-0.0446790978,-0.4334849119,0.0016208068,0.0062506190,-0.0123747587,0.0309727788,0.0960692689,-0.9950024486,0.0049659559,1.4648884535,2.3194067478,1.3428144455,-0.3880733550,-0.8747825623,-0.2849208117,-0.3828241825,0.1160924137,-0.4819483161,0.0870490968,-0.1374350190,0.1955268085,-0.1734155864,0.6843991876,0.5215982199,-0.4792736471,1.4648884535,2.3194067478,1.3428144455,-0.3880733550,-0.8747825623,-0.2849208117,-0.3828241825,0.1160924137,-0.4819483161,0.0870490968,-0.1374350190,0.1955268085,-0.1734155864,0.6843991876,0.5215982199,-0.4792736471,0.0000000000,0.0000000000,0.0000000000,0.0000000000,0.0000000000,0.0000000000,-0.8110598922,0.3193456829,-0.3593859673,0.9851711988,-0.1667697579,-0.0461978912,0.2649036050,0.6759669781,0.1421718150,-0.6729970574,
7027.061,0.1220740378,-0.0610370189,0.9765923023,0.0640888736,0.0021973327,-1.0099185705,-0.1540574431,-0.0419934690,-0.4309213459,0.0015063211,0.0061299768,-0.0118860006,0.0309690144,0.0960526019,-0.9950041771,0.0049657845,0.9155552983,1.2817773819,1.2207404375,-0.3912473023,-0.8755149841,-0.2832117677,-0.3888058066,0.1182897463,-0.4826807380,0.0835829079,-0.1373803020,0.1963158250,-0.1733385772,0.6835362911,0.5222883821,-0.4797811508,0.9155552983,1.2817773819,1.2207404375,-0.3912473023,-0.8755149841,-0.2832117677,-0.3888058066,0.1182897463,-0.4826807380,0.0835829079,-0.1373803020,0.1963158250,-0.1733385772,0.6835362911,0.5222883821,-0.4797811508,0.0000000000,0.0000000000,0.0000000000,0.0000000000,0.0000000000,0.0000000000,-0.8095950484,0.3232520521,-0.3574327826,0.9851712584,-0.1667699963,-0.0461982489,0.2646545172,0.6760195494,0.1419214308,-0.6730951667,
7027.074,0.1831110567,0.0000000000,0.9765923023,0.0642109439,0.0029297769,-1.0116275549,-0.1541795135,-0.0412610248,-0.4255501032,0.0016252324,0.0068708812,-0.0135952830,0.0309703071,0.0960274935,-0.9950065613,0.0049693673,0.6714072227,0.9155552983,1.0986663103,-0.3916135132,-0.8744163513,-0.2834559083,-0.3884395957,0.1184118167,-0.4846339226,0.0829432607,-0.1355128288,0.1951580048,-0.1732357442,0.6826636195,0.5229920745,-0.4802941084,0.6714072227,0.9155552983,1.0986663103,-0.3916135132,-0.8744163513,-0.2834559083,-0.3884395957,0.1184118167,-0.4846339226,0.0829432607,-0.1355128288,0.1951580048,-0.1732357442,0.6826636195,0.5229920745,-0.4802941084,0.0000000000,0.0000000000,0.0000000000,0.0000000000,0.0000000000,0.0000000000,-0.8125247955,0.3183690906,-0.3554795980,0.9851711988,-0.1667702347,-0.0461983681,0.2643911541,0.6760749817,0.1416567415,-0.6731987000,
7027.087,0.1220740378,0.0000000000,0.9155552983,0.0637226477,0.0034180731,-1.0118716955,-0.1541795135,-0.0440687276,-0.4320200086,0.0011362284,0.0073538893,-0.0138394237,0.0309708361,0.0960428715,-0.9950050712,0.0049672471,0.4882961512,0.5493331552,0.9765923023,-0.3916135132,-0.8729514480,-0.2834559083,-0.3844111562,0.1208532974,-0.4823145270,0.0826876462,-0.1332915425,0.1942425966,-0.1731110811,0.6817797422,0.5237070322,-0.4808152318,0.4882961512,0.5493331552,0.9765923023,-0.3916135132,-0.8729514480,-0.2834559083,-0.3844111562,0.1208532974,-0.4823145270,0.0826876462,-0.1332915425,0.1942425966,-0.1731110811,0.6817797422,0.5237070322,-0.4808152318,0.0000000000,0.0000000000,0.0000000000,0.0000000000,0.0000000000,0.0000000000,-0.8110598922,0.3164159060,-0.3574327826,0.9851710796,-0.1667704284,-0.0461984873,0.2641202211,0.6761319041,0.1413844824,-0.6733050942,
7027.100,0.1220740378,0.0000000000,0.9765923023,0.0649433881,0.0029297769,-1.0113834143,-0.1517380327,-0.0437025055,-0.4345835745,0.0023501515,0.0068634022,-0.0133515596,0.0309742782,0.0960549265,-0.9950038195,0.0049668602,0.3051851094,0.1831110567,0.9155552983,-0.3951536715,-0.8719748259,-0.2812585831,-0.3845332265,0.1195104867,-0.4821924567,0.0789332092,-0.1315779686,0.1955106258,-0.1729554385,0.6808837652,0.5244285464,-0.4813541472,0.3051851094,0.1831110567,0.9155552983,-0.3951536715,-0.8719748259,-0.2812585831,-0.3845332265,0.1195104867,-0.4821924567,0.0789332092,-0.1315779686,0.1955106258,-0.1729554385,0.6808837652,0.5244285464,-0.4813541472,0.0000000000,0.0000000000,0.0000000000,0.0000000000,0.0000000000,0.0000000000,-0.8113040328,0.3208105862,-0.3535264134,0.9851709604,-0.1667706966,-0.0461986065,0.2638717294,0.6761839986,0.1411347538,-0.6734025478,
7027.113,0.1220740378,0.0000000000,0.9765923023,0.0645771697,0.0037842952,-1.0118716955,-0.1563768387,-0.0458998382,-0.4314096570,0.0019791052,0.0077115325,-0.0138401389,0.0309768561,0.0960820168,-0.9950011373,0.0049647558,0.0000000000,-0.2441480756,0.8545182943,-0.3953978121,-0.8706320524,-0.2807703018,-0.3873409331,0.1185338944,-0.4813379347,0.0785064399,-0.1295249462,0.1950764656,-0.1727577150,0.6799696684,0.5251743197,-0.4819039106,0.0000000000,-0.2441480756,0.8545182943,-0.3953978121,-0.8706320524,-0.2807703018,-0.3873409331,0.1185338944,-0.4813379347,0.0785064399,-0.1295249462,0.1950764656,-0.1727577150,0.6799696684,0.5251743197,-0.4819039106,0.0000000000,0.0000000000,0.0000000000,0.0000000000,0.0000000000,0.0000000000,-0.8122806549,0.3188574016,-0.3535264134,0.9851710796,-0.1667709500,-0.0461989045,0.2636170983,0.6762373447,0.1408788711,-0.6735023856,
7027.126,0.1220740378,-0.0610370189,0.9765923023,0.0645771697,0.0029297769,-1.0104068518,-0.1564989239,-0.0410168767,-0.4283578098,0.0019844845,0.0068548522,-0.0123749375,0.0309744608,0.0960462168,-0.9950045943,0.0049623060,-0.0610370189,-0.3662221134,0.7934812307,-0.3958860934,-0.8708761930,-0.2812585831,-0.3886837363,0.1192663386,-0.4863429666,0.0778391063,-0.1290649772,0.1936688721,-0.1725563109,0.6790570021,0.5259169340,-0.4824526906,-0.0610370189,-0.3662221134,0.7934812307,-0.3958860934,-0.8708761930,-0.2812585831,-0.3886837363,0.1192663386,-0.4863429666,0.0778391063,-0.1290649772,0.1936688721,-0.1725563109,0.6790570021,0.5259169340,-0.4824526906,0.0000000000,0.0000000000,0.0000000000,0.0000000000,0.0000000000,0.0000000000,-0.8115482330,0.3188574016,-0.3593859673,0.9851708412,-0.1667711586,-0.0461987853,0.2633548081,0.6762920618,0.1406153440,-0.6736049652,
7027.139,0.1220740378,-0.0610370189,0.9765923023,0.0638447255,0.0039063692,-1.0110172033,-0.1530808508,-0.0422376171,-0.4322641790,0.0012611598,0.0078244787,-0.0129846931,0.0309702996,0.0960356072,-0.9950059056,0.0049580676,-0.2441480756,-0.5493331552,0.7324442267,-0.3953978121,-0.8702658415,-0.2808923721,-0.3889278769,0.1197546348,-0.4845118523,0.0781553090,-0.1277641654,0.1931274831,-0.1723358184,0.6781367660,0.5266724825,-0.4830015004,-0.2441480756,-0.5493331552,0.7324442267,-0.3953978121,-0.8702658415,-0.2808923721,-0.3889278769,0.1197546348,-0.4845118523,0.0781553090,-0.1277641654,0.1931274831,-0.1723358184,0.6781367660,0.5266724825,-0.4830015004,0.0000000000,0.0000000000,0.0000000000,0.0000000000,0.0000000000,0.0000000000,-0.8117923737,0.3208105862,-0.3574327826,0.9851709604,-0.1667714268,-0.0461991429,0.2631034255,0.6763445139,0.1403627545,-0.6737033129,
7027.152,0.1220740378,0.0000000000,1.0376293659,0.0651875362,0.0042725913,-1.0108951330,-0.1532029212,-0.0410168767,-0.4306772053,0.0025958493,0.0081826244,-0.0128630996,0.0309749003,0.0960036814,-0.9950087070,0.0049534454,-0.4272591472,-0.6103702188,0.6103702188,-0.3964964747,-0.8712424040,-0.2805261314,-0.3908810616,0.1162144840,-0.4830469787,0.0768770874,-0.1280597448,0.1926053464,-0.1721019000,0.6772093773,0.5274434090,-0.4835444093,-0.4272591472,-0.6103702188,0.6103702188,-0.3964964747,-0.8712424040,-0.2805261314,-0.3908810616,0.1162144840,-0.4830469787,0.0768770874,-0.1280597448,0.1926053464,-0.1721019000,0.6772093773,0.5274434090,-0.4835444093,0.0000000000,0.0000000000,0.0000000000,0.0000000000,0.0000000000,0.0000000000,-0.8088625669,0.3217871785,-0.3535264134,0.9851708412,-0.1667716503,-0.0461993217,0.2628647685,0.6763941646,0.1401229650,-0.6737965345,
7027.165,0.1831110567,0.0000000000,0.9765923023,0.0637226477,0.0024414808,-1.0111392736,-0.1562547684,-0.0434583575,-0.4304330647,0.0011300594,0.0063624959,-0.0131072998,0.0309748296,0.0960003883,-0.9950092435,0.0049588517,-0.4272591472,-0.6103702188,0.4882961512,-0.3932004869,-0.8707541227,-0.2815027237,-0.3878292143,0.1195104867,-0.4892727435,0.0799646080,-0.1268805265,0.1907511652,-0.1718893796,0.6762923002,0.5282036662,-0.4840734303,-0.4272591472,-0.6103702188,0.4882961512,-0.3932004869,-0.8707541227,-0.2815027237,-0.3878292143,0.1195104867,-0.4892727435,0.0799646080,-0.1268805265,0.1907511652,-0.1718893796,0.6762923002,0.5282036662,-0.4840734303,0.0000000000,0.0000000000,0.0000000000,0.0000000000,0.0000000000,0.0000000000,-0.8110598922,0.3208105862,-0.3593859673,0.9851706028,-0.1667718887,-0.0461992025,0.2626130581,0.6764463782,0.1398701072,-0.6738946438,
7027.178,0.1831110567,-0.0610370189,0.9765923023,0.0640888736,0.0035401471,-1.0112613440,-0.1545457393,-0.0457777642,-0.4320200086,0.0015043169,0.0074666636,-0.0132288933,0.0309704114,0.0960319713,-0.9950061440,0.0049621887,-0.6103702188,-0.6103702188,0.3662221134,-0.3941770792,-0.8705099821,-0.2818689644,-0.3896603286,0.1192663386,-0.4890286028,0.0787677467,-0.1259579062,0.1895359457,-0.1716659218,0.6753732562,0.5289770365,-0.4845909178,-0.6103702188,-0.6103702188,0.3662221134,-0.3941770792,-0.8705099821,-0.2818689644,-0.3896603286,0.1192663386,-0.4890286028,0.0787677467,-0.1259579062,0.1895359457,-0.1716659218,0.6753732562,0.5289770365,-0.4845909178,0.0000000000,0.0000000000,0.0000000000,0.0000000000,0.0000000000,0.0000000000,-0.8110598922,0.3232520521,-0.3535264134,0.9851707220,-0.1667721272,-0.0461996198,0.2623803616,0.6764946580,0.1396363229,-0.6739854217,
7027.191,0.1220740378,0.0000000000,0.9765923023,0.0645771697,0.0030518509,-1.0106509924,-0.1556444019,-0.0419934690,-0.4304330647,0.0019873455,0.0069756089,-0.0126188993,0.0309732705,0.0960110947,-0.9950081706,0.0049604182,-0.7934812307,-0.7324442267,0.1220740378,-0.3944212198,-0.8711203337,-0.2839442194,-0.3874630034,0.1168248579,-0.4878078699,0.0782802105,-0.1258924007,0.1866367459,-0.1714372188,0.6744481921,0.5297674537,-0.4850966930,-0.7934812307,-0.7324442267,0.1220740378,-0.3944212198,-0.8711203337,-0.2839442194,-0.3874630034,0.1168248579,-0.4878078699,0.0782802105,-0.1258924007,0.1866367459,-0.1714372188,0.6744481921,0.5297674537,-0.4850966930,0.0000000000,0.0000000000,0.0000000000,0.0000000000,0.0000000000,0.0000000000,-0.8110598922,0.3203222752,-0.3535264134,0.9851707220,-0.1667723656,-0.0461998582,0.2621387243,0.6765446663,0.1393935978,-0.6740795374,
7027.204,0.1831110567,0.0000000000,0.9765923023,0.0645771697,0.0032959990,-1.0102847815,-0.1546678096,-0.0450453199,-0.4279915690,0.0019820035,0.0072264355,-0.0122530460,0.0309755001,0.0960336849,-0.9950058460,0.0049647042,-0.8545182943,-0.6714072227,0.0000000000,-0.3945432901,-0.8702658415,-0.2830896974,-0.3877071440,0.1185338944,-0.4863429666,0.0778968632,-0.1243612170,0.1866811216,-0.1712100208,0.6735211015,0.5305638909,-0.4855941832,-0.8545182943,-0.6714072227,0.0000000000,-0.3945432901,-0.8702658415,-0.2830896974,-0.3877071440,0.1185338944,-0.4863429666,0.0778968632,-0.1243612170,0.1866811216,-0.1712100208,0.6735211015,0.5305638909,-0.4855941832,0.0000000000,0.0000000000,0.0000000000,0.0000000000,0.0000000000,0.0000000000,-0.8100833297,0.3208105862,-0.3730582595,0.9851704836,-0.1667725593,-0.0461997986,0.2618701160,0.6766000390,0.1391238421,-0.6741839051,
7027.217,0.1220740378,0.0000000000,0.9765923023,0.0633564293,0.0026856288,-1.0105289221,-0.1533249915,-0.0417493209,-0.4275032878,0.0007620379,0.0066150953,-0.0124971271,0.0309752468,0.0960169435,-0.9950074553,0.0049636629,-0.7934812307,-0.5493331552,-0.1220740378,-0.3932004869,-0.8714865446,-0.2829676270,-0.3875850737,0.1201208532,-0.4869533479,0.0789461434,-0.1248892546,0.1859979033,-0.1710015833,0.6725952625,0.5313584805,-0.4860819876,-0.7934812307,-0.5493331552,-0.1220740378,-0.3932004869,-0.8714865446,-0.2829676270,-0.3875850737,0.1201208532,-0.4869533479,0.0789461434,-0.1248892546,0.1859979033,-0.1710015833,0.6725952625,0.5313584805,-0.4860819876,0.0000000000,0.0000000000,0.0000000000,0.0000000000,0.0000000000,0.0000000000,-0.8095950484,0.3193456829,-0.3554795980,0.9851707816,-0.1667728424,-0.0462003946,0.2616254389,0.6766505837,0.1388780624,-0.6742790937,
7027.230,0.1220740378,-0.0610370189,0.9765923023,0.0632343516,0.0034180731,-1.0107730627,-0.1524704695,-0.0437025055,-0.4306772053,0.0006520227,0.0073429598,-0.0127404928,0.0309693981,0.0960279331,-0.9950066805,0.0049611432,-0.7934812307,-0.7324442267,-0.2441480756,-0.3916135132,-0.8718527555,-0.2813806534,-0.3885616660,0.1186559647,-0.4815820754,0.0802337825,-0.1245502234,0.1867623031,-0.1707859784,0.6716476679,0.5321693420,-0.4865805805,-0.7934812307,-0.7324442267,-0.2441480756,-0.3916135132,-0.8718527555,-0.2813806534,-0.3885616660,0.1186559647,-0.4815820754,0.0802337825,-0.1245502234,0.1867623031,-0.1707859784,0.6716476679,0.5321693420,-0.4865805805,0.0000000000,0.0000000000,0.0000000000,0.0000000000,0.0000000000,0.0000000000,-0.8098391891,0.3193456829,-0.3535264134,0.9851704836,-0.1667730659,-0.0462002158,0.2613848150,0.6766999960,0.1386364251,-0.6743723750,
7027.243,0.1220740378,0.0000000000,0.9765923023,0.0638447255,0.0036622211,-1.0116275549,-0.1550340354,-0.0415051728,-0.4279915690,0.0012610406,0.0075813564,-0.0135950446,0.0309704747,0.0960030556,-0.9950090051,0.0049575712,-0.8545182943,-1.0986663103,-0.3662221134,-0.3917355835,-0.8712424040,-0.2827234864,-0.3905148506,0.1180455983,-0.4791406095,0.0798272192,-0.1232376099,0.1845842898,-0.1705471277,0.6706782579,0.5329989195,-0.4870932102,-0.8545182943,-1.0986663103,-0.3662221134,-0.3917355835,-0.8712424040,-0.2827234864,-0.3905148506,0.1180455983,-0.4791406095,0.0798272192,-0.1232376099,0.1845842898,-0.1705471277,0.6706782579,0.5329989195,-0.4870932102,0.0000000000,0.0000000000,0.0000000000,0.0000000000,0.0000000000,0.0000000000,-0.8098391891,0.3198339939,-0.3535264134,0.9851704836,-0.1667732894,-0.0462005138,0.2611470819,0.6767488122,0.1383976787,-0.6744645834,
7027.256,0.1220740378,0.0000000000,0.9765923023,0.0628681332,0.0035401471,-1.0115054846,-0.1541795135,-0.0386974700,-0.4342173636,0.0002878681,0.0074541583,-0.0134727359,0.0309693217,0.0959423929,-0.9950148463,0.0049529676,-1.0986663103,-1.6479995251,-0.4272591472,-0.3923459649,-0.8708761930,-0.2838221490,-0.3873409331,0.1146275252,-0.4850001633,0.0789715648,-0.1221922040,0.1826450527,-0.1702817976,0.6697053909,0.5338273048,-0.4876171649,-1.0986663103,-1.6479995251,-0.4272591472,-0.3923459649,-0.8708761930,-0.2838221490,-0.3873409331,0.1146275252,-0.4850001633,0.0789715648,-0.1221922040,0.1826450527,-0.1702817976,0.6697053909,0.5338273048,-0.4876171649,0.0000000000,0.0000000000,0.0000000000,0.0000000000,0.0000000000,0.0000000000,-0.8113040328,0.3212988675,-0.3750114441,0.9851704836,-0.1667735130,-0.0462006927,0.2608811855,0.6768032908,0.1381307095,-0.6745675206,
7027.269,0.1220740378,0.0000000000,0.9765923023,0.0639667958,0.0036622211,-1.0111392736,-0.1529587656,-0.0412610248,-0.4297006130,0.0013843998,0.0075705275,-0.0131066442,0.0309707634,0.0959203988,-0.9950169325,0.0049495450,-1.4648884535,-2.3804438114,-0.3051851094,-0.3995483220,-0.8658711314,-0.2808923721,-0.3866084814,0.1199987829,-0.4835352600,0.0716395080,-0.1165688038,0.1847127974,-0.1699391007,0.6687180400,0.5346607566,-0.4881783724,-1.4648884535,-2.3804438114,-0.3051851094,-0.3995483220,-0.8658711314,-0.2808923721,-0.3866084814,0.1199987829,-0.4835352600,0.0716395080,-0.1165688038,0.1847127974,-0.1699391007,0.6687180400,0.5346607566,-0.4881783724,0.0000000000,0.0000000000,0.0000000000,0.0000000000,0.0000000000,0.0000000000,-0.8100833297,0.3198339939,-0.3750114441,0.9851703644,-0.1667737216,-0.0462006927,0.2606124580,0.6768582463,0.1378609389,-0.6746714115,
7027.282,0.1220740378,0.0000000000,0.9765923023,0.0626239851,0.0030518509,-1.0102847815,-0.1575975865,-0.0423596911,-0.4284798801,0.0000458062,0.0069574821,-0.0122518539,0.0309688896,0.0958997980,-0.9950191379,0.0049473681,-1.2817773819,-2.0752587318,-0.1220740378,-0.4040650725,-0.8625751734,-0.2791833282,-0.3874630034,0.1163365617,-0.4868312776,0.0670168698,-0.1126696467,0.1855574548,-0.1696077734,0.6677595973,0.5354538560,-0.4887359142,-1.2817773819,-2.0752587318,-0.1220740378,-0.4040650725,-0.8625751734,-0.2791833282,-0.3874630034,0.1163365617,-0.4868312776,0.0670168698,-0.1126696467,0.1855574548,-0.1696077734,0.6677595973,0.5354538560,-0.4887359142,0.0000000000,0.0000000000,0.0000000000,0.0000000000,0.0000000000,0.0000000000,-0.8120365143,0.3212988675,-0.3535264134,0.9851705432,-0.1667740047,-0.0462011695,0.2603820860,0.6769053340,0.1376295984,-0.6747605205,
7027.295,0.1220740378,0.0000000000,0.9765923023,0.0639667958,0.0031739250,-1.0107730627,-0.1529587656,-0.0416272469,-0.4317758679,0.0013863891,0.0070762970,-0.0127403140,0.0309702475,0.0958823636,-0.9950206280,0.0049453112,-0.9765923023,-1.3428144455,-0.0610370189,-0.4054078758,-0.8604999185,-0.2773522139,-0.3905148506,0.1193884090,-0.4828028083,0.0655270219,-0.1099774837,0.1865415871,-0.1693129539,0.6668231487,0.5362250209,-0.4892711043,-0.9765923023,-1.3428144455,-0.0610370189,-0.4054078758,-0.8604999185,-0.2773522139,-0.3905148506,0.1193884090,-0.4828028083,0.0655270219,-0.1099774837,0.1865415871,-0.1693129539,0.6668231487,0.5362250209,-0.4892711043,0.0000000000,0.0000000000,0.0000000000,0.0000000000,0.0000000000,0.0000000000,-0.8122806549,0.3188574016,-0.3574327826,0.9851703048,-0.1667741984,-0.0462012291,0.2601379156,0.6769549847,0.1373844743,-0.6748546958,
7027.308,0.1831110567,0.0000000000,0.9765923023,0.0642109439,0.0028077029,-1.0100406408,-0.1540574431,-0.0399182104,-0.4276253581,0.0016268492,0.0067192689,-0.0120081306,0.0309718475,0.0958404541,-0.9950247407,0.0049487604,-0.1220740378,0.1831110567,0.1220740378,-0.4017456472,-0.8613544106,-0.2734458447,-0.3924680352,0.1178014502,-0.4846339226,0.0689304471,-0.1101484895,0.1896038353,-0.1691414565,0.6659444571,0.5369228721,-0.4897615016,-0.1220740378,0.1831110567,0.1220740378,-0.4017456472,-0.8613544106,-0.2734458447,-0.3924680352,0.1178014502,-0.4846339226,0.0689304471,-0.1101484895,0.1896038353,-0.1691414565,0.6659444571,0.5369228721,-0.4897615016,0.0000000000,0.0000000000,0.0000000000,0.0000000000,0.0000000000,0.0000000000,-0.8100833297,0.3217871785,-0.3554795980,0.9851701856,-0.1667744070,-0.0462013483,0.2599095702,0.6770013571,0.1371552199,-0.6749427319,
7027.321,0.1220740378,0.0000000000,0.9765923023,0.0638447255,0.0030518509,-1.0115054846,-0.1549119502,-0.0416272469,-0.4307992756,0.0012592524,0.0069607431,-0.0134730339,0.0309727788,0.0958178341,-0.9950268269,0.0049467920,0.1220740378,0.5493331552,0.1831110567,-0.4013794363,-0.8634296656,-0.2743003666,-0.3892941177,0.1171910763,-0.4902493358,0.0690113604,-0.1115273237,0.1879085898,-0.1690129042,0.6650968194,0.5375816226,-0.4902348220,0.1220740378,0.5493331552,0.1831110567,-0.4013794363,-0.8634296656,-0.2743003666,-0.3892941177,0.1171910763,-0.4902493358,0.0690113604,-0.1115273237,0.1879085898,-0.1690129042,0.6650968194,0.5375816226,-0.4902348220,0.0000000000,0.0000000000,0.0000000000,0.0000000000,0.0000000000,0.0000000000,-0.8091067076,0.3203222752,-0.3535264134,0.9851702452,-0.1667746603,-0.0462016463,0.2596811056,0.6770477295,0.1369258761,-0.6750307679,
7027.334,0.1220740378,0.0000000000,0.9765923023,0.0648213178,0.0030518509,-1.0116275549,-0.1574755162,-0.0432142094,-0.4272591472,0.0022296980,0.0069580870,-0.0135955215,0.0309760123,0.0958093628,-0.9950275421,0.0049455012,0.3662221134,0.7324442267,0.2441480756,-0.3989379704,-0.8651387095,-0.2752769589,-0.3889278769,0.1198767051,-0.4852443039,0.0711481571,-0.1125238538,0.1860818565,-0.1689031273,0.6642512083,0.5382313728,-0.4907059371,0.3662221134,0.7324442267,0.2441480756,-0.3989379704,-0.8651387095,-0.2752769589,-0.3889278769,0.1198767051,-0.4852443039,0.0711481571,-0.1125238538,0.1860818565,-0.1689031273,0.6642512083,0.5382313728,-0.4907059371,0.0000000000,0.0000000000,0.0000000000,0.0000000000,0.0000000000,0.0000000000,-0.8093508482,0.3203222752,-0.3750114441,0.9851701260,-0.1667748392,-0.0462018251,0.2594202161,0.6771005392,0.1366640329,-0.6751311421,
7027.347,0.1831110567,0.0000000000,0.9765923023,0.0640888736,0.0031739250,-1.0106509924,-0.1575975865,-0.0450453199,-0.4307992756,0.0014944300,0.0070875352,-0.0126191378,0.0309769958,0.0958234295,-0.9950261116,0.0049497467,0.6103702188,0.6103702188,0.3662221134,-0.3967406154,-0.8656269908,-0.2802819908,-0.3880733550,0.1140171513,-0.4879299402,0.0730529726,-0.1122989058,0.1802103817,-0.1688025892,0.6634155512,0.5388591290,-0.4911817610,0.6103702188,0.6103702188,0.3662221134,-0.3967406154,-0.8656269908,-0.2802819908,-0.3880733550,0.1140171513,-0.4879299402,0.0730529726,-0.1122989058,0.1802103817,-0.1688025892,0.6634155512,0.5388591290,-0.4911817610,0.0000000000,0.0000000000,0.0000000000,0.0000000000,0.0000000000,0.0000000000,-0.8125247955,0.3222754598,-0.3750114441,0.9851700664,-0.1667750329,-0.0462019444,0.2591650486,0.6771520972,0.1364079565,-0.6752291918,
7027.360,0.1831110567,0.0000000000,0.9765923023,0.0660420582,0.0024414808,-1.0100406408,-0.1566209942,-0.0426038392,-0.4290902317,0.0034350008,0.0063660429,-0.0120096207,0.0309828278,0.0958091766,-0.9950273037,0.0049553616,0.4882961512,0.3662221134,0.4272591472,-0.3945432901,-0.8664815426,-0.2839442194,-0.3905148506,0.1160924137,-0.4840235710,0.0749725401,-0.1124608517,0.1756973267,-0.1686732322,0.6625691056,0.5395054221,-0.4916589856,0.4882961512,0.3662221134,0.4272591472,-0.3945432901,-0.8664815426,-0.2839442194,-0.3905148506,0.1160924137,-0.4840235710,0.0749725401,-0.1124608517,0.1756973267,-0.1686732322,0.6625691056,0.5395054221,-0.4916589856,0.0000000000,0.0000000000,0.0000000000,0.0000000000,0.0000000000,0.0000000000,-0.8108157516,0.3203222752,-0.3535264134,0.9851702452,-0.1667753458,-0.0462023616,0.2589390874,0.6771977544,0.1361811310,-0.6753160357,
7027.373,0.1220740378,0.0000000000,0.9765923023,0.0655537620,0.0023194067,-1.0118716955,-0.1572313607,-0.0427259132,-0.4306772053,0.0029371530,0.0062448541,-0.0138412714,0.0309876222,0.0957941934,-0.9950285554,0.0049557956,0.3051851094,0.0000000000,0.4272591472,-0.3968626857,-0.8677022457,-0.2840662897,-0.3895382583,0.1176793724,-0.4856105149,0.0724131465,-0.1130108833,0.1747194827,-0.1685162634,0.6617172956,0.5401539803,-0.4921477139,0.3051851094,0.0000000000,0.4272591472,-0.3968626857,-0.8677022457,-0.2840662897,-0.3895382583,0.1176793724,-0.4856105149,0.0724131465,-0.1130108833,0.1747194827,-0.1685162634,0.6617172956,0.5401539803,-0.4921477139,0.0000000000,0.0000000000,0.0000000000,0.0000000000,0.0000000000,0.0000000000,-0.8095950484,0.3237403631,-0.3554795980,0.9851700068,-0.1667755395,-0.0462024212,0.2587234974,0.6772410870,0.1359647512,-0.6753986478,
7027.386,0.1220740378,0.0000000000,0.9765923023,0.0649433881,0.0029297769,-1.0121158361,-0.1577196568,-0.0412610248,-0.4347056448,0.0023203343,0.0068530999,-0.0140857697,0.0309911110,0.0957581475,-0.9950319529,0.0049539241,0.0000000000,-0.4882961512,0.4882961512,-0.3996703923,-0.8669698238,-0.2824793160,-0.3899044693,0.1189001128,-0.4856105149,0.0694272220,-0.1116452813,0.1754463911,-0.1683107167,0.6608547568,0.5408115387,-0.4926546812,0.0000000000,-0.4882961512,0.4882961512,-0.3996703923,-0.8669698238,-0.2824793160,-0.3899044693,0.1189001128,-0.4856105149,0.0694272220,-0.1116452813,0.1754463911,-0.1683107167,0.6608547568,0.5408115387,-0.4926546812,0.0000000000,0.0000000000,0.0000000000,0.0000000000,0.0000000000,0.0000000000,-0.8100833297,0.3208105862,-0.3574327826,0.9851700664,-0.1667758524,-0.0462026000,0.2584955096,0.6772869825,0.1357359290,-0.6754860282,
7027.399,0.1220740378,-0.0610370189,0.9765923023,0.0649433881,0.0034180731,-1.0107730627,-0.1545457393,-0.0419934690,-0.4336069822,0.0023241490,0.0073368517,-0.0127427578,0.0309895147,0.0957410783,-0.9950336218,0.0049509471,0.0610370189,-0.3662221134,0.4882961512,-0.4024780989,-0.8675801754,-0.2816247940,-0.3862422705,0.1202429309,-0.4867091775,0.0664430559,-0.1116247177,0.1754402518,-0.1681178361,0.6600078940,0.5414474607,-0.4931570590,0.0610370189,-0.3662221134,0.4882961512,-0.4024780989,-0.8675801754,-0.2816247940,-0.3862422705,0.1202429309,-0.4867091775,0.0664430559,-0.1116247177,0.1754402518,-0.1681178361,0.6600078940,0.5414474607,-0.4931570590,0.0000000000,0.0000000000,0.0000000000,0.0000000000,0.0000000000,0.0000000000,-0.8093508482,0.3208105862,-0.3535264134,0.9851698875,-0.1667760611,-0.0462026000,0.2582753599,0.6773311496,0.1355150193,-0.6755702496,
7027.412,0.1220740378,-0.0610370189,0.9765923023,0.0642109439,0.0034180731,-1.0108951330,-0.1547898799,-0.0450453199,-0.4321421087,0.0015991181,0.0073323334,-0.0128644109,0.0309859216,0.0957635045,-0.9950317144,0.0049490388,0.1831110567,-0.0610370189,0.5493331552,-0.4007690549,-0.8678243160,-0.2811365128,-0.3881954551,0.1214636713,-0.4859767556,0.0679529309,-0.1112323999,0.1750793159,-0.1679431200,0.6591724157,0.5420727134,-0.4936468303,0.1831110567,-0.0610370189,0.5493331552,-0.4007690549,-0.8678243160,-0.2811365128,-0.3881954551,0.1214636713,-0.4859767556,0.0679529309,-0.1112323999,0.1750793159,-0.1679431200,0.6591724157,0.5420727134,-0.4936468303,0.0000000000,0.0000000000,0.0000000000,0.0000000000,0.0000000000,0.0000000000,-0.8105716109,0.3208105862,-0.3554795980,0.9851700664,-0.1667763144,-0.0462030172,0.2580523491,0.6773758531,0.1352912188,-0.6756556034,
7027.425,0.1220740378,-0.0610370189,1.0376293659,0.0649433881,0.0034180731,-1.0111392736,-0.1557664722,-0.0452894680,-0.4273812175,0.0023354813,0.0073285061,-0.0131082535,0.0309840646,0.0957818404,-0.9950299263,0.0049475171,0.6103702188,0.7934812307,0.6103702188,-0.3979613781,-0.8668477535,-0.2778405249,-0.3877071440,0.1203650013,-0.4893948138,0.0704954565,-0.1095837355,0.1775322855,-0.1678423285,0.6583754420,0.5426523089,-0.4941078126,0.6103702188,0.7934812307,0.6103702188,-0.3979613781,-0.8668477535,-0.2778405249,-0.3877071440,0.1203650013,-0.4893948138,0.0704954565,-0.1095837355,0.1775322855,-0.1678423285,0.6583754420,0.5426523089,-0.4941078126,0.0000000000,0.0000000000,0.0000000000,0.0000000000,0.0000000000,0.0000000000,-0.8098391891,0.3227637708,-0.3593859673,0.9851697683,-0.1667764634,-0.0462029576,0.2578312159,0.6774199605,0.1350693703,-0.6757400036,
7027.438,0.1831110567,-0.0610370189,0.9765923023,0.0643330216,0.0036622211,-1.0110172033,-0.1552781761,-0.0443128757,-0.4281136394,0.0017319247,0.0075776051,-0.0129857659,0.0309803709,0.0957942680,-0.9950287938,0.0049500419,0.7324442267,0.9155552983,0.6103702188,-0.3955198824,-0.8658711314,-0.2793053985,-0.3828241825,0.1190221906,-0.4885402918,0.0726530850,-0.1079291105,0.1752309203,-0.1677629352,0.6575931311,0.5432150364,-0.4945578277,0.7324442267,0.9155552983,0.6103702188,-0.3955198824,-0.8658711314,-0.2793053985,-0.3828241825,0.1190221906,-0.4885402918,0.0726530850,-0.1079291105,0.1752309203,-0.1677629352,0.6575931311,0.5432150364,-0.4945578277,0.0000000000,0.0000000000,0.0000000000,0.0000000000,0.0000000000,0.0000000000,-0.8103274703,0.3242286444,-0.3535264134,0.9851697683,-0.1667767465,-0.0462031364,0.2576254308,0.6774610877,0.1348628700,-0.6758185625,
7027.451,0.1220740378,-0.0610370189,0.9765923023,0.0639667958,0.0035401471,-1.0104068518,-0.1563768387,-0.0483413190,-0.4273812175,0.0013740733,0.0074504171,-0.0123748779,0.0309761390,0.0958550423,-0.9950231910,0.0049489844,0.7324442267,0.7934812307,0.6103702188,-0.3949095011,-0.8666036129,-0.2797937095,-0.3866084814,0.1191442609,-0.4898831248,0.0729862750,-0.1079862714,0.1739010811,-0.1676745713,0.6568037868,0.5437824726,-0.4950129688,0.7324442267,0.7934812307,0.6103702188,-0.3949095011,-0.8666036129,-0.2797937095,-0.3866084814,0.1191442609,-0.4898831248,0.0729862750,-0.1079862714,0.1739010811,-0.1676745713,0.6568037868,0.5437824726,-0.4950129688,0.0000000000,0.0000000000,0.0000000000,0.0000000000,0.0000000000,0.0000000000,-0.8108157516,0.3208105862,-0.3554795980,0.9851697683,-0.1667770147,-0.0462034345,0.2574054003,0.6775049567,0.1346420944,-0.6759024858,
7027.464,0.1220740378,-0.0610370189,0.9765923023,0.0639667958,0.0029297769,-1.0117496252,-0.1543015838,-0.0467543565,-0.4306772053,0.0013828427,0.0068379897,-0.0137171149,0.0309716407,0.0959009603,-0.9950188398,0.0049489681,0.6103702188,0.3662221134,0.4882961512,-0.3961302638,-0.8686788678,-0.2828455567,-0.3856318891,0.1192663386,-0.4869533479,0.0715057850,-0.1093953848,0.1700023711,-0.1675593406,0.6559951305,0.5443689227,-0.4954794645,0.6103702188,0.3662221134,0.4882961512,-0.3961302638,-0.8686788678,-0.2828455567,-0.3856318891,0.1192663386,-0.4869533479,0.0715057850,-0.1093953848,0.1700023711,-0.1675593406,0.6559951305,0.5443689227,-0.4954794645,0.0000000000,0.0000000000,0.0000000000,0.0000000000,0.0000000000,0.0000000000,-0.8125247955,0.3193456829,-0.3535264134,0.9851698279,-0.1667772532,-0.0462037921,0.2571834028,0.6775491238,0.1344193667,-0.6759871244,
7027.477,0.1220740378,-0.0610370189,0.9765923023,0.0633564293,0.0029297769,-1.0112613440,-0.1536912173,-0.0438245796,-0.4331187010,0.0007840395,0.0068359333,-0.0132280588,0.0309659299,0.0959098786,-0.9950181842,0.0049476651,0.5493331552,0.3662221134,0.4882961512,-0.3975951374,-0.8700216413,-0.2818689644,-0.3866084814,0.1153599694,-0.4860988259,0.0697868764,-0.1100799441,0.1701369882,-0.1674380153,0.6551876664,0.5449545383,-0.4959450960,0.5493331552,0.3662221134,0.4882961512,-0.3975951374,-0.8700216413,-0.2818689644,-0.3866084814,0.1153599694,-0.4860988259,0.0697868764,-0.1100799441,0.1701369882,-0.1674380153,0.6551876664,0.5449545383,-0.4959450960,0.0000000000,0.0000000000,0.0000000000,0.0000000000,0.0000000000,0.0000000000,-0.8105716109,0.3198339939,-0.3554795980,0.9851694703,-0.1667774320,-0.0462036729,0.2569622397,0.6775929332,0.1341975182,-0.6760711670,
7027.490,0.1220740378,-0.0610370189,0.9765923023,0.0633564293,0.0034180731,-1.0108951330,-0.1547898799,-0.0404065065,-0.4304330647,0.0007954538,0.0073197619,-0.0128611326,0.0309606530,0.0958714485,-0.9950219989,0.0049436968,0.6103702188,0.4882961512,0.4882961512,-0.3977172077,-0.8700216413,-0.2821131051,-0.3846552968,0.1176793724,-0.4824365973,0.0694020689,-0.1094220281,0.1690573692,-0.1673231870,0.6543856859,0.5455344319,-0.4964047968,0.6103702188,0.4882961512,0.4882961512,-0.3977172077,-0.8700216413,-0.2821131051,-0.3846552968,0.1176793724,-0.4824365973,0.0694020689,-0.1094220281,0.1690573692,-0.1673231870,0.6543856859,0.5455344319,-0.4964047968,0.0000000000,0.0000000000,0.0000000000,0.0000000000,0.0000000000,0.0000000000,-0.8091067076,0.3193456829,-0.3535264134,0.9851697087,-0.1667777449,-0.0462042093,0.2567446828,0.6776361465,0.1339792460,-0.6761540174,
7027.503,0.1220740378,-0.0610370189,0.9765923023,0.0640888736,0.0035401471,-1.0101627111,-0.1571092904,-0.0432142094,-0.4281136394,0.0015354007,0.0074367765,-0.0121282339,0.0309571940,0.0958637074,-0.9950228930,0.0049405759,0.5493331552,0.4882961512,0.4272591472,-0.3960081935,-0.8696554303,-0.2806482017,-0.3851435781,0.1208532974,-0.4842677116,0.0708361864,-0.1083961129,0.1696937382,-0.1672119051,0.6535838246,0.5461156368,-0.4968593419,0.5493331552,0.4882961512,0.4272591472,-0.3960081935,-0.8696554303,-0.2806482017,-0.3851435781,0.1208532974,-0.4842677116,0.0708361864,-0.1083961129,0.1696937382,-0.1672119051,0.6535838246,0.5461156368,-0.4968593419,0.0000000000,0.0000000000,0.0000000000,0.0000000000,0.0000000000,0.0000000000,-0.8095950484,0.3193456829,-0.3535264134,0.9851695299,-0.1667779535,-0.0462040901,0.2565277517,0.6776790023,0.1337616593,-0.6762363315,
7027.516,0.1220740378,-0.0610370189,0.9765923023,0.0649433881,0.0039063692,-1.0115054846,-0.1549119502,-0.0402844325,-0.4348277152,0.0023935810,0.0077961776,-0.0134707093,0.0309558921,0.0958227068,-0.9950270057,0.0049357270,0.5493331552,0.3051851094,0.4272591472,-0.3945432901,-0.8697775006,-0.2812585831,-0.3842890859,0.1209753752,-0.4823145270,0.0720349848,-0.1078605056,0.1682467461,-0.1670926064,0.6527756453,0.5466991067,-0.4973202050,0.5493331552,0.3051851094,0.4272591472,-0.3945432901,-0.8697775006,-0.2812585831,-0.3842890859,0.1209753752,-0.4823145270,0.0720349848,-0.1078605056,0.1682467461,-0.1670926064,0.6527756453,0.5466991067,-0.4973202050,0.0000000000,0.0000000000,0.0000000000,0.0000000000,0.0000000000,0.0000000000,-0.8091067076,0.3154393137,-0.3750114441,0.9851696491,-0.1667782217,-0.0462044477,0.2562658489,0.6777307987,0.1334990114,-0.6763357520,
7027.529,0.1831110567,-0.0610370189,0.9765923023,0.0637226477,0.0031739250,-1.0108951330,-0.1543015838,-0.0408948027,-0.4391003251,0.0011823401,0.0070711845,-0.0128598213,0.0309509635,0.0957907736,-0.9950300455,0.0049379882,0.3662221134,-0.1220740378,0.4272591472,-0.3942991495,-0.8694112897,-0.2819910347,-0.3874630034,0.1189001128,-0.4829249084,0.0720461011,-0.1068567634,0.1666746140,-0.1669379622,0.6519513130,0.5472983122,-0.4977940321,0.3662221134,-0.1220740378,0.4272591472,-0.3942991495,-0.8694112897,-0.2819910347,-0.3874630034,0.1189001128,-0.4829249084,0.0720461011,-0.1068567634,0.1666746140,-0.1669379622,0.6519513130,0.5472983122,-0.4977940321,0.0000000000,0.0000000000,0.0000000000,0.0000000000,0.0000000000,0.0000000000,-0.8117923737,0.3188574016,-0.3535264134,0.9851694107,-0.1667784154,-0.0462045670,0.2560481131,0.6777736545,0.1332806349,-0.6764182448,
7027.542,0.1831110567,-0.0610370189,0.9765923023,0.0643330216,0.0030518509,-1.0112613440,-0.1555223316,-0.0386974700,-0.4393444657,0.0017992482,0.0069571328,-0.0132256746,0.0309476387,0.0957268104,-0.9950364232,0.0049396781,0.0000000000,-0.7324442267,0.3662221134,-0.3968626857,-0.8690450788,-0.2830896974,-0.3875850737,0.1197546348,-0.4804834127,0.0692997575,-0.1058884263,0.1647418141,-0.1667267978,0.6511051059,0.5479243994,-0.4982834756,0.0000000000,-0.7324442267,0.3662221134,-0.3968626857,-0.8690450788,-0.2830896974,-0.3875850737,0.1197546348,-0.4804834127,0.0692997575,-0.1058884263,0.1647418141,-0.1667267978,0.6511051059,0.5479243994,-0.4982834756,0.0000000000,0.0000000000,0.0000000000,0.0000000000,0.0000000000,0.0000000000,-0.8125247955,0.3188574016,-0.3750114441,0.9851693511,-0.1667786539,-0.0462046862,0.2557977736,0.6778228879,0.1330296099,-0.6765130162,
7027.555,0.1220740378,-0.0610370189,0.9765923023,0.0638447255,0.0030518509,-1.0095522404,-0.1491744816,-0.0410168767,-0.4378795624,0.0013193414,0.0069544544,-0.0115160346,0.0309436601,0.0957119390,-0.9950379133,0.0049374797,-0.0610370189,-0.6714072227,0.3662221134,-0.3978392780,-0.8689230084,-0.2818689644,-0.3864864111,0.1168248579,-0.4799951315,0.0681412220,-0.1051726937,0.1651394665,-0.1665159464,0.6502670050,0.5485436916,-0.4987666905,-0.0610370189,-0.6714072227,0.3662221134,-0.3978392780,-0.8689230084,-0.2818689644,-0.3864864111,0.1168248579,-0.4799951315,0.0681412220,-0.1051726937,0.1651394665,-0.1665159464,0.6502670050,0.5485436916,-0.4987666905,0.0000000000,0.0000000000,0.0000000000,0.0000000000,0.0000000000,0.0000000000,-0.8113040328,0.3203222752,-0.3535264134,0.9851694107,-0.1667788923,-0.0462050438,0.2555877268,0.6778641343,0.1328189522,-0.6765925288,
7027.568,0.1220740378,0.0000000000,0.9765923023,0.0639667958,0.0026856288,-1.0095522404,-0.1561326981,-0.0423596911,-0.4306772053,0.0014384985,0.0065873791,-0.0115162134,0.0309452266,0.0956961364,-0.9950395226,0.0049367021,-0.1220740378,-0.5493331552,0.2441480756,-0.3986938000,-0.8696554303,-0.2832117677,-0.3858760297,0.1182897463,-0.4818262160,0.0670803785,-0.1053131223,0.1629996002,-0.1663144678,0.6494375467,0.5491627455,-0.4992332458,-0.1220740378,-0.5493331552,0.2441480756,-0.3986938000,-0.8696554303,-0.2832117677,-0.3858760297,0.1182897463,-0.4818262160,0.0670803785,-0.1053131223,0.1629996002,-0.1663144678,0.6494375467,0.5491627455,-0.4992332458,0.0000000000,0.0000000000,0.0000000000,0.0000000000,0.0000000000,0.0000000000,-0.8117923737,0.3198339939,-0.3535264134,0.9851691723,-0.1667791009,-0.0462050438,0.2553766370,0.6779054403,0.1326072812,-0.6766722202,
7027.581,0.1831110567,-0.0610370189,0.9765923023,0.0643330216,0.0017090365,-1.0104068518,-0.1518601030,-0.0418713950,-0.4279915690,0.0018109679,0.0056254067,-0.0123704672,0.0309414659,0.0956872553,-0.9950402975,0.0049434071,-0.1220740378,-0.0610370189,0.2441480756,-0.3993041813,-0.8702658415,-0.2818689644,-0.3885616660,0.1198767051,-0.4846339226,0.0662291348,-0.1053328514,0.1635815501,-0.1661362648,0.6486304998,0.5497699976,-0.4996733665,-0.1220740378,-0.0610370189,0.2441480756,-0.3993041813,-0.8702658415,-0.2818689644,-0.3885616660,0.1198767051,-0.4846339226,0.0662291348,-0.1053328514,0.1635815501,-0.1661362648,0.6486304998,0.5497699976,-0.4996733665,0.0000000000,0.0000000000,0.0000000000,0.0000000000,0.0000000000,0.0000000000,-0.8105716109,0.3188574016,-0.3750114441,0.9851692915,-0.1667793393,-0.0462054014,0.2551307976,0.6779536009,0.1323608011,-0.6767650843,
7027.594,0.1220740378,0.0000000000,0.9765923023,0.0622577593,0.0047608875,-1.0100406408,-0.1521042585,-0.0413830988,-0.4304330647,-0.0002586544,0.0086660814,-0.0120038986,0.0309392679,0.0956706405,-0.9950421453,0.0049370532,0.0000000000,0.1220740378,0.1831110567,-0.3952757418,-0.8692892194,-0.2805261314,-0.3891720474,0.1192663386,-0.4857325852,0.0699812472,-0.1037458181,0.1641639769,-0.1659839898,0.6478273869,0.5503706932,-0.5001042485,0.0000000000,0.1220740378,0.1831110567,-0.3952757418,-0.8692892194,-0.2805261314,-0.3891720474,0.1192663386,-0.4857325852,0.0699812472,-0.1037458181,0.1641639769,-0.1659839898,0.6478273869,0.5503706932,-0.5001042485,0.0000000000,0.0000000000,0.0000000000,0.0000000000,0.0000000000,0.0000000000,-0.8120365143,0.3183690906,-0.3730582595,0.9851690531,-0.1667794883,-0.0462054014,0.2548863888,0.6780012250,0.1321158111,-0.6768571734,
7027.607,0.1831110567,0.0000000000,0.9765923023,0.0643330216,0.0028077029,-1.0104068518,-0.1532029212,-0.0405285805,-0.4370250702,0.0018121600,0.0067220679,-0.0123704076,0.0309412144,0.0956381336,-0.9950450063,0.0049408241,0.0000000000,0.1220740378,0.1831110567,-0.3950316012,-0.8675801754,-0.2804040611,-0.3896603286,0.1187780425,-0.4831690490,0.0699519813,-0.1014317870,0.1635300815,-0.1658264250,0.6470237970,0.5509724021,-0.5005342364,0.0000000000,0.1220740378,0.1831110567,-0.3950316012,-0.8675801754,-0.2804040611,-0.3896603286,0.1187780425,-0.4831690490,0.0699519813,-0.1014317870,0.1635300815,-0.1658264250,0.6470237970,0.5509724021,-0.5005342364,0.0000000000,0.0000000000,0.0000000000,0.0000000000,0.0000000000,0.0000000000,-0.8120365143,0.3198339939,-0.3730582595,0.9851691127,-0.1667797714,-0.0462056994,0.2546481490,0.6780477166,0.1318769753,-0.6769469380,
7027.620,0.1220740378,0.0000000000,0.9765923023,0.0633564293,0.0026856288,-1.0106509924,-0.1503952146,-0.0400402844,-0.4331187010,0.0008359775,0.0065990929,-0.0126145482,0.0309411958,0.0956080481,-0.9950480461,0.0049394192,-0.0610370189,-0.3051851094,0.0610370189,-0.3944212198,-0.8675801754,-0.2799157798,-0.3903927803,0.1185338944,-0.4828028083,0.0703043640,-0.1008234024,0.1632376611,-0.1656499952,0.6461970210,0.5515879393,-0.5009824038,-0.0610370189,-0.3051851094,0.0610370189,-0.3944212198,-0.8675801754,-0.2799157798,-0.3903927803,0.1185338944,-0.4828028083,0.0703043640,-0.1008234024,0.1632376611,-0.1656499952,0.6461970210,0.5515879393,-0.5009824038,0.0000000000,0.0000000000,0.0000000000,0.0000000000,0.0000000000,0.0000000000,-0.8105716109,0.3193456829,-0.3750114441,0.9851691723,-0.1667799950,-0.0462059379,0.2544074357,0.6780945659,0.1316356808,-0.6770375371,
7027.633,0.1831110567,0.0000000000,0.9765923023,0.0633564293,0.0037842952,-1.0099185705,-0.1534470618,-0.0390636921,-0.4339731932,0.0008361936,0.0077020540,-0.0118820667,0.0309411436,0.0955565348,-0.9950529337,0.0049399463,-0.1220740378,-0.5493331552,0.0610370189,-0.3945432901,-0.8689230084,-0.2821131051,-0.3863643408,0.1193884090,-0.4812158644,0.0699404776,-0.1015684009,0.1602590382,-0.1654621959,0.6453698277,0.5522021055,-0.5014341474,-0.1220740378,-0.5493331552,0.0610370189,-0.3945432901,-0.8689230084,-0.2821131051,-0.3863643408,0.1193884090,-0.4812158644,0.0699404776,-0.1015684009,0.1602590382,-0.1654621959,0.6453698277,0.5522021055,-0.5014341474,0.0000000000,0.0000000000,0.0000000000,0.0000000000,0.0000000000,0.0000000000,-0.8120365143,0.3198339939,-0.3554795980,0.9851690531,-0.1667802334,-0.0462061167,0.2541987598,0.6781350374,0.1314264834,-0.6771159768,
7027.646,0.1220740378,0.0000000000,0.9765923023,0.0629902035,0.0030518509,-1.0108951330,-0.1549119502,-0.0405285805,-0.4369029701,0.0004722551,0.0069668856,-0.0128585100,0.0309403110,0.0955196321,-0.9950566292,0.0049373317,-0.2441480756,-0.7934812307,0.0000000000,-0.3966185451,-0.8678243160,-0.2829676270,-0.3866084814,0.1204870790,-0.4831690490,0.0676438808,-0.0998877883,0.1586266160,-0.1652552933,0.6445389390,0.5528199077,-0.5018900037,-0.2441480756,-0.7934812307,0.0000000000,-0.3966185451,-0.8678243160,-0.2829676270,-0.3866084814,0.1204870790,-0.4831690490,0.0676438808,-0.0998877883,0.1586266160,-0.1652552933,0.6445389390,0.5528199077,-0.5018900037,0.0000000000,0.0000000000,0.0000000000,0.0000000000,0.0000000000,0.0000000000,-0.8095950484,0.3232520521,-0.3535264134,0.9851691127,-0.1667805016,-0.0462063551,0.2540077269,0.6781721115,0.1312349588,-0.6771877408,
7027.659,0.1220740378,0.0000000000,0.9765923023,0.0645771697,0.0026856288,-1.0100406408,-0.1528366953,-0.0428479873,-0.4304330647,0.0020534471,0.0065997522,-0.0120043755,0.0309432279,0.0955208689,-0.9950563312,0.0049371934,-0.4272591472,-0.9765923023,0.0000000000,-0.3994262516,-0.8701437712,-0.2827234864,-0.3848994374,0.1218298897,-0.4765770435,0.0646375716,-0.1016445756,0.1581004858,-0.1650208384,0.6436991096,0.5534497499,-0.5023506284,-0.4272591472,-0.9765923023,0.0000000000,-0.3994262516,-0.8701437712,-0.2827234864,-0.3848994374,0.1218298897,-0.4765770435,0.0646375716,-0.1016445756,0.1581004858,-0.1650208384,0.6436991096,0.5534497499,-0.5023506284,0.0000000000,0.0000000000,0.0000000000,0.0000000000,0.0000000000,0.0000000000,-0.8108157516,0.3198339939,-0.3535264134,0.9851689935,-0.1667807400,-0.0462064147,0.2538049519,0.6782113314,0.1310317069,-0.6772637963,
7027.672,0.1220740378,0.0000000000,0.9765923023,0.0648213178,0.0032959990,-1.0108951330,-0.1503952146,-0.0438245796,-0.4372692108,0.0022908971,0.0072062146,-0.0128592849,0.0309466515,0.0955409259,-0.9950544238,0.0049361917,-0.5493331552,-1.1597033739,0.0610370189,-0.3989379704,-0.8691671491,-0.2829676270,-0.3859981000,0.1203650013,-0.4776757061,0.0649492443,-0.1001240611,0.1570932865,-0.1647680551,0.6428597569,0.5540801883,-0.5028131008,-0.5493331552,-1.1597033739,0.0610370189,-0.3989379704,-0.8691671491,-0.2829676270,-0.3859981000,0.1203650013,-0.4776757061,0.0649492443,-0.1001240611,0.1570932865,-0.1647680551,0.6428597569,0.5540801883,-0.5028131008,0.0000000000,0.0000000000,0.0000000000,0.0000000000,0.0000000000,0.0000000000,-0.8117923737,0.3198339939,-0.3750114441,0.9851688743,-0.1667809188,-0.0462065935,0.2535691261,0.6782568693,0.1307953894,-0.6773521900,
7027.685,0.1220740378,0.0000000000,0.9765923023,0.0638447255,0.0035401471,-1.0110172033,-0.1536912173,-0.0439466536,-0.4318979383,0.0013125166,0.0074452688,-0.0129814148,0.0309477299,0.0955535993,-0.9950529933,0.0049341368,-0.5493331552,-1.1597033739,0.0610370189,-0.3989379704,-0.8684347272,-0.2816247940,-0.3873409331,0.1185338944,-0.4766991138,0.0647753775,-0.0988494754,0.1576715112,-0.1645128280,0.6420195699,0.5547091961,-0.5032766461,-0.5493331552,-1.1597033739,0.0610370189,-0.3989379704,-0.8684347272,-0.2816247940,-0.3873409331,0.1185338944,-0.4766991138,0.0647753775,-0.0988494754,0.1576715112,-0.1645128280,0.6420195699,0.5547091961,-0.5032766461,0.0000000000,0.0000000000,0.0000000000,0.0000000000,0.0000000000,0.0000000000,-0.8115482330,0.3237403631,-0.3730582595,0.9851688743,-0.1667811871,-0.0462068319,0.2533506155,0.6782990098,0.1305763870,-0.6774340272,
7027.698,0.1220740378,0.0000000000,0.9765923023,0.0648213178,0.0024414808,-1.0111392736,-0.1539353579,-0.0399182104,-0.4383678734,0.0022825226,0.0063469624,-0.0131039023,0.0309512001,0.0955110863,-0.9950571060,0.0049333083,-0.4882961512,-0.9155552983,0.1831110567,-0.4004028440,-0.8655049205,-0.2806482017,-0.3895382583,0.1199987829,-0.4797509611,0.0631460547,-0.0953918099,0.1578963697,-0.1642634720,0.6412005424,0.5553173423,-0.5037313104,-0.4882961512,-0.9155552983,0.1831110567,-0.4004028440,-0.8655049205,-0.2806482017,-0.3895382583,0.1199987829,-0.4797509611,0.0631460547,-0.0953918099,0.1578963697,-0.1642634720,0.6412005424,0.5553173423,-0.5037313104,0.0000000000,0.0000000000,0.0000000000,0.0000000000,0.0000000000,0.0000000000,-0.8105716109,0.3203222752,-0.3535264134,0.9851689339,-0.1667814106,-0.0462070704,0.2531529069,0.6783370972,0.1303782314,-0.6775080562,
7027.711,0.1220740378,0.0000000000,0.9765923023,0.0637226477,0.0037842952,-1.0112613440,-0.1511276662,-0.0418713950,-0.4278694987,0.0011827648,0.0076835067,-0.0132260323,0.0309520718,0.0955053046,-0.9950575829,0.0049300590,-0.3051851094,-0.5493331552,0.2441480756,-0.4012573659,-0.8644062877,-0.2788171172,-0.3833124936,0.1198767051,-0.4769432545,0.0621143878,-0.0937595367,0.1589768529,-0.1640447825,0.6404075623,0.5558941364,-0.5041748881,-0.3051851094,-0.5493331552,0.2441480756,-0.4012573659,-0.8644062877,-0.2788171172,-0.3833124936,0.1198767051,-0.4769432545,0.0621143878,-0.0937595367,0.1589768529,-0.1640447825,0.6404075623,0.5558941364,-0.5041748881,0.0000000000,0.0000000000,0.0000000000,0.0000000000,0.0000000000,0.0000000000,-0.8105716109,0.3173924983,-0.3554795980,0.9851686954,-0.1667815894,-0.0462070107,0.2529427707,0.6783773899,0.1301676780,-0.6775864959,
7027.724,0.1220740378,0.0000000000,0.9765923023,0.0642109439,0.0031739250,-1.0107730627,-0.1538132876,-0.0415051728,-0.4328745306,0.0016674250,0.0070699034,-0.0127379298,0.0309541374,0.0954855755,-0.9950593710,0.0049280105,-0.1831110567,-0.1831110567,0.3051851094,-0.3999145627,-0.8635517359,-0.2785729468,-0.3864864111,0.1213415936,-0.4817041457,0.0632568598,-0.0923683047,0.1584878266,-0.1638510376,0.6396358013,0.5564526320,-0.5046012998,-0.1831110567,-0.1831110567,0.3051851094,-0.3999145627,-0.8635517359,-0.2785729468,-0.3864864111,0.1213415936,-0.4817041457,0.0632568598,-0.0923683047,0.1584878266,-0.1638510376,0.6396358013,0.5564526320,-0.5046012998,0.0000000000,0.0000000000,0.0000000000,0.0000000000,0.0000000000,0.0000000000,-0.8100833297,0.3193456829,-0.3574327826,0.9851687551,-0.1667818427,-0.0462073684,0.2527376711,0.6784167886,0.1299621463,-0.6776631474,
7027.737,0.1220740378,-0.0610370189,0.9765923023,0.0640888736,0.0029297769,-1.0101627111,-0.1534470618,-0.0406506546,-0.4373912811,0.0015527755,0.0068237381,-0.0121271014,0.0309506897,0.0954547375,-0.9950624704,0.0049256911,0.0000000000,0.0610370189,0.3051851094,-0.3982055187,-0.8666036129,-0.2777184248,-0.3861201704,0.1214636713,-0.4799951315,0.0647365749,-0.0948631763,0.1586018205,-0.1636845171,0.6388697028,0.5569997430,-0.5050220490,0.0000000000,0.0610370189,0.3051851094,-0.3982055187,-0.8666036129,-0.2777184248,-0.3861201704,0.1214636713,-0.4799951315,0.0647365749,-0.0948631763,0.1586018205,-0.1636845171,0.6388697028,0.5569997430,-0.5050220490,0.0000000000,0.0000000000,0.0000000000,0.0000000000,0.0000000000,0.0000000000,-0.8098391891,0.3217871785,-0.3593859673,0.9851688147,-0.1667821258,-0.0462076068,0.2525390089,0.6784548759,0.1297630519,-0.6777372956,
7027.750,0.1220740378,0.0000000000,0.9765923023,0.0643330216,0.0029297769,-1.0106509924,-0.1543015838,-0.0397961363,-0.4318979383,0.0017926022,0.0068217362,-0.0126156211,0.0309531465,0.0954116508,-0.9950666428,0.0049235602,0.0610370189,-0.0610370189,0.3051851094,-0.3968626857,-0.8669698238,-0.2791833282,-0.3835566342,0.1163365617,-0.4775536358,0.0658528805,-0.0946701765,0.1563880444,-0.1635191888,0.6381030083,0.5575425625,-0.5054461360,0.0610370189,-0.0610370189,0.3051851094,-0.3968626857,-0.8669698238,-0.2791833282,-0.3835566342,0.1163365617,-0.4775536358,0.0658528805,-0.0946701765,0.1563880444,-0.1635191888,0.6381030083,0.5575425625,-0.5054461360,0.0000000000,0.0000000000,0.0000000000,0.0000000000,0.0000000000,0.0000000000,-0.8095950484,0.3217871785,-0.3535264134,0.9851685762,-0.1667823344,-0.0462075472,0.2523509264,0.6784907579,0.1295745820,-0.6778073311,
7027.763,0.1220740378,0.0000000000,0.9765923023,0.0640888736,0.0030518509,-1.0107730627,-0.1544236541,-0.0417493209,-0.4339731932,0.0015454218,0.0069412170,-0.0127379298,0.0309548732,0.0953936055,-0.9950682521,0.0049218535,0.0610370189,-0.1220740378,0.3051851094,-0.3985717297,-0.8667256832,-0.2788171172,-0.3879512846,0.1201208532,-0.4780419469,0.0639300048,-0.0938740373,0.1560015678,-0.1633408517,0.6373295188,0.5580891967,-0.5058758855,0.0610370189,-0.1220740378,0.3051851094,-0.3985717297,-0.8667256832,-0.2788171172,-0.3879512846,0.1201208532,-0.4780419469,0.0639300048,-0.0938740373,0.1560015678,-0.1633408517,0.6373295188,0.5580891967,-0.5058758855,0.0000000000,0.0000000000,0.0000000000,0.0000000000,0.0000000000,0.0000000000,-0.8117923737,0.3227637708,-0.3574327826,0.9851685762,-0.1667826027,-0.0462078452,0.2521593571,0.6785273552,0.1293826103,-0.6778787374,
7027.776,0.1220740378,0.0000000000,0.9765923023,0.0649433881,0.0032959990,-1.0097965002,-0.1551561058,-0.0394299142,-0.4303109944,0.0023923963,0.0071815657,-0.0117618442,0.0309590567,0.0953440517,-0.9950729012,0.0049187806,0.1220740378,-0.1831110567,0.3662221134,-0.4001587033,-0.8656269908,-0.2801599205,-0.3845332265,0.1203650013,-0.4780419469,0.0621498823,-0.0922339559,0.1539016664,-0.1631612033,0.6365678906,0.5586193204,-0.5063078403,0.1220740378,-0.1831110567,0.3662221134,-0.4001587033,-0.8656269908,-0.2801599205,-0.3845332265,0.1203650013,-0.4780419469,0.0621498823,-0.0922339559,0.1539016664,-0.1631612033,0.6365678906,0.5586193204,-0.5063078403,0.0000000000,0.0000000000,0.0000000000,0.0000000000,0.0000000000,0.0000000000,-0.8115482330,0.3203222752,-0.3554795980,0.9851686358,-0.1667828560,-0.0462082028,0.2519636154,0.6785646677,0.1291864812,-0.6779516339,
7027.789,0.1220740378,0.0000000000,0.9765923023,0.0643330216,0.0035401471,-1.0115054846,-0.1540574431,-0.0390636921,-0.4342173636,0.0017780736,0.0074207550,-0.0134710670,0.0309615228,0.0952920690,-0.9950777888,0.0049148835,0.1831110567,0.0000000000,0.3662221134,-0.3990600407,-0.8658711314,-0.2806482017,-0.3874630034,0.1178014502,-0.4771874249,0.0630366504,-0.0919340253,0.1526690423,-0.1629904658,0.6358102560,0.5591487288,-0.5067301989,0.1831110567,0.0000000000,0.3662221134,-0.3990600407,-0.8658711314,-0.2806482017,-0.3874630034,0.1178014502,-0.4771874249,0.0630366504,-0.0919340253,0.1526690423,-0.1629904658,0.6358102560,0.5591487288,-0.5067301989,0.0000000000,0.0000000000,0.0000000000,0.0000000000,0.0000000000,0.0000000000,-0.8103274703,0.3188574016,-0.3574327826,0.9851684570,-0.1667830646,-0.0462082624,0.2517613769,0.6786031127,0.1289838850,-0.6780267954,
7027.802,0.1220740378,0.0000000000,1.0376293659,0.0637226477,0.0028077029,-1.0105289221,-0.1551561058,-0.0428479873,-0.4301889241,0.0011665002,0.0066876463,-0.0124945045,0.0309622008,0.0952824503,-0.9950786829,0.0049143112,0.3051851094,0.1831110567,0.3662221134,-0.3984496593,-0.8657490611,-0.2805261314,-0.3902707100,0.1228064820,-0.4832911193,0.0634197593,-0.0912607908,0.1520483196,-0.1628394574,0.6350648403,0.5596634150,-0.5071450472,0.3051851094,0.1831110567,0.3662221134,-0.3984496593,-0.8657490611,-0.2805261314,-0.3902707100,0.1228064820,-0.4832911193,0.0634197593,-0.0912607908,0.1520483196,-0.1628394574,0.6350648403,0.5596634150,-0.5071450472,0.0000000000,0.0000000000,0.0000000000,0.0000000000,0.0000000000,0.0000000000,-0.8125247955,0.3188574016,-0.3691518903,0.9851684570,-0.1667832881,-0.0462083220,0.2515404522,0.6786450744,0.1287625879,-0.6781088114,
7027.815,0.1831110567,0.0000000000,0.9765923023,0.0627460554,0.0031739250,-1.0102847815,-0.1546678096,-0.0395519882,-0.4277474284,0.0001933947,0.0070613618,-0.0122501850,0.0309603270,0.0952371582,-0.9950830936,0.0049164658,0.4272591472,0.4882961512,0.4882961512,-0.3996703923,-0.8652607799,-0.2811365128,-0.3879512846,0.1231727079,-0.4774315655,0.0619710982,-0.0902296901,0.1507086158,-0.1626974940,0.6343371868,0.5601625443,-0.5075499415,0.4272591472,0.4882961512,0.4882961512,-0.3996703923,-0.8652607799,-0.2811365128,-0.3879512846,0.1231727079,-0.4774315655,0.0619710982,-0.0902296901,0.1507086158,-0.1626974940,0.6343371868,0.5601625443,-0.5075499415,0.0000000000,0.0000000000,0.0000000000,0.0000000000,0.0000000000,0.0000000000,-0.8098391891,0.3208105862,-0.3535264134,0.9851683974,-0.1667835563,-0.0462086201,0.2513537407,0.6786804795,0.1285755187,-0.6781781316,
7027.828,0.1220740378,0.0000000000,0.9155552983,0.0639667958,0.0039063692,-1.0105289221,-0.1544236541,-0.0391857661,-0.4292123318,0.0014116392,0.0077863452,-0.0124944448,0.0309621468,0.0951927602,-0.9950873256,0.0049114889,0.4272591472,0.5493331552,0.4882961512,-0.3993041813,-0.8652607799,-0.2817468941,-0.3866084814,0.1237830743,-0.4771874249,0.0621038377,-0.0896903872,0.1493798196,-0.1625605375,0.6336176991,0.5606561899,-0.5079475641,0.4272591472,0.5493331552,0.4882961512,-0.3993041813,-0.8652607799,-0.2817468941,-0.3866084814,0.1237830743,-0.4771874249,0.0621038377,-0.0896903872,0.1493798196,-0.1625605375,0.6336176991,0.5606561899,-0.5079475641,0.0000000000,0.0000000000,0.0000000000,0.0000000000,0.0000000000,0.0000000000,-0.8098391891,0.3198339939,-0.3554795980,0.9851685166,-0.1667838395,-0.0462089777,0.2511613965,0.6787169576,0.1283828020,-0.6782495379,
7027.841,0.1831110567,0.0000000000,0.9765923023,0.0639667958,0.0029297769,-1.0112613440,-0.1543015838,-0.0377208777,-0.4351939559,0.0014094338,0.0068184659,-0.0132270455,0.0309631787,0.0951230749,-0.9950938821,0.0049137645,0.4272591472,0.6103702188,0.4882961512,-0.3985717297,-0.8672139645,-0.2813806534,-0.3836787045,0.1204870790,-0.4786522985,0.0625931323,-0.0911029577,0.1490327120,-0.1624375135,0.6329100132,0.5611370206,-0.5083378553,0.4272591472,0.6103702188,0.4882961512,-0.3985717297,-0.8672139645,-0.2813806534,-0.3836787045,0.1204870790,-0.4786522985,0.0625931323,-0.0911029577,0.1490327120,-0.1624375135,0.6329100132,0.5611370206,-0.5083378553,0.0000000000,0.0000000000,0.0000000000,0.0000000000,0.0000000000,0.0000000000,-0.8098391891,0.3188574016,-0.3554795980,0.9851682186,-0.1667840034,-0.0462088585,0.2509664893,0.6787536740,0.1281875968,-0.6783216596,
7027.854,0.1220740378,-0.0610370189,0.9765923023,0.0653096139,0.0034180731,-1.0111392736,-0.1510055810,-0.0396740623,-0.4328745306,0.0027540177,0.0073023858,-0.0131048560,0.0309626684,0.0950891376,-0.9950972795,0.0049104444,0.4272591472,0.6103702188,0.5493331552,-0.3974730670,-0.8689230084,-0.2811365128,-0.3868526220,0.1223181859,-0.4791406095,0.0634511411,-0.0922739506,0.1485641599,-0.1623107493,0.6322011352,0.5616186261,-0.5087286830,0.4272591472,0.6103702188,0.5493331552,-0.3974730670,-0.8689230084,-0.2811365128,-0.3868526220,0.1223181859,-0.4791406095,0.0634511411,-0.0922739506,0.1485641599,-0.1623107493,0.6322011352,0.5616186261,-0.5087286830,0.0000000000,0.0000000000,0.0000000000,0.0000000000,0.0000000000,0.0000000000,-0.8122806549,0.3217871785,-0.3593859673,0.9851682782,-0.1667842716,-0.0462092161,0.2507748306,0.6787898540,0.1279956102,-0.6783926487,
7027.867,0.1220740378,-0.0610370189,0.9765923023,0.0653096139,0.0036622211,-1.0118716955,-0.1555223316,-0.0404065065,-0.4286019504,0.0027560368,0.0075409859,-0.0138371587,0.0309621058,0.0950533375,-0.9951006770,0.0049064723,0.4882961512,0.6714072227,0.4272591472,-0.3950316012,-0.8695333600,-0.2807703018,-0.3895382583,0.1195104867,-0.4830469787,0.0656210184,-0.0923290849,0.1482172608,-0.1622023880,0.6314904094,0.5621003509,-0.5091135502,0.4882961512,0.6714072227,0.4272591472,-0.3950316012,-0.8695333600,-0.2807703018,-0.3895382583,0.1195104867,-0.4830469787,0.0656210184,-0.0923290849,0.1482172608,-0.1622023880,0.6314904094,0.5621003509,-0.5091135502,0.0000000000,0.0000000000,0.0000000000,0.0000000000,0.0000000000,0.0000000000,-0.8125247955,0.3154393137,-0.3535264134,0.9851683378,-0.1667845249,-0.0462095737,0.2505712807,0.6788282394,0.1277917325,-0.6784679890,
7027.880,0.1831110567,-0.0610370189,0.9765923023,0.0653096139,0.0036622211,-1.0096743107,-0.1539353579,-0.0426038392,-0.4273812175,0.0027573332,0.0075460635,-0.0116397142,0.0309612248,0.0950515643,-0.9951008558,0.0049088835,0.4882961512,0.6714072227,0.4272591472,-0.3953978121,-0.8684347272,-0.2806482017,-0.3890499473,0.1199987829,-0.4793847501,0.0649876893,-0.0906806588,0.1476295888,-0.1620880216,0.6307788491,0.5625834465,-0.5094983578,0.4882961512,0.6714072227,0.4272591472,-0.3953978121,-0.8684347272,-0.2806482017,-0.3890499473,0.1199987829,-0.4793847501,0.0649876893,-0.0906806588,0.1476295888,-0.1620880216,0.6307788491,0.5625834465,-0.5094983578,0.0000000000,0.0000000000,0.0000000000,0.0000000000,0.0000000000,0.0000000000,-0.8103274703,0.3169042170,-0.3574327826,0.9851680398,-0.1667847186,-0.0462094545,0.2503690124,0.6788662076,0.1275891811,-0.6785426140,
7027.893,0.1220740378,-0.0610370189,0.9765923023,0.0643330216,0.0028077029,-1.0101627111,-0.1511276662,-0.0397961363,-0.4338511229,0.0017869994,0.0066901934,-0.0121276975,0.0309583303,0.0950190127,-0.9951040745,0.0049068993,0.4882961512,0.5493331552,0.3662221134,-0.3960081935,-0.8681905866,-0.2808923721,-0.3873409331,0.1195104867,-0.4864650369,0.0641147494,-0.0898871422,0.1466695666,-0.1619814485,0.6300765276,0.5630523562,-0.5098833442,0.4882961512,0.5493331552,0.3662221134,-0.3960081935,-0.8681905866,-0.2808923721,-0.3873409331,0.1195104867,-0.4864650369,0.0641147494,-0.0898871422,0.1466695666,-0.1619814485,0.6300765276,0.5630523562,-0.5098833442,0.0000000000,0.0000000000,0.0000000000,0.0000000000,0.0000000000,0.0000000000,-0.8103274703,0.3208105862,-0.3554795980,0.9851680994,-0.1667850167,-0.0462096334,0.2501844764,0.6789008975,0.1274043471,-0.6786107421,
7027.906,0.1220740378,-0.0610370189,0.9765923023,0.0642109439,0.0042725913,-1.0110172033,-0.1503952146,-0.0415051728,-0.4286019504,0.0016720220,0.0081465142,-0.0129817128,0.0309552290,0.0950130075,-0.9951047301,0.0049021076,0.4882961512,0.3662221134,0.1831110567,-0.3971068561,-0.8677022457,-0.2815027237,-0.3856318891,0.1229285598,-0.4886623621,0.0627478361,-0.0888425112,0.1453344226,-0.1618761867,0.6293670535,0.5635235906,-0.5102720261,0.4882961512,0.3662221134,0.1831110567,-0.3971068561,-0.8677022457,-0.2815027237,-0.3856318891,0.1229285598,-0.4886623621,0.0627478361,-0.0888425112,0.1453344226,-0.1618761867,0.6293670535,0.5635235906,-0.5102720261,0.0000000000,0.0000000000,0.0000000000,0.0000000000,0.0000000000,0.0000000000,-0.8120365143,0.3198339939,-0.3535264134,0.9851680398,-0.1667852700,-0.0462098718,0.2499994934,0.6789355874,0.1272190809,-0.6786789894,
7027.919,0.1220740378,0.0000000000,0.9765923023,0.0636005774,0.0040284432,-1.0108951330,-0.1528366953,-0.0410168767,-0.4305551350,0.0010610372,0.0078950413,-0.0128596425,0.0309559852,0.0949928984,-0.9951067567,0.0048978641,0.3662221134,0.2441480756,0.1831110567,-0.3973509967,-0.8684347272,-0.2819910347,-0.3890499473,0.1181676686,-0.4820703864,0.0622451603,-0.0890311599,0.1441321075,-0.1617446840,0.6286423206,0.5640158057,-0.5106633902,0.3662221134,0.2441480756,0.1831110567,-0.3973509967,-0.8684347272,-0.2819910347,-0.3890499473,0.1181676686,-0.4820703864,0.0622451603,-0.0890311599,0.1441321075,-0.1617446840,0.6286423206,0.5640158057,-0.5106633902,0.0000000000,0.0000000000,0.0000000000,0.0000000000,0.0000000000,0.0000000000,-0.8110598922,0.3217871785,-0.3574327826,0.9851680398,-0.1667855233,-0.0462100506,0.2498164773,0.6789698601,0.1270357966,-0.6787464619,
7027.932,0.1220740378,-0.0610370189,0.9765923023,0.0643330216,0.0028077029,-1.0097965002,-0.1546678096,-0.0421155430,-0.4306772053,0.0017995611,0.0066730282,-0.0117606521,0.0309530683,0.0949819461,-0.9951078296,0.0048966003,0.3051851094,0.0610370189,0.1831110567,-0.3973509967,-0.8686788678,-0.2827234864,-0.3900265396,0.1209753752,-0.4856105149,0.0619998574,-0.0887407064,0.1426854730,-0.1616032869,0.6279167533,0.5645071268,-0.5110576153,0.3051851094,0.0610370189,0.1831110567,-0.3973509967,-0.8686788678,-0.2827234864,-0.3900265396,0.1209753752,-0.4856105149,0.0619998574,-0.0887407064,0.1426854730,-0.1616032869,0.6279167533,0.5645071268,-0.5110576153,0.0000000000,0.0000000000,0.0000000000,0.0000000000,0.0000000000,0.0000000000,-0.8100833297,0.3188574016,-0.3593859673,0.9851680398,-0.1667857617,-0.0462102294,0.2496217489,0.6790062785,0.1268408149,-0.6788181663,
7027.945,0.1220740378,-0.0610370189,1.0376293659,0.0632343516,0.0029297769,-1.0101627111,-0.1524704695,-0.0393078402,-0.4307992756,0.0007125065,0.0067939004,-0.0121261477,0.0309475698,0.0949349701,-0.9951124787,0.0048939879,0.0610370189,-0.2441480756,0.2441480756,-0.3984496593,-0.8700216413,-0.2832117677,-0.3880733550,0.1207312271,-0.4807275534,0.0606898963,-0.0895759463,0.1414946318,-0.1614265740,0.6271837354,0.5650107861,-0.5114570260,0.0610370189,-0.2441480756,0.2441480756,-0.3984496593,-0.8700216413,-0.2832117677,-0.3880733550,0.1207312271,-0.4807275534,0.0606898963,-0.0895759463,0.1414946318,-0.1614265740,0.6271837354,0.5650107861,-0.5114570260,0.0000000000,0.0000000000,0.0000000000,0.0000000000,0.0000000000,0.0000000000,-0.8115482330,0.3178808093,-0.3554795980,0.9851679206,-0.1667860150,-0.0462102890,0.2494298369,0.6790420413,0.1266486496,-0.6788887382,
7027.958,0.1220740378,-0.0610370189,0.9765923023,0.0644550920,0.0032959990,-1.0104068518,-0.1512497365,-0.0428479873,-0.4304330647,0.0019388273,0.0071564550,-0.0123698711,0.0309449155,0.0949443132,-0.9951116443,0.0048921867,0.0000000000,-0.3051851094,0.2441480756,-0.3991821110,-0.8688009381,-0.2824793160,-0.3897823989,0.1206091493,-0.4814600050,0.0597566664,-0.0878577232,0.1415288746,-0.1612400115,0.6264504194,0.5655149221,-0.5118569732,0.0000000000,-0.3051851094,0.2441480756,-0.3991821110,-0.8688009381,-0.2824793160,-0.3897823989,0.1206091493,-0.4814600050,0.0597566664,-0.0878577232,0.1415288746,-0.1612400115,0.6264504194,0.5655149221,-0.5118569732,0.0000000000,0.0000000000,0.0000000000,0.0000000000,0.0000000000,0.0000000000,-0.8105716109,0.3193456829,-0.3554795980,0.9851679206,-0.1667862535,-0.0462105870,0.2492446303,0.6790765524,0.1264631897,-0.6789568663,
7027.971,0.1220740378,-0.0610370189,0.9765923023,0.0639667958,0.0021973327,-1.0105289221,-0.1513718069,-0.0399182104,-0.4278694987,0.0014585182,0.0060595679,-0.0124914646,0.0309409965,0.0949147642,-0.9951146841,0.0048917728,-0.0610370189,-0.1831110567,0.2441480756,-0.3984496593,-0.8674581051,-0.2806482017,-0.3897823989,0.1201208532,-0.4846339226,0.0602810383,-0.0860216618,0.1426767409,-0.1610621065,0.6257302165,0.5660102963,-0.5122465491,-0.0610370189,-0.1831110567,0.2441480756,-0.3984496593,-0.8674581051,-0.2806482017,-0.3897823989,0.1201208532,-0.4846339226,0.0602810383,-0.0860216618,0.1426767409,-0.1610621065,0.6257302165,0.5660102963,-0.5122465491,0.0000000000,0.0000000000,0.0000000000,0.0000000000,0.0000000000,0.0000000000,-0.8122806549,0.3169042170,-0.3554795980,0.9851676226,-0.1667864770,-0.0462105274,0.2490506321,0.6791125536,0.1262689680,-0.6790280342,
7027.984,0.1220740378,0.0000000000,0.9765923023,0.0642109439,0.0034180731,-1.0107730627,-0.1540574431,-0.0422376171,-0.4328745306,0.0016988590,0.0072760493,-0.0127358437,0.0309431329,0.0949071571,-0.9951152802,0.0048895972,0.1220740378,0.1220740378,0.1831110567,-0.3983275890,-0.8674581051,-0.2793053985,-0.3913693726,0.1198767051,-0.4848780930,0.0601651967,-0.0855107903,0.1433334947,-0.1609112024,0.6250171661,0.5664946437,-0.5126286745,0.1220740378,0.1220740378,0.1831110567,-0.3983275890,-0.8674581051,-0.2793053985,-0.3913693726,0.1198767051,-0.4848780930,0.0601651967,-0.0855107903,0.1433334947,-0.1609112024,0.6250171661,0.5664946437,-0.5126286745,0.0000000000,0.0000000000,0.0000000000,0.0000000000,0.0000000000,0.0000000000,-0.8117923737,0.3203222752,-0.3554795980,0.9851677418,-0.1667867601,-0.0462108850,0.2488698512,0.6791461706,0.1260879636,-0.6790944338,
7027.997,0.1220740378,-0.0610370189,0.9765923023,0.0636005774,0.0035401471,-1.0106509924,-0.1600390673,-0.0389416181,-0.4318979383,0.0010983050,0.0073932791,-0.0126131773,0.0309388004,0.0948407277,-0.9951217771,0.0048846528,0.1831110567,0.1220740378,0.1220740378,-0.3964964747,-0.8690450788,-0.2800378501,-0.3863643408,0.1184118167,-0.4814600050,0.0617405176,-0.0865756273,0.1419121325,-0.1607746184,0.6243061423,0.5669746399,-0.5130073428,0.1831110567,0.1220740378,0.1220740378,-0.3964964747,-0.8690450788,-0.2800378501,-0.3863643408,0.1184118167,-0.4814600050,0.0617405176,-0.0865756273,0.1419121325,-0.1607746184,0.6243061423,0.5669746399,-0.5130073428,0.0000000000,0.0000000000,0.0000000000,0.0000000000,0.0000000000,0.0000000000,-0.8120365143,0.3198339939,-0.3535264134,0.9851677418,-0.1667869985,-0.0462111235,0.2486912608,0.6791793108,0.1259091645,-0.6791599393,
7028.010,0.1220740378,0.0000000000,0.9765923023,0.0634784997,0.0030518509,-1.0112613440,-0.1563768387,-0.0433362834,-0.4276253581,0.0009761378,0.0069025857,-0.0132234693,0.0309389494,0.0948422477,-0.9951216578,0.0048835101,0.1220740378,-0.0610370189,0.1831110567,-0.3946653605,-0.8683126569,-0.2810144424,-0.3892941177,0.1195104867,-0.4825586677,0.0633312464,-0.0853330493,0.1402499080,-0.1606213003,0.6235899925,0.5674600601,-0.5133893490,0.1220740378,-0.0610370189,0.1831110567,-0.3946653605,-0.8683126569,-0.2810144424,-0.3892941177,0.1195104867,-0.4825586677,0.0633312464,-0.0853330493,0.1402499080,-0.1606213003,0.6235899925,0.5674600601,-0.5133893490,0.0000000000,0.0000000000,0.0000000000,0.0000000000,0.0000000000,0.0000000000,-0.8091067076,0.3193456829,-0.3554795980,0.9851676226,-0.1667872220,-0.0462111831,0.2485105991,0.6792126894,0.1257282943,-0.6792261004,
7028.023,0.1220740378,0.0000000000,0.9765923023,0.0631122813,0.0031739250,-1.0107730627,-0.1562547684,-0.0423596911,-0.4325083196,0.0006114841,0.0070216628,-0.0127351284,0.0309383702,0.0948303565,-0.9951227903,0.0048815738,0.0000000000,-0.2441480756,0.0610370189,-0.3956419528,-0.8694112897,-0.2826013863,-0.3902707100,0.1191442609,-0.4828028083,0.0621128678,-0.0859267712,0.1379870474,-0.1604551673,0.6228646636,0.5679588914,-0.5137702823,0.0000000000,-0.2441480756,0.0610370189,-0.3956419528,-0.8694112897,-0.2826013863,-0.3902707100,0.1191442609,-0.4828028083,0.0621128678,-0.0859267712,0.1379870474,-0.1604551673,0.6228646636,0.5679588914,-0.5137702823,0.0000000000,0.0000000000,0.0000000000,0.0000000000,0.0000000000,0.0000000000,-0.8120365143,0.3198339939,-0.3535264134,0.9851676822,-0.1667874902,-0.0462115407,0.2483337671,0.6792454123,0.1255512536,-0.6792908907,
7028.036,0.1220740378,0.0000000000,0.9155552983,0.0632343516,0.0031739250,-1.0107730627,-0.1536912173,-0.0407727286,-0.4329966009,0.0007344745,0.0070180153,-0.0127350092,0.0309381839,0.0948103294,-0.9951246977,0.0048790914,-0.0610370189,-0.3051851094,0.0610370189,-0.3960081935,-0.8692892194,-0.2823572457,-0.3869746923,0.1219519675,-0.4788964391,0.0615118742,-0.0853081942,0.1375609338,-0.1602817327,0.6221398115,0.5684579015,-0.5141504407,-0.0610370189,-0.3051851094,0.0610370189,-0.3960081935,-0.8692892194,-0.2823572457,-0.3869746923,0.1219519675,-0.4788964391,0.0615118742,-0.0853081942,0.1375609338,-0.1602817327,0.6221398115,0.5684579015,-0.5141504407,0.0000000000,0.0000000000,0.0000000000,0.0000000000,0.0000000000,0.0000000000,-0.8125247955,0.3242286444,-0.3554795980,0.9851674438,-0.1667877585,-0.0462115407,0.2481695116,0.6792756915,0.1253867894,-0.6793509126,
7028.049,0.1220740378,-0.0610370189,0.9765923023,0.0636005774,0.0030518509,-1.0110172033,-0.1545457393,-0.0395519882,-0.4345835745,0.0011105463,0.0068935840,-0.0129785538,0.0309335999,0.0947663337,-0.9951291680,0.0048760809,-0.1220740378,-0.3662221134,0.0000000000,-0.3961302638,-0.8690450788,-0.2819910347,-0.3880733550,0.1201208532,-0.4836573303,0.0611532331,-0.0845699906,0.1372619569,-0.1601099670,0.6214187741,0.5689536929,-0.5145272613,-0.1220740378,-0.3662221134,0.0000000000,-0.3961302638,-0.8690450788,-0.2819910347,-0.3880733550,0.1201208532,-0.4836573303,0.0611532331,-0.0845699906,0.1372619569,-0.1601099670,0.6214187741,0.5689536929,-0.5145272613,0.0000000000,0.0000000000,0.0000000000,0.0000000000,0.0000000000,0.0000000000,-0.8120365143,0.3169042170,-0.3535264134,0.9851676822,-0.1667880714,-0.0462118983,0.2479841113,0.6793099642,0.1252011955,-0.6794187427,
7028.062,0.1220740378,0.0000000000,0.9765923023,0.0644550920,0.0031739250,-1.0104068518,-0.1546678096,-0.0411389507,-0.4347056448,0.0019598641,0.0070126983,-0.0123685002,0.0309364498,0.0947429985,-0.9951311350,0.0048741302,-0.1831110567,-0.6103702188,0.0000000000,-0.3980834484,-0.8680684566,-0.2816247940,-0.3923459649,0.1226844117,-0.4801172018,0.0589921772,-0.0831111670,0.1369525790,-0.1599066108,0.6206786633,0.5694648027,-0.5149186254,-0.1831110567,-0.6103702188,0.0000000000,-0.3980834484,-0.8680684566,-0.2816247940,-0.3923459649,0.1226844117,-0.4801172018,0.0589921772,-0.0831111670,0.1369525790,-0.1599066108,0.6206786633,0.5694648027,-0.5149186254,0.0000000000,0.0000000000,0.0000000000,0.0000000000,0.0000000000,0.0000000000,-0.8091067076,0.3188574016,-0.3554795980,0.9851673841,-0.1667882949,-0.0462118387,0.2478051633,0.6793428063,0.1250220984,-0.6794840097,
7028.075,0.1220740378,-0.0610370189,0.9765923023,0.0650654659,0.0029297769,-1.0110172033,-0.1549119502,-0.0421155430,-0.4342173636,0.0025728419,0.0067668254,-0.0129786730,0.0309352819,0.0947320089,-0.9951324463,0.0048728040,-0.1831110567,-0.6103702188,0.0000000000,-0.3995483220,-0.8667256832,-0.2812585831,-0.3864864111,0.1218298897,-0.4786522985,0.0573282540,-0.0812937617,0.1366454363,-0.1597077399,0.6199515462,0.5699608922,-0.5153071284,-0.1831110567,-0.6103702188,0.0000000000,-0.3995483220,-0.8667256832,-0.2812585831,-0.3864864111,0.1218298897,-0.4786522985,0.0573282540,-0.0812937617,0.1366454363,-0.1597077399,0.6199515462,0.5699608922,-0.5153071284,0.0000000000,0.0000000000,0.0000000000,0.0000000000,0.0000000000,0.0000000000,-0.8108157516,0.3212988675,-0.3593859673,0.9851673841,-0.1667885333,-0.0462120771,0.2476281673,0.6793753505,0.1248449385,-0.6795486212,
7028.088,0.1831110567,0.0000000000,0.9765923023,0.0648213178,0.0037842952,-1.0112613440,-0.1567430645,-0.0426038392,-0.4373912811,0.0023219697,0.0076260422,-0.0132232308,0.0309384651,0.0947215855,-0.9951331615,0.0048751403,-0.1220740378,-0.4882961512,0.0000000000,-0.4004028440,-0.8662374020,-0.2812585831,-0.3889278769,0.1189001128,-0.4765770435,0.0562705696,-0.0803317428,0.1359764338,-0.1595104337,0.6192260981,0.5704556704,-0.5156926513,-0.1220740378,-0.4882961512,0.0000000000,-0.4004028440,-0.8662374020,-0.2812585831,-0.3889278769,0.1189001128,-0.4765770435,0.0562705696,-0.0803317428,0.1359764338,-0.1595104337,0.6192260981,0.5704556704,-0.5156926513,0.0000000000,0.0000000000,0.0000000000,0.0000000000,0.0000000000,0.0000000000,-0.8110598922,0.3169042170,-0.3750114441,0.9851674438,-0.1667887866,-0.0462122560,0.2474128306,0.6794148684,0.1246294752,-0.6796271205,
7028.101,0.1831110567,-0.0610370189,0.9765923023,0.0645771697,0.0025635548,-1.0107730627,-0.1557664722,-0.0416272469,-0.4349497855,0.0020827986,0.0064160000,-0.0127347112,0.0309355743,0.0947018191,-0.9951351285,0.0048796162,0.0000000000,-0.1831110567,0.1831110567,-0.4017456472,-0.8656269908,-0.2804040611,-0.3880733550,0.1213415936,-0.4764549732,0.0547355711,-0.0792579055,0.1361683905,-0.1593255103,0.6185263395,0.5709244609,-0.5160709023,0.0000000000,-0.1831110567,0.1831110567,-0.4017456472,-0.8656269908,-0.2804040611,-0.3880733550,0.1213415936,-0.4764549732,0.0547355711,-0.0792579055,0.1361683905,-0.1593255103,0.6185263395,0.5709244609,-0.5160709023,0.0000000000,0.0000000000,0.0000000000,0.0000000000,0.0000000000,0.0000000000,-0.8117923737,0.3154393137,-0.3574327826,0.9851673245,-0.1667889953,-0.0462123752,0.2472198606,0.6794501543,0.1244363785,-0.6796973944,
7028.114,0.1220740378,-0.0610370189,0.9765923023,0.0650654659,0.0024414808,-1.0108951330,-0.1555223316,-0.0412610248,-0.4354380965,0.0025736839,0.0062945401,-0.0128566027,0.0309343729,0.0946777314,-0.9951374531,0.0048790504,0.0610370189,0.0000000000,0.2441480756,-0.4011352956,-0.8657490611,-0.2802819908,-0.3870967627,0.1202429309,-0.4774315655,0.0551467240,-0.0789186358,0.1356369555,-0.1591550708,0.6178428531,0.5713779926,-0.5164399147,0.0610370189,0.0000000000,0.2441480756,-0.4011352956,-0.8657490611,-0.2802819908,-0.3870967627,0.1202429309,-0.4774315655,0.0551467240,-0.0789186358,0.1356369555,-0.1591550708,0.6178428531,0.5713779926,-0.5164399147,0.0000000000,0.0000000000,0.0000000000,0.0000000000,0.0000000000,0.0000000000,-0.8108157516,0.3164159060,-0.3535264134,0.9851673841,-0.1667892486,-0.0462126732,0.2470381558,0.6794834137,0.1242545396,-0.6797635555,
7028.127,0.1220740378,-0.0610370189,0.9765923023,0.0646992400,0.0029297769,-1.0113834143,-0.1555223316,-0.0434583575,-0.4326303899,0.0022119954,0.0067810416,-0.0133445859,0.0309321713,0.0946830213,-0.9951369762,0.0048781061,0.1220740378,0.1220740378,0.3051851094,-0.4001587033,-0.8663594723,-0.2794274688,-0.3901486397,0.1212195233,-0.4770653546,0.0559202433,-0.0790661573,0.1358384490,-0.1589887738,0.6171619892,0.5718280673,-0.5168071389,0.1220740378,0.1220740378,0.3051851094,-0.4001587033,-0.8663594723,-0.2794274688,-0.3901486397,0.1212195233,-0.4770653546,0.0559202433,-0.0790661573,0.1358384490,-0.1589887738,0.6171619892,0.5718280673,-0.5168071389,0.0000000000,0.0000000000,0.0000000000,0.0000000000,0.0000000000,0.0000000000,-0.8095950484,0.3173924983,-0.3574327826,0.9851673841,-0.1667895019,-0.0462129712,0.2468553036,0.6795167923,0.1240715608,-0.6798300743,
7028.140,0.1220740378,-0.0610370189,1.0376293659,0.0648213178,0.0032959990,-1.0115054846,-0.1563768387,-0.0437025055,-0.4299447536,0.0023380481,0.0071443385,-0.0134664178,0.0309303198,0.0946843103,-0.9951370358,0.0048765000,0.1831110567,0.3662221134,0.3051851094,-0.3984496593,-0.8678243160,-0.2804040611,-0.3853877485,0.1203650013,-0.4777977765,0.0573989749,-0.0800629258,0.1342266500,-0.1588511169,0.6165030599,0.5722609162,-0.5171566010,0.1831110567,0.3662221134,0.3051851094,-0.3984496593,-0.8678243160,-0.2804040611,-0.3853877485,0.1203650013,-0.4777977765,0.0573989749,-0.0800629258,0.1342266500,-0.1588511169,0.6165030599,0.5722609162,-0.5171566010,0.0000000000,0.0000000000,0.0000000000,0.0000000000,0.0000000000,0.0000000000,-0.8105716109,0.3149510324,-0.3535264134,0.9851670861,-0.1667896807,-0.0462128520,0.2466703206,0.6795504093,0.1238864958,-0.6798971891,
7028.153,0.1220740378,-0.0610370189,0.9765923023,0.0634784997,0.0036622211,-1.0108951330,-0.1536912173,-0.0428479873,-0.4293344021,0.0010055788,0.0075051636,-0.0128554106,0.0309254024,0.0946879387,-0.9951367974,0.0048734341,0.1831110567,0.3662221134,0.2441480756,-0.3962523341,-0.8672139645,-0.2805261314,-0.3869746923,0.1220740378,-0.4835352600,0.0593504310,-0.0789791942,0.1334750354,-0.1587245464,0.6158485413,0.5726904273,-0.5174996853,0.1831110567,0.3662221134,0.2441480756,-0.3962523341,-0.8672139645,-0.2805261314,-0.3869746923,0.1220740378,-0.4835352600,0.0593504310,-0.0789791942,0.1334750354,-0.1587245464,0.6158485413,0.5726904273,-0.5174996853,0.0000000000,0.0000000000,0.0000000000,0.0000000000,0.0000000000,0.0000000000,-0.8120365143,0.3183690906,-0.3535264134,0.9851672053,-0.1667899638,-0.0462132692,0.2464973629,0.6795819402,0.1237134114,-0.6799600720,
7028.166,0.1220740378,0.0000000000,0.9765923023,0.0645771697,0.0035401471,-1.0099185705,-0.1557664722,-0.0424817652,-0.4295785427,0.0020981878,0.0073783048,-0.0118792057,0.0309286844,0.0946805924,-0.9951373935,0.0048711114,0.1831110567,0.2441480756,0.2441480756,-0.3952757418,-0.8670918941,-0.2816247940,-0.3863643408,0.1230506301,-0.4824365973,0.0600863397,-0.0783865452,0.1317452788,-0.1585921943,0.6151911020,0.5731216073,-0.5178450346,0.1831110567,0.2441480756,0.2441480756,-0.3952757418,-0.8670918941,-0.2816247940,-0.3863643408,0.1230506301,-0.4824365973,0.0600863397,-0.0783865452,0.1317452788,-0.1585921943,0.6151911020,0.5731216073,-0.5178450346,0.0000000000,0.0000000000,0.0000000000,0.0000000000,0.0000000000,0.0000000000,-0.8108157516,0.3188574016,-0.3593859673,0.9851670265,-0.1667901725,-0.0462133288,0.2463182956,0.6796144247,0.1235342473,-0.6800249815,
7028.179,0.1220740378,-0.0610370189,0.9765923023,0.0632343516,0.0036622211,-1.0102847815,-0.1557664722,-0.0397961363,-0.4240851998,0.0007666983,0.0074950196,-0.0122447014,0.0309234913,0.0946395323,-0.9951415062,0.0048666284,0.0610370189,0.0610370189,0.1831110567,-0.3963744044,-0.8684347272,-0.2818689644,-0.3906369209,0.1239051521,-0.4785302281,0.0587545931,-0.0792666674,0.1308741868,-0.1584336609,0.6145128012,0.5735753775,-0.5181961060,0.0610370189,0.0610370189,0.1831110567,-0.3963744044,-0.8684347272,-0.2818689644,-0.3906369209,0.1239051521,-0.4785302281,0.0587545931,-0.0792666674,0.1308741868,-0.1584336609,0.6145128012,0.5735753775,-0.5181961060,0.0000000000,0.0000000000,0.0000000000,0.0000000000,0.0000000000,0.0000000000,-0.8100833297,0.3183690906,-0.3593859673,0.9851670265,-0.1667904258,-0.0462135673,0.2461389005,0.6796469688,0.1233547628,-0.6800900102,
7028.192,0.1220740378,0.0000000000,0.9765923023,0.0632343516,0.0025635548,-1.0118716955,-0.1571092904,-0.0432142094,-0.4268929064,0.0007678345,0.0063964683,-0.0138315558,0.0309229270,0.0946386158,-0.9951415658,0.0048666038,0.0000000000,-0.1220740378,0.2441480756,-0.3972289264,-0.8688009381,-0.2805261314,-0.3857539594,0.1231727079,-0.4817041457,0.0576937497,-0.0791805983,0.1315797269,-0.1582726538,0.6138463020,0.5740112662,-0.5185526609,0.0000000000,-0.1220740378,0.2441480756,-0.3972289264,-0.8688009381,-0.2805261314,-0.3857539594,0.1231727079,-0.4817041457,0.0576937497,-0.0791805983,0.1315797269,-0.1582726538,0.6138463020,0.5740112662,-0.5185526609,0.0000000000,0.0000000000,0.0000000000,0.0000000000,0.0000000000,0.0000000000,-0.8108157516,0.3198339939,-0.3574327826,0.9851670265,-0.1667906642,-0.0462138057,0.2459681034,0.6796779037,0.1231838763,-0.6801518798,
7028.205,0.1220740378,0.0000000000,0.9765923023,0.0638447255,0.0037842952,-1.0118716955,-0.1561326981,-0.0444349498,-0.4268929064,0.0013763160,0.0076113017,-0.0138316154,0.0309240595,0.0946564823,-0.9951399565,0.0048643067,0.0000000000,-0.1220740378,0.2441480756,-0.3969847858,-0.8684347272,-0.2801599205,-0.3831903934,0.1237830743,-0.4788964391,0.0577322543,-0.0783643723,0.1313103735,-0.1581124663,0.6131826043,0.5744438171,-0.5189077854,0.0000000000,-0.1220740378,0.2441480756,-0.3969847858,-0.8684347272,-0.2801599205,-0.3831903934,0.1237830743,-0.4788964391,0.0577322543,-0.0783643723,0.1313103735,-0.1581124663,0.6131826043,0.5744438171,-0.5189077854,0.0000000000,0.0000000000,0.0000000000,0.0000000000,0.0000000000,0.0000000000,-0.8091067076,0.3159276247,-0.3574327826,0.9851669073,-0.1667909026,-0.0462138653,0.2457856536,0.6797108650,0.1230013669,-0.6802178621,
7028.218,0.1220740378,0.0000000000,0.9765923023,0.0636005774,0.0024414808,-1.0110172033,-0.1569872200,-0.0422376171,-0.4293344021,0.0011312403,0.0062692240,-0.0129771829,0.0309245549,0.0946426764,-0.9951412082,0.0048642890,0.1220740378,-0.1831110567,0.2441480756,-0.3963744044,-0.8669698238,-0.2797937095,-0.3848994374,0.1223181859,-0.4747459292,0.0581419468,-0.0764439702,0.1310229599,-0.1579475254,0.6125081182,0.5748785138,-0.5192728043,0.1220740378,-0.1831110567,0.2441480756,-0.3963744044,-0.8669698238,-0.2797937095,-0.3848994374,0.1223181859,-0.4747459292,0.0581419468,-0.0764439702,0.1310229599,-0.1579475254,0.6125081182,0.5748785138,-0.5192728043,0.0000000000,0.0000000000,0.0000000000,0.0000000000,0.0000000000,0.0000000000,-0.8091067076,0.3173924983,-0.3554795980,0.9851669073,-0.1667911261,-0.0462141633,0.2456123531,0.6797421575,0.1228280067,-0.6802805662,
7028.231,0.1220740378,0.0000000000,0.9765923023,0.0629902035,0.0042725913,-1.0108951330,-0.1552781761,-0.0451673940,-0.4329966009,0.0005229041,0.0080920234,-0.0128549337,0.0309237950,0.0946711823,-0.9951385260,0.0048609399,0.1220740378,-0.2441480756,0.3051851094,-0.3985717297,-0.8651387095,-0.2793053985,-0.3840449154,0.1217078194,-0.4721823931,0.0557698607,-0.0741710663,0.1308539510,-0.1577697247,0.6118369102,0.5753072500,-0.5196431875,0.1220740378,-0.2441480756,0.3051851094,-0.3985717297,-0.8651387095,-0.2793053985,-0.3840449154,0.1217078194,-0.4721823931,0.0557698607,-0.0741710663,0.1308539510,-0.1577697247,0.6118369102,0.5753072500,-0.5196431875,0.0000000000,0.0000000000,0.0000000000,0.0000000000,0.0000000000,0.0000000000,-0.8120365143,0.3154393137,-0.3535264134,0.9851669073,-0.1667913795,-0.0462143421,0.2454342097,0.6797742844,0.1226498112,-0.6803449392,
7028.244,0.1220740378,0.0000000000,0.9765923023,0.0643330216,0.0032959990,-1.0106509924,-0.1571092904,-0.0426038392,-0.4301889241,0.0018610582,0.0071119824,-0.0126110911,0.0309263282,0.0946616009,-0.9951393604,0.0048591457,0.1831110567,-0.1831110567,0.3051851094,-0.3982055187,-0.8667256832,-0.2797937095,-0.3827021122,0.1199987829,-0.4757225215,0.0559531450,-0.0753123164,0.1297083795,-0.1576082408,0.6111783385,0.5757215023,-0.5200082660,0.1831110567,-0.1831110567,0.3051851094,-0.3982055187,-0.8667256832,-0.2797937095,-0.3827021122,0.1199987829,-0.4757225215,0.0559531450,-0.0753123164,0.1297083795,-0.1576082408,0.6111783385,0.5757215023,-0.5200082660,0.0000000000,0.0000000000,0.0000000000,0.0000000000,0.0000000000,0.0000000000,-0.8088625669,0.3203222752,-0.3535264134,0.9851668477,-0.1667916179,-0.0462145805,0.2452762127,0.6798027158,0.1224917471,-0.6804019809,
7028.257,0.1220740378,0.0000000000,0.9765923023,0.0632343516,0.0030518509,-1.0115054846,-0.1527146250,-0.0426038392,-0.4315317273,0.0007634237,0.0068656197,-0.0134655237,0.0309259035,0.0946646631,-0.9951390624,0.0048580896,0.2441480756,-0.0610370189,0.3662221134,-0.4002807736,-0.8668477535,-0.2811365128,-0.3842890859,0.1218298897,-0.4735251963,0.0537024438,-0.0749981403,0.1277167201,-0.1574432254,0.6105263233,0.5761315227,-0.5203700662,0.2441480756,-0.0610370189,0.3662221134,-0.4002807736,-0.8668477535,-0.2811365128,-0.3842890859,0.1218298897,-0.4735251963,0.0537024438,-0.0749981403,0.1277167201,-0.1574432254,0.6105263233,0.5761315227,-0.5203700662,0.0000000000,0.0000000000,0.0000000000,0.0000000000,0.0000000000,0.0000000000,-0.8122806549,0.3169042170,-0.3535264134,0.9851667285,-0.1667918414,-0.0462145805,0.2451047003,0.6798335314,0.1223201975,-0.6804637909,
7028.270,0.1831110567,0.0000000000,0.9765923023,0.0640888736,0.0032959990,-1.0112613440,-0.1551561058,-0.0427259132,-0.4317758679,0.0016146787,0.0071169916,-0.0132216215,0.0309271980,0.0946622118,-0.9951393604,0.0048617646,0.3051851094,0.1220740378,0.4882961512,-0.4006469846,-0.8666036129,-0.2808923721,-0.3863643408,0.1225623339,-0.4824365973,0.0531672239,-0.0743265152,0.1273201108,-0.1572937369,0.6099008918,0.5765156746,-0.5207229853,0.3051851094,0.1220740378,0.4882961512,-0.4006469846,-0.8666036129,-0.2808923721,-0.3863643408,0.1225623339,-0.4824365973,0.0531672239,-0.0743265152,0.1273201108,-0.1572937369,0.6099008918,0.5765156746,-0.5207229853,0.0000000000,0.0000000000,0.0000000000,0.0000000000,0.0000000000,0.0000000000,-0.8120365143,0.3193456829,-0.3593859673,0.9851667285,-0.1667920798,-0.0462148786,0.2449333221,0.6798642874,0.1221487820,-0.6805256009,
7028.283,0.1220740378,0.0000000000,0.9765923023,0.0655537620,0.0024414808,-1.0107730627,-0.1543015838,-0.0427259132,-0.4311655164,0.0030689836,0.0062632402,-0.0127339363,0.0309324395,0.0946621373,-0.9951391220,0.0048626470,0.3662221134,0.3662221134,0.4882961512,-0.3994262516,-0.8662374020,-0.2823572457,-0.3894161880,0.1217078194,-0.4839015007,0.0541967452,-0.0735315084,0.1252356470,-0.1571581215,0.6092863083,0.5768969059,-0.5210613012,0.3662221134,0.3662221134,0.4882961512,-0.3994262516,-0.8662374020,-0.2823572457,-0.3894161880,0.1217078194,-0.4839015007,0.0541967452,-0.0735315084,0.1252356470,-0.1571581215,0.6092863083,0.5768969059,-0.5210613012,0.0000000000,0.0000000000,0.0000000000,0.0000000000,0.0000000000,0.0000000000,-0.8091067076,0.3188574016,-0.3593859673,0.9851666689,-0.1667923480,-0.0462149978,0.2447630316,0.6798948050,0.1219784543,-0.6805869341,
7028.296,0.1220740378,0.0000000000,0.9765923023,0.0639667958,0.0021973327,-1.0116275549,-0.1540574431,-0.0432142094,-0.4358043075,0.0014795512,0.0060210717,-0.0135886669,0.0309335459,0.0946680456,-0.9951385260,0.0048639337,0.4272591472,0.7324442267,0.4272591472,-0.3991821110,-0.8664815426,-0.2807703018,-0.3857539594,0.1202429309,-0.4792626798,0.0542156398,-0.0733369589,0.1262194514,-0.1570488065,0.6086851954,0.5772699118,-0.5213835239,0.4272591472,0.7324442267,0.4272591472,-0.3991821110,-0.8664815426,-0.2807703018,-0.3857539594,0.1202429309,-0.4792626798,0.0542156398,-0.0733369589,0.1262194514,-0.1570488065,0.6086851954,0.5772699118,-0.5213835239,0.0000000000,0.0000000000,0.0000000000,0.0000000000,0.0000000000,0.0000000000,-0.8125247955,0.3183690906,-0.3593859673,0.9851666689,-0.1667926013,-0.0462152362,0.2445896119,0.6799258590,0.1218050122,-0.6806493402,
7028.309,0.1220740378,0.0000000000,0.9765923023,0.0650654659,0.0034180731,-1.0112613440,-0.1562547684,-0.0434583575,-0.4292123318,0.0025702529,0.0072377520,-0.0132228732,0.0309376903,0.0946722031,-0.9951379895,0.0048624198,0.4272591472,0.9155552983,0.3662221134,-0.3968626857,-0.8675801754,-0.2811365128,-0.3831903934,0.1206091493,-0.4788964391,0.0562778115,-0.0739892125,0.1252694130,-0.1569602042,0.6080941558,0.5776396990,-0.5216900706,0.4272591472,0.9155552983,0.3662221134,-0.3968626857,-0.8675801754,-0.2811365128,-0.3831903934,0.1206091493,-0.4788964391,0.0562778115,-0.0739892125,0.1252694130,-0.1569602042,0.6080941558,0.5776396990,-0.5216900706,0.0000000000,0.0000000000,0.0000000000,0.0000000000,0.0000000000,0.0000000000,-0.8103274703,0.3212988675,-0.3593859673,0.9851663709,-0.1667927802,-0.0462151766,0.2444285899,0.6799545288,0.1216439903,-0.6807071567,
7028.322,0.1831110567,-0.0610370189,0.9765923023,0.0665303543,0.0039063692,-1.0112613440,-0.1554002464,-0.0433362834,-0.4273812175,0.0040306486,0.0077302349,-0.0132231712,0.0309397038,0.0946779475,-0.9951373339,0.0048648971,0.4272591472,0.8545182943,0.3662221134,-0.3962523341,-0.8679463863,-0.2812585831,-0.3881954551,0.1223181859,-0.4771874249,0.0566332340,-0.0739099383,0.1245615482,-0.1568587720,0.6074901223,0.5780217648,-0.5220012069,0.4272591472,0.8545182943,0.3662221134,-0.3962523341,-0.8679463863,-0.2812585831,-0.3881954551,0.1223181859,-0.4771874249,0.0566332340,-0.0739099383,0.1245615482,-0.1568587720,0.6074901223,0.5780217648,-0.5220012069,0.0000000000,0.0000000000,0.0000000000,0.0000000000,0.0000000000,0.0000000000,-0.8105716109,0.3208105862,-0.3593859673,0.9851665497,-0.1667930782,-0.0462155342,0.2442665845,0.6799834967,0.1214819476,-0.6807654500,
7028.335,0.1220740378,-0.0610370189,0.9765923023,0.0651875362,0.0034180731,-1.0106509924,-0.1564989239,-0.0448011719,-0.4289681613,0.0026897490,0.0072378707,-0.0126127601,0.0309388358,0.0946987420,-0.9951354861,0.0048634261,0.3051851094,0.4882961512,0.3051851094,-0.3945432901,-0.8685567975,-0.2819910347,-0.3872188628,0.1207312271,-0.4817041457,0.0580972135,-0.0740787387,0.1232378185,-0.1567467600,0.6068789959,0.5784077048,-0.5223179460,0.3051851094,0.4882961512,0.3051851094,-0.3945432901,-0.8685567975,-0.2819910347,-0.3872188628,0.1207312271,-0.4817041457,0.0580972135,-0.0740787387,0.1232378185,-0.1567467600,0.6068789959,0.5784077048,-0.5223179460,0.0000000000,0.0000000000,0.0000000000,0.0000000000,0.0000000000,0.0000000000,-0.8125247955,0.3183690906,-0.3554795980,0.9851663709,-0.1667932868,-0.0462155938,0.2441018224,0.6800128222,0.1213171855,-0.6808245778,
7028.348,0.1220740378,-0.0610370189,0.9765923023,0.0648213178,0.0029297769,-1.0110172033,-0.1552781761,-0.0417493209,-0.4344615042,0.0023273937,0.0067479429,-0.0129786730,0.0309370738,0.0946821496,-0.9951369762,0.0048619150,0.2441480756,0.2441480756,0.3051851094,-0.3975951374,-0.8697775006,-0.2821131051,-0.3853877485,0.1213415936,-0.4771874249,0.0548291802,-0.0748689175,0.1225130856,-0.1566117406,0.6062580347,0.5787984729,-0.5226467848,0.2441480756,0.2441480756,0.3051851094,-0.3975951374,-0.8697775006,-0.2821131051,-0.3853877485,0.1213415936,-0.4771874249,0.0548291802,-0.0748689175,0.1225130856,-0.1566117406,0.6062580347,0.5787984729,-0.5226467848,0.0000000000,0.0000000000,0.0000000000,0.0000000000,0.0000000000,0.0000000000,-0.8120365143,0.3173924983,-0.3535264134,0.9851663709,-0.1667935252,-0.0462158918,0.2439379543,0.6800419688,0.1211533099,-0.6808834076,
7028.361,0.1220740378,-0.0610370189,0.9765923023,0.0642109439,0.0031739250,-1.0111392736,-0.1562547684,-0.0428479873,-0.4262825549,0.0017238669,0.0069892621,-0.0131003261,0.0309338067,0.0946790576,-0.9951375127,0.0048600845,0.1220740378,0.1831110567,0.2441480756,-0.3974730670,-0.8690450788,-0.2819910347,-0.3873409331,0.1223181859,-0.4770653546,0.0547323823,-0.0737133622,0.1220478714,-0.1564661264,0.6056317091,0.5792002082,-0.5229712129,0.1220740378,0.1831110567,0.2441480756,-0.3974730670,-0.8690450788,-0.2819910347,-0.3873409331,0.1223181859,-0.4770653546,0.0547323823,-0.0737133622,0.1220478714,-0.1564661264,0.6056317091,0.5792002082,-0.5229712129,0.0000000000,0.0000000000,0.0000000000,0.0000000000,0.0000000000,0.0000000000,-0.8108157516,0.3159276247,-0.3593859673,0.9851663113,-0.1667937785,-0.0462160110,0.2437611818,0.6800733805,0.1209765673,-0.6809467673,
7028.374,0.1220740378,-0.0610370189,0.9765923023,0.0642109439,0.0030518509,-1.0104068518,-0.1554002464,-0.0418713950,-0.4333628416,0.0017304718,0.0068649645,-0.0123674870,0.0309306942,0.0946641117,-0.9951390028,0.0048581990,0.1220740378,0.1220740378,0.1220740378,-0.3953978121,-0.8702658415,-0.2811365128,-0.3851435781,0.1182897463,-0.4760887623,0.0565673411,-0.0744962692,0.1223092675,-0.1563318819,0.6049997807,0.5796045065,-0.5232948065,0.1220740378,0.1220740378,0.1220740378,-0.3953978121,-0.8702658415,-0.2811365128,-0.3851435781,0.1182897463,-0.4760887623,0.0565673411,-0.0744962692,0.1223092675,-0.1563318819,0.6049997807,0.5796045065,-0.5232948065,0.0000000000,0.0000000000,0.0000000000,0.0000000000,0.0000000000,0.0000000000,-0.8108157516,0.3173924983,-0.3535264134,0.9851663113,-0.1667940468,-0.0462161899,0.2435997874,0.6801020503,0.1208151877,-0.6810045838,
7028.387,0.1220740378,0.0000000000,0.9765923023,0.0632343516,0.0025635548,-1.0104068518,-0.1539353579,-0.0448011719,-0.4337290525,0.0007546172,0.0063768686,-0.0123674273,0.0309301820,0.0946916640,-0.9951363802,0.0048591201,0.0610370189,0.0610370189,0.0610370189,-0.3935666978,-0.8701437712,-0.2815027237,-0.3848994374,0.1240272224,-0.4749900699,0.0581473410,-0.0739357471,0.1213592291,-0.1561947167,0.6043620110,0.5800179839,-0.5236145854,0.0610370189,0.0610370189,0.0610370189,-0.3935666978,-0.8701437712,-0.2815027237,-0.3848994374,0.1240272224,-0.4749900699,0.0581473410,-0.0739357471,0.1213592291,-0.1561947167,0.6043620110,0.5800179839,-0.5236145854,0.0000000000,0.0000000000,0.0000000000,0.0000000000,0.0000000000,0.0000000000,-0.8088625669,0.3193456829,-0.3730582595,0.9851661921,-0.1667942852,-0.0462161899,0.2434166074,0.6801344752,0.1206320599,-0.6810700893,
7028.400,0.1831110567,0.0000000000,0.9765923023,0.0633564293,0.0024414808,-1.0105289221,-0.1562547684,-0.0426038392,-0.4355601668,0.0008768737,0.0062662303,-0.0124895573,0.0309295934,0.0946833193,-0.9951370955,0.0048645474,0.0000000000,-0.1831110567,0.0000000000,-0.3938108385,-0.8690450788,-0.2815027237,-0.3866084814,0.1210974455,-0.4760887623,0.0576644242,-0.0724028945,0.1207684278,-0.1560429037,0.6037137508,0.5804381967,-0.5239418149,0.0000000000,-0.1831110567,0.0000000000,-0.3938108385,-0.8690450788,-0.2815027237,-0.3866084814,0.1210974455,-0.4760887623,0.0576644242,-0.0724028945,0.1207684278,-0.1560429037,0.6037137508,0.5804381967,-0.5239418149,0.0000000000,0.0000000000,0.0000000000,0.0000000000,0.0000000000,0.0000000000,-0.8117923737,0.3193456829,-0.3574327826,0.9851661921,-0.1667945385,-0.0462163687,0.2432567626,0.6801627874,0.1204722375,-0.6811272502,
7028.413,0.1220740378,0.0000000000,0.9765923023,0.0636005774,0.0042725913,-1.0100406408,-0.1594287008,-0.0445570238,-0.4344615042,0.0011198223,0.0080890302,-0.0120012760,0.0309305433,0.0946910232,-0.9951364994,0.0048607048,-0.1220740378,-0.6714072227,-0.0610370189,-0.3958860934,-0.8681905866,-0.2807703018,-0.3824579716,0.1235389262,-0.4776757061,0.0553876162,-0.0711245537,0.1208873391,-0.1558677703,0.6030555367,0.5808581114,-0.5242865682,-0.1220740378,-0.6714072227,-0.0610370189,-0.3958860934,-0.8681905866,-0.2807703018,-0.3824579716,0.1235389262,-0.4776757061,0.0553876162,-0.0711245537,0.1208873391,-0.1558677703,0.6030555367,0.5808581114,-0.5242865682,0.0000000000,0.0000000000,0.0000000000,0.0000000000,0.0000000000,0.0000000000,-0.8100833297,0.3169042170,-0.3554795980,0.9851660728,-0.1667947620,-0.0462164879,0.2430934310,0.6801915765,0.1203089505,-0.6811856031,
7028.426,0.1220740378,0.0000000000,0.9765923023,0.0629902035,0.0035401471,-1.0099185705,-0.1528366953,-0.0435804315,-0.4336069822,0.0005112626,0.0073519340,-0.0118790865,0.0309297927,0.0947059318,-0.9951349497,0.0048587667,-0.1220740378,-0.8545182943,-0.1220740378,-0.3973509967,-0.8666036129,-0.2802819908,-0.3869746923,0.1225623339,-0.4773094952,0.0537351370,-0.0691157579,0.1207492054,-0.1556748897,0.6023815870,0.5812877417,-0.5246424675,-0.1220740378,-0.8545182943,-0.1220740378,-0.3973509967,-0.8666036129,-0.2802819908,-0.3869746923,0.1225623339,-0.4773094952,0.0537351370,-0.0691157579,0.1207492054,-0.1556748897,0.6023815870,0.5812877417,-0.5246424675,0.0000000000,0.0000000000,0.0000000000,0.0000000000,0.0000000000,0.0000000000,-0.8113040328,0.3173924983,-0.3554795980,0.9851660728,-0.1667950004,-0.0462167859,0.2429318130,0.6802200675,0.1201473698,-0.6812433600,
7028.439,0.1831110567,0.0610370189,0.9155552983,0.0637226477,0.0034180731,-1.0100406408,-0.1563768387,-0.0440687276,-0.4339731932,0.0012312122,0.0072358088,-0.0120019317,0.0309356526,0.0947218388,-0.9951334596,0.0048628147,-0.1831110567,-0.9155552983,-0.0610370189,-0.3983275890,-0.8667256832,-0.2799157798,-0.3844111562,0.1239051521,-0.4781640172,0.0525883436,-0.0688288212,0.1204931438,-0.1554773152,0.6017177701,0.5817075372,-0.5249974728,-0.1831110567,-0.9155552983,-0.0610370189,-0.3983275890,-0.8667256832,-0.2799157798,-0.3844111562,0.1239051521,-0.4781640172,0.0525883436,-0.0688288212,0.1204931438,-0.1554773152,0.6017177701,0.5817075372,-0.5249974728,0.0000000000,0.0000000000,0.0000000000,0.0000000000,0.0000000000,0.0000000000,-0.8120365143,0.3159276247,-0.3750114441,0.9851660132,-0.1667952389,-0.0462169051,0.2427353263,0.6802546978,0.1199510023,-0.6813134551,
7028.452,0.1831110567,0.0610370189,0.9765923023,0.0636005774,0.0031739250,-1.0102847815,-0.1573534310,-0.0445570238,-0.4367808998,0.0010974854,0.0069994540,-0.0122468472,0.0309410356,0.0947349668,-0.9951318502,0.0048676590,0.0000000000,-0.6103702188,0.0610370189,-0.4027222395,-0.8669698238,-0.2801599205,-0.3833124936,0.1269569993,-0.4810937941,0.0480371118,-0.0686719418,0.1196259558,-0.1552975923,0.6010836959,0.5820952058,-0.5253472328,0.0000000000,-0.6103702188,0.0610370189,-0.4027222395,-0.8669698238,-0.2801599205,-0.3833124936,0.1269569993,-0.4810937941,0.0480371118,-0.0686719418,0.1196259558,-0.1552975923,0.6010836959,0.5820952058,-0.5253472328,0.0000000000,0.0000000000,0.0000000000,0.0000000000,0.0000000000,0.0000000000,-0.8110598922,0.3188574016,-0.3554795980,0.9851660728,-0.1667954922,-0.0462171435,0.2425807565,0.6802818775,0.1197964698,-0.6813685894,
7028.465,0.1220740378,0.0000000000,0.9765923023,0.0640888736,0.0024414808,-1.0113834143,-0.1550340354,-0.0423596911,-0.4350718856,0.0015827194,0.0062677651,-0.0133456588,0.0309425630,0.0947266445,-0.9951326847,0.0048679211,0.0610370189,-0.3051851094,0.1831110567,-0.4029664099,-0.8668477535,-0.2807703018,-0.3814813793,0.1186559647,-0.4784081578,0.0476332605,-0.0681583881,0.1184135675,-0.1551318765,0.6004741788,0.5824655890,-0.5256825686,0.0610370189,-0.3051851094,0.1831110567,-0.4029664099,-0.8668477535,-0.2807703018,-0.3814813793,0.1186559647,-0.4784081578,0.0476332605,-0.0681583881,0.1184135675,-0.1551318765,0.6004741788,0.5824655890,-0.5256825686,0.0000000000,0.0000000000,0.0000000000,0.0000000000,0.0000000000,0.0000000000,-0.8093508482,0.3193456829,-0.3574327826,0.9851658344,-0.1667957008,-0.0462172627,0.2424266189,0.6803088784,0.1196423769,-0.6814234853,
7028.478,0.1220740378,0.0000000000,0.9765923023,0.0643330216,0.0039063692,-1.0095522404,-0.1596728414,-0.0415051728,-0.4314096570,0.0018220693,0.0077261394,-0.0115147829,0.0309454203,0.0946951807,-0.9951355457,0.0048639276,0.0610370189,-0.0610370189,0.1831110567,-0.4018677473,-0.8666036129,-0.2806482017,-0.3846552968,0.1220740378,-0.4743797183,0.0485517383,-0.0675231814,0.1179561913,-0.1549687684,0.5998646021,0.5828447938,-0.5260061622,0.0610370189,-0.0610370189,0.1831110567,-0.4018677473,-0.8666036129,-0.2806482017,-0.3846552968,0.1220740378,-0.4743797183,0.0485517383,-0.0675231814,0.1179561913,-0.1549687684,0.5998646021,0.5828447938,-0.5260061622,0.0000000000,0.0000000000,0.0000000000,0.0000000000,0.0000000000,0.0000000000,-0.8100833297,0.3203222752,-0.3593859673,0.9851658940,-0.1667959541,-0.0462175012,0.2422730029,0.6803358197,0.1194888204,-0.6814782023,
7028.491,0.1220740378,0.0000000000,0.9765923023,0.0645771697,0.0024414808,-1.0112613440,-0.1564989239,-0.0448011719,-0.4336069822,0.0020607635,0.0062620365,-0.0132242441,0.0309480038,0.0947146714,-0.9951335788,0.0048651840,0.1831110567,0.2441480756,0.3051851094,-0.3999145627,-0.8670918941,-0.2797937095,-0.3864864111,0.1248817444,-0.4735251963,0.0503129959,-0.0676179528,0.1182380021,-0.1548218429,0.5992682576,0.5832122564,-0.5263215303,0.1831110567,0.2441480756,0.3051851094,-0.3999145627,-0.8670918941,-0.2797937095,-0.3864864111,0.1248817444,-0.4735251963,0.0503129959,-0.0676179528,0.1182380021,-0.1548218429,0.5992682576,0.5832122564,-0.5263215303,0.0000000000,0.0000000000,0.0000000000,0.0000000000,0.0000000000,0.0000000000,-0.8108157516,0.3208105862,-0.3750114441,0.9851658940,-0.1667962074,-0.0462176204,0.2420970649,0.6803666353,0.1193129793,-0.6815407872,
7028.504,0.1220740378,0.0000000000,0.9765923023,0.0649433881,0.0031739250,-1.0119937658,-0.1584521085,-0.0435804315,-0.4314096570,0.0024199858,0.0069916574,-0.0139570832,0.0309516303,0.0947131962,-0.9951336384,0.0048640645,0.1831110567,0.3662221134,0.3051851094,-0.3986938000,-0.8661152720,-0.2806482017,-0.3848994374,0.1245155185,-0.4775536358,0.0513302088,-0.0662503242,0.1168284118,-0.1546907127,0.5986903906,0.5835677981,-0.5266236663,0.1831110567,0.3662221134,0.3051851094,-0.3986938000,-0.8661152720,-0.2806482017,-0.3848994374,0.1245155185,-0.4775536358,0.0513302088,-0.0662503242,0.1168284118,-0.1546907127,0.5986903906,0.5835677981,-0.5266236663,0.0000000000,0.0000000000,0.0000000000,0.0000000000,0.0000000000,0.0000000000,-0.8105716109,0.3169042170,-0.3554795980,0.9851658344,-0.1667964756,-0.0462177992,0.2419390976,0.6803942919,0.1191550866,-0.6815969348,
7028.517,0.1220740378,-0.0610370189,0.9765923023,0.0648213178,0.0028077029,-1.0112613440,-0.1597949117,-0.0430921353,-0.4300668240,0.0023019612,0.0066244244,-0.0132244229,0.0309497174,0.0947019681,-0.9951347709,0.0048630196,0.1831110567,0.4272591472,0.2441480756,-0.3969847858,-0.8673360348,-0.2822351754,-0.3878292143,0.1254921108,-0.4793847501,0.0528134406,-0.0670754910,0.1147004664,-0.1545664668,0.5981115103,0.5839295387,-0.5269168615,0.1831110567,0.4272591472,0.2441480756,-0.3969847858,-0.8673360348,-0.2822351754,-0.3878292143,0.1254921108,-0.4793847501,0.0528134406,-0.0670754910,0.1147004664,-0.1545664668,0.5981115103,0.5839295387,-0.5269168615,0.0000000000,0.0000000000,0.0000000000,0.0000000000,0.0000000000,0.0000000000,-0.8122806549,0.3203222752,-0.3554795980,0.9851657152,-0.1667967290,-0.0462179184,0.2417927235,0.6804198027,0.1190087721,-0.6816489100,
7028.530,0.1831110567,-0.0610370189,0.9765923023,0.0657979101,0.0031739250,-1.0107730627,-0.1547898799,-0.0460219122,-0.4326303899,0.0032776222,0.0069984617,-0.0127362013,0.0309496131,0.0947429314,-0.9951308370,0.0048682294,0.0610370189,0.1220740378,0.0610370189,-0.3922238946,-0.8680684566,-0.2819910347,-0.3850215077,0.1225623339,-0.4726706743,0.0573244691,-0.0673977733,0.1144005954,-0.1544339061,0.5975046158,0.5843178034,-0.5272137523,0.0610370189,0.1220740378,0.0610370189,-0.3922238946,-0.8680684566,-0.2819910347,-0.3850215077,0.1225623339,-0.4726706743,0.0573244691,-0.0673977733,0.1144005954,-0.1544339061,0.5975046158,0.5843178034,-0.5272137523,0.0000000000,0.0000000000,0.0000000000,0.0000000000,0.0000000000,0.0000000000,-0.8125247955,0.3212988675,-0.3750114441,0.9851657152,-0.1667969525,-0.0462181568,0.2416196764,0.6804499626,0.1188358441,-0.6817103624,
7028.543,0.1220740378,-0.0610370189,1.0376293659,0.0648213178,0.0040284432,-1.0102847815,-0.1546678096,-0.0450453199,-0.4320200086,0.0023047924,0.0078465547,-0.0122476816,0.0309479292,0.0947661325,-0.9951286912,0.0048655733,-0.0610370189,-0.0610370189,-0.1220740378,-0.3929563165,-0.8688009381,-0.2828455567,-0.3846552968,0.1213415936,-0.4763329029,0.0563314557,-0.0677183270,0.1130096316,-0.1542995125,0.5968921185,0.5847142935,-0.5275074244,-0.0610370189,-0.0610370189,-0.1220740378,-0.3929563165,-0.8688009381,-0.2828455567,-0.3846552968,0.1213415936,-0.4763329029,0.0563314557,-0.0677183270,0.1130096316,-0.1542995125,0.5968921185,0.5847142935,-0.5275074244,0.0000000000,0.0000000000,0.0000000000,0.0000000000,0.0000000000,0.0000000000,-0.8108157516,0.3183690906,-0.3593859673,0.9851655960,-0.1667971760,-0.0462181568,0.2414627224,0.6804772615,0.1186789945,-0.6817659736,
7028.556,0.1220740378,-0.0610370189,0.9765923023,0.0638447255,0.0036622211,-1.0108951330,-0.1536912173,-0.0438245796,-0.4298226833,0.0013368949,0.0074750944,-0.0128574967,0.0309437625,0.0947821587,-0.9951273203,0.0048630494,-0.1831110567,-0.2441480756,-0.1831110567,-0.3939329088,-0.8688009381,-0.2838221490,-0.3852656782,0.1215857416,-0.4797509611,0.0551025569,-0.0673165321,0.1115055382,-0.1541540325,0.5962781906,0.5851148367,-0.5277998447,-0.1831110567,-0.2441480756,-0.1831110567,-0.3939329088,-0.8688009381,-0.2838221490,-0.3852656782,0.1215857416,-0.4797509611,0.0551025569,-0.0673165321,0.1115055382,-0.1541540325,0.5962781906,0.5851148367,-0.5277998447,0.0000000000,0.0000000000,0.0000000000,0.0000000000,0.0000000000,0.0000000000,-0.8088625669,0.3159276247,-0.3593859673,0.9851656556,-0.1667974442,-0.0462183952,0.2412993461,0.6805056930,0.1185157299,-0.6818239093,
7028.569,0.1220740378,-0.0610370189,0.9765923023,0.0638447255,0.0023194067,-1.0107730627,-0.1562547684,-0.0413830988,-0.4349497855,0.0013455153,0.0061336956,-0.0127348304,0.0309395194,0.0947575048,-0.9951298237,0.0048625777,-0.3051851094,-0.6103702188,-0.1831110567,-0.3958860934,-0.8688009381,-0.2805261314,-0.3850215077,0.1223181859,-0.4813379347,0.0529341400,-0.0669234991,0.1142489612,-0.1539850086,0.5956528187,0.5855155587,-0.5281108618,-0.3051851094,-0.6103702188,-0.1831110567,-0.3958860934,-0.8688009381,-0.2805261314,-0.3850215077,0.1223181859,-0.4813379347,0.0529341400,-0.0669234991,0.1142489612,-0.1539850086,0.5956528187,0.5855155587,-0.5281108618,0.0000000000,0.0000000000,0.0000000000,0.0000000000,0.0000000000,0.0000000000,-0.8100833297,0.3183690906,-0.3750114441,0.9851655364,-0.1667976677,-0.0462185740,0.2411203533,0.6805367470,0.1183369011,-0.6818872690,
7028.582,0.1220740378,-0.0610370189,0.9765923023,0.0637226477,0.0024414808,-1.0107730627,-0.1554002464,-0.0456556901,-0.4292123318,0.0012326166,0.0062565743,-0.0127342939,0.0309347380,0.0947922096,-0.9951266646,0.0048636212,-0.3051851094,-0.9155552983,-0.1831110567,-0.3986938000,-0.8680684566,-0.2794274688,-0.3874630034,0.1195104867,-0.4777977765,0.0499465764,-0.0658048987,0.1147677302,-0.1537874192,0.5950081944,0.5859233141,-0.5284428596,-0.3051851094,-0.9155552983,-0.1831110567,-0.3986938000,-0.8680684566,-0.2794274688,-0.3874630034,0.1195104867,-0.4777977765,0.0499465764,-0.0658048987,0.1147677302,-0.1537874192,0.5950081944,0.5859233141,-0.5284428596,0.0000000000,0.0000000000,0.0000000000,0.0000000000,0.0000000000,0.0000000000,-0.8108157516,0.3237403631,-0.3593859673,0.9851655364,-0.1667979360,-0.0462187529,0.2409844846,0.6805602908,0.1182010993,-0.6819353700,
7028.595,0.1220740378,-0.0610370189,0.9765923023,0.0634784997,0.0039063692,-1.0102847815,-0.1546678096,-0.0421155430,-0.4320200086,0.0009986497,0.0077150157,-0.0122452974,0.0309300181,0.0947823897,-0.9951277375,0.0048596216,-0.3051851094,-1.2817773819,0.0000000000,-0.3988158703,-0.8659932017,-0.2804040611,-0.3870967627,0.1231727079,-0.4784081578,0.0496990085,-0.0633652806,0.1131918132,-0.1535610408,0.5943619013,0.5863233209,-0.5287920833,-0.3051851094,-1.2817773819,0.0000000000,-0.3988158703,-0.8659932017,-0.2804040611,-0.3870967627,0.1231727079,-0.4784081578,0.0496990085,-0.0633652806,0.1131918132,-0.1535610408,0.5943619013,0.5863233209,-0.5287920833,0.0000000000,0.0000000000,0.0000000000,0.0000000000,0.0000000000,0.0000000000,-0.8115482330,0.3252052367,-0.3535264134,0.9851654768,-0.1667981744,-0.0462189317,0.2408635467,0.6805812120,0.1180801913,-0.6819781661,
7028.608,0.1220740378,-0.0610370189,0.9765923023,0.0627460554,0.0031739250,-1.0110172033,-0.1566209942,-0.0404065065,-0.4294564724,0.0002801679,0.0069797821,-0.0129768848,0.0309233721,0.0947453678,-0.9951314330,0.0048564188,-0.2441480756,-1.2207404375,0.2441480756,-0.4035767615,-0.8646504283,-0.2789391875,-0.3863643408,0.1220740378,-0.4814600050,0.0448660254,-0.0616838336,0.1140481830,-0.1533276141,0.5937426090,0.5866912603,-0.5291473866,-0.2441480756,-1.2207404375,0.2441480756,-0.4035767615,-0.8646504283,-0.2789391875,-0.3863643408,0.1220740378,-0.4814600050,0.0448660254,-0.0616838336,0.1140481830,-0.1533276141,0.5937426090,0.5866912603,-0.5291473866,0.0000000000,0.0000000000,0.0000000000,0.0000000000,0.0000000000,0.0000000000,-0.8122806549,0.3208105862,-0.3750114441,0.9851654768,-0.1667983979,-0.0462191105,0.2406935394,0.6806105971,0.1179103479,-0.6820382476,
7028.621,0.1220740378,0.0000000000,0.9765923023,0.0627460554,0.0018311106,-1.0113834143,-0.1574755162,-0.0416272469,-0.4295785427,0.0002835207,0.0056408271,-0.0133429170,0.0309216306,0.0947218835,-0.9951338172,0.0048574507,-0.1220740378,-0.8545182943,0.3662221134,-0.4040650725,-0.8642842174,-0.2774742842,-0.3868526220,0.1214636713,-0.4763329029,0.0443013906,-0.0609812140,0.1149126291,-0.1531060487,0.5931379795,0.5870469213,-0.5294951200,-0.1220740378,-0.8545182943,0.3662221134,-0.4040650725,-0.8642842174,-0.2774742842,-0.3868526220,0.1214636713,-0.4763329029,0.0443013906,-0.0609812140,0.1149126291,-0.1531060487,0.5931379795,0.5870469213,-0.5294951200,0.0000000000,0.0000000000,0.0000000000,0.0000000000,0.0000000000,0.0000000000,-0.8113040328,0.3217871785,-0.3730582595,0.9851654768,-0.1667986363,-0.0462193489,0.2405312508,0.6806386113,0.1177482158,-0.6820955873,
7028.634,0.1220740378,0.0000000000,0.9765923023,0.0634784997,0.0041505173,-1.0102847815,-0.1571092904,-0.0396740623,-0.4271370471,0.0010153949,0.0079526007,-0.0122442842,0.0309225116,0.0946748704,-0.9951381087,0.0048522172,0.0000000000,-0.4272591472,0.4882961512,-0.4034546912,-0.8644062877,-0.2785729468,-0.3829462528,0.1229285598,-0.4797509611,0.0448197424,-0.0607706904,0.1132378280,-0.1529195607,0.5925734639,0.5873715281,-0.5298209190,0.0000000000,-0.4272591472,0.4882961512,-0.4034546912,-0.8644062877,-0.2785729468,-0.3829462528,0.1229285598,-0.4797509611,0.0448197424,-0.0607706904,0.1132378280,-0.1529195607,0.5925734639,0.5873715281,-0.5298209190,0.0000000000,0.0000000000,0.0000000000,0.0000000000,0.0000000000,0.0000000000,-0.8117923737,0.3227637708,-0.3554795980,0.9851652980,-0.1667988747,-0.0462194085,0.2404006273,0.6806610823,0.1176176667,-0.6821416616,
7028.647,0.1220740378,0.0000000000,0.9155552983,0.0627460554,0.0031739250,-1.0105289221,-0.1552781761,-0.0443128757,-0.4344615042,0.0002859682,0.0069725811,-0.0124882460,0.0309210531,0.0946971923,-0.9951362610,0.0048510591,0.1220740378,0.0000000000,0.5493331552,-0.4016235769,-0.8668477535,-0.2795495391,-0.3859981000,0.1250038147,-0.4809717238,0.0465261936,-0.0628722906,0.1117068529,-0.1527601928,0.5920265317,0.5876870751,-0.5301284194,0.1220740378,0.0000000000,0.5493331552,-0.4016235769,-0.8668477535,-0.2795495391,-0.3859981000,0.1250038147,-0.4809717238,0.0465261936,-0.0628722906,0.1117068529,-0.1527601928,0.5920265317,0.5876870751,-0.5301284194,0.0000000000,0.0000000000,0.0000000000,0.0000000000,0.0000000000,0.0000000000,-0.8115482330,0.3198339939,-0.3593859673,0.9851652384,-0.1667991579,-0.0462195873,0.2402542830,0.6806862950,0.1174714342,-0.6821932793,
7028.660,0.1220740378,0.0000000000,0.9765923023,0.0651875362,0.0032959990,-1.0115054846,-0.1566209942,-0.0421155430,-0.4331187010,0.0027188398,0.0070913201,-0.0134652853,0.0309255812,0.0946820006,-0.9951373935,0.0048493370,0.3662221134,0.6103702188,0.6714072227,-0.4004028440,-0.8688009381,-0.2801599205,-0.3833124936,0.1237830743,-0.4791406095,0.0475894213,-0.0644766688,0.1105595529,-0.1526455134,0.5915142298,0.5879743099,-0.5304145813,0.3662221134,0.6103702188,0.6714072227,-0.4004028440,-0.8688009381,-0.2801599205,-0.3833124936,0.1237830743,-0.4791406095,0.0475894213,-0.0644766688,0.1105595529,-0.1526455134,0.5915142298,0.5879743099,-0.5304145813,0.0000000000,0.0000000000,0.0000000000,0.0000000000,0.0000000000,0.0000000000,-0.8105716109,0.3242286444,-0.3535264134,0.9851651192,-0.1667994112,-0.0462196469,0.2401341796,0.6807069182,0.1173513830,-0.6822355986,
7028.673,0.1220740378,0.0000000000,0.9765923023,0.0643330216,0.0025635548,-1.0104068518,-0.1558885425,-0.0417493209,-0.4256721735,0.0018595681,0.0063591637,-0.0123669505,0.0309280120,0.0946659148,-0.9951390624,0.0048492048,0.4272591472,0.7934812307,0.6714072227,-0.3991821110,-0.8683126569,-0.2818689644,-0.3834345639,0.1230506301,-0.4776757061,0.0486352742,-0.0636385083,0.1083305180,-0.1525421739,0.5910107493,0.5882594585,-0.5306892991,0.4272591472,0.7934812307,0.6714072227,-0.3991821110,-0.8683126569,-0.2818689644,-0.3834345639,0.1230506301,-0.4776757061,0.0486352742,-0.0636385083,0.1083305180,-0.1525421739,0.5910107493,0.5882594585,-0.5306892991,0.0000000000,0.0000000000,0.0000000000,0.0000000000,0.0000000000,0.0000000000,-0.8095950484,0.3252052367,-0.3535264134,0.9851651192,-0.1667996794,-0.0462198853,0.2400187254,0.6807267666,0.1172359735,-0.6822763085,
7028.686,0.1220740378,0.0000000000,0.9765923023,0.0646992400,0.0035401471,-1.0107730627,-0.1583300233,-0.0426038392,-0.4307992756,0.0022194125,0.0073312218,-0.0127335191,0.0309314728,0.0946528614,-0.9951400161,0.0048468453,0.4272591472,0.9765923023,0.6103702188,-0.3971068561,-0.8688009381,-0.2823572457,-0.3856318891,0.1209753752,-0.4814600050,0.0505058169,-0.0637704134,0.1073419750,-0.1524573267,0.5905160904,0.5885435343,-0.5309492946,0.4272591472,0.9765923023,0.6103702188,-0.3971068561,-0.8688009381,-0.2823572457,-0.3856318891,0.1209753752,-0.4814600050,0.0505058169,-0.0637704134,0.1073419750,-0.1524573267,0.5905160904,0.5885435343,-0.5309492946,0.0000000000,0.0000000000,0.0000000000,0.0000000000,0.0000000000,0.0000000000,-0.8100833297,0.3183690906,-0.3574327826,0.9851651788,-0.1667999476,-0.0462201238,0.2398732454,0.6807517409,0.1170906276,-0.6823275685,
7028.699,0.1220740378,0.0000000000,0.9765923023,0.0649433881,0.0032959990,-1.0111392736,-0.1560106277,-0.0440687276,-0.4328745306,0.0024560913,0.0070837764,-0.0131002069,0.0309352875,0.0946650431,-0.9951388836,0.0048459359,0.3662221134,0.9765923023,0.4882961512,-0.3938108385,-0.8677022457,-0.2827234864,-0.3853877485,0.1215857416,-0.4795068204,0.0535687506,-0.0623077154,0.1064913869,-0.1523770392,0.5900140405,0.5888411999,-0.5312003493,0.3662221134,0.9765923023,0.4882961512,-0.3938108385,-0.8677022457,-0.2827234864,-0.3853877485,0.1215857416,-0.4795068204,0.0535687506,-0.0623077154,0.1064913869,-0.1523770392,0.5900140405,0.5888411999,-0.5312003493,0.0000000000,0.0000000000,0.0000000000,0.0000000000,0.0000000000,0.0000000000,-0.8093508482,0.3183690906,-0.3535264134,0.9851651788,-0.1668002009,-0.0462203026,0.2397353202,0.6807754040,0.1169528142,-0.6823760867,
7028.712,0.1220740378,0.0000000000,0.9765923023,0.0655537620,0.0036622211,-1.0106509924,-0.1516159624,-0.0416272469,-0.4266487658,0.0030559152,0.0074449019,-0.0126125813,0.0309408177,0.0946597606,-0.9951390624,0.0048437361,0.3051851094,0.9155552983,0.3662221134,-0.3929563165,-0.8680684566,-0.2824793160,-0.3840449154,0.1236610040,-0.4760887623,0.0541743636,-0.0623041987,0.1062562764,-0.1522950828,0.5895013809,0.5891510844,-0.5314493775,0.3051851094,0.9155552983,0.3662221134,-0.3929563165,-0.8680684566,-0.2824793160,-0.3840449154,0.1236610040,-0.4760887623,0.0541743636,-0.0623041987,0.1062562764,-0.1522950828,0.5895013809,0.5891510844,-0.5314493775,0.0000000000,0.0000000000,0.0000000000,0.0000000000,0.0000000000,0.0000000000,-0.8113040328,0.3198339939,-0.3535264134,0.9851651192,-0.1668004692,-0.0462204218,0.2396019101,0.6807982326,0.1168195084,-0.6824229956,
7028.725,0.1831110567,0.0000000000,0.9765923023,0.0646992400,0.0024414808,-1.0106509924,-0.1563768387,-0.0440687276,-0.4322641790,0.0021950528,0.0062357597,-0.0126129985,0.0309433676,0.0946710855,-0.9951381087,0.0048501627,0.2441480756,0.6714072227,0.2441480756,-0.3934446275,-0.8685567975,-0.2819910347,-0.3846552968,0.1224402636,-0.4820703864,0.0534392297,-0.0624189973,0.1062538922,-0.1522110552,0.5889825821,0.5894616842,-0.5317041874,0.2441480756,0.6714072227,0.2441480756,-0.3934446275,-0.8685567975,-0.2819910347,-0.3846552968,0.1224402636,-0.4820703864,0.0534392297,-0.0624189973,0.1062538922,-0.1522110552,0.5889825821,0.5894616842,-0.5317041874,0.0000000000,0.0000000000,0.0000000000,0.0000000000,0.0000000000,0.0000000000,-0.8103274703,0.3169042170,-0.3554795980,0.9851648211,-0.1668006629,-0.0462203622,0.2394562811,0.6808230281,0.1166740507,-0.6824740767,
7028.738,0.1220740378,-0.0610370189,0.9765923023,0.0653096139,0.0024414808,-1.0122379065,-0.1566209942,-0.0405285805,-0.4323862493,0.0028073043,0.0062366794,-0.0141997933,0.0309425667,0.0946355388,-0.9951413274,0.0048494278,0.0610370189,0.1220740378,0.1220740378,-0.3974730670,-0.8684347272,-0.2827234864,-0.3884395957,0.1226844117,-0.4830469787,0.0492013991,-0.0619376302,0.1050164700,-0.1520825177,0.5884349942,0.5897944570,-0.5319783092,0.0610370189,0.1220740378,0.1220740378,-0.3974730670,-0.8684347272,-0.2827234864,-0.3884395957,0.1226844117,-0.4830469787,0.0492013991,-0.0619376302,0.1050164700,-0.1520825177,0.5884349942,0.5897944570,-0.5319783092,0.0000000000,0.0000000000,0.0000000000,0.0000000000,0.0000000000,0.0000000000,-0.8115482330,0.3222754598,-0.3730582595,0.9851649404,-0.1668009311,-0.0462207794,0.2393015772,0.6808494925,0.1165195182,-0.6825284958,
7028.751,0.1220740378,0.0000000000,0.9765923023,0.0650654659,0.0025635548,-1.0110172033,-0.1564989239,-0.0440687276,-0.4294564724,0.0025551617,0.0063590566,-0.0129796267,0.0309464745,0.0946470425,-0.9951402545,0.0048503145,0.0000000000,0.0000000000,0.1220740378,-0.3974730670,-0.8686788678,-0.2828455567,-0.3831903934,0.1256141812,-0.4819483161,0.0490005910,-0.0618287921,0.1043912768,-0.1519517154,0.5878923535,0.5901222825,-0.5322520733,0.0000000000,0.0000000000,0.1220740378,-0.3974730670,-0.8686788678,-0.2828455567,-0.3831903934,0.1256141812,-0.4819483161,0.0490005910,-0.0618287921,0.1043912768,-0.1519517154,0.5878923535,0.5901222825,-0.5322520733,0.0000000000,0.0000000000,0.0000000000,0.0000000000,0.0000000000,0.0000000000,-0.8120365143,0.3198339939,-0.3535264134,0.9851649404,-0.1668011993,-0.0462209582,0.2391698062,0.6808719635,0.1163878664,-0.6825747490,
7028.764,0.1220740378,-0.0610370189,0.9765923023,0.0644550920,0.0030518509,-1.0101627111,-0.1546678096,-0.0424817652,-0.4289681613,0.0019502267,0.0068452284,-0.0121247768,0.0309438836,0.0946434513,-0.9951406121,0.0048488872,-0.0610370189,-0.1220740378,0.0610370189,-0.3990600407,-0.8680684566,-0.2829676270,-0.3835566342,0.1220740378,-0.4831690490,0.0472206771,-0.0608708858,0.1037675738,-0.1518133283,0.5873481631,0.5904516578,-0.5325270891,-0.0610370189,-0.1220740378,0.0610370189,-0.3990600407,-0.8680684566,-0.2829676270,-0.3835566342,0.1220740378,-0.4831690490,0.0472206771,-0.0608708858,0.1037675738,-0.1518133283,0.5873481631,0.5904516578,-0.5325270891,0.0000000000,0.0000000000,0.0000000000,0.0000000000,0.0000000000,0.0000000000,-0.8088625669,0.3227637708,-0.3750114441,0.9851647615,-0.1668014228,-0.0462210178,0.2390168756,0.6808979511,0.1162351221,-0.6826283336,
7028.777,0.1220740378,0.0000000000,0.9765923023,0.0646992400,0.0028077029,-1.0106509924,-0.1549119502,-0.0469985045,-0.4255501032,0.0021881014,0.0066001811,-0.0126134157,0.0309467856,0.0946986303,-0.9951352477,0.0048504537,0.0610370189,0.1831110567,0.1220740378,-0.4001587033,-0.8685567975,-0.2799157798,-0.3842890859,0.1252479702,-0.4870754182,0.0459240079,-0.0610069036,0.1063121259,-0.1516983509,0.5868235826,0.5907582641,-0.5327979326,0.0610370189,0.1831110567,0.1220740378,-0.4001587033,-0.8685567975,-0.2799157798,-0.3842890859,0.1252479702,-0.4870754182,0.0459240079,-0.0610069036,0.1063121259,-0.1516983509,0.5868235826,0.5907582641,-0.5327979326,0.0000000000,0.0000000000,0.0000000000,0.0000000000,0.0000000000,0.0000000000,-0.8125247955,0.3169042170,-0.3554795980,0.9851648211,-0.1668017060,-0.0462211967,0.2388726771,0.6809225082,0.1160910949,-0.6826788783,
7028.790,0.1220740378,0.0000000000,0.9765923023,0.0636005774,0.0026856288,-1.0107730627,-0.1566209942,-0.0450453199,-0.4365367591,0.0010886416,0.0064778179,-0.0127356052,0.0309470929,0.0947203413,-0.9951331615,0.0048510227,0.1831110567,0.4272591472,0.1220740378,-0.3986938000,-0.8688009381,-0.2801599205,-0.3868526220,0.1237830743,-0.4813379347,0.0471686125,-0.0608896017,0.1055665314,-0.1515929848,0.5862966180,0.5910691619,-0.5330631733,0.1831110567,0.4272591472,0.1220740378,-0.3986938000,-0.8688009381,-0.2801599205,-0.3868526220,0.1237830743,-0.4813379347,0.0471686125,-0.0608896017,0.1055665314,-0.1515929848,0.5862966180,0.5910691619,-0.5330631733,0.0000000000,0.0000000000,0.0000000000,0.0000000000,0.0000000000,0.0000000000,-0.8125247955,0.3203222752,-0.3554795980,0.9851646423,-0.1668019295,-0.0462212563,0.2387411743,0.6809448004,0.1159597412,-0.6827248931,
7028.803,0.1220740378,0.0000000000,0.9765923023,0.0643330216,0.0029297769,-1.0115054846,-0.1566209942,-0.0472426526,-0.4304330647,0.0018169135,0.0067204819,-0.0134682655,0.0309489928,0.0947715864,-0.9951282144,0.0048520761,0.1831110567,0.4272591472,0.1220740378,-0.3969847858,-0.8673360348,-0.2812585831,-0.3842890859,0.1204870790,-0.4869533479,0.0486527979,-0.0590660572,0.1039761901,-0.1515020579,0.5857875347,0.5913658738,-0.5333195329,0.1831110567,0.4272591472,0.1220740378,-0.3969847858,-0.8673360348,-0.2812585831,-0.3842890859,0.1204870790,-0.4869533479,0.0486527979,-0.0590660572,0.1039761901,-0.1515020579,0.5857875347,0.5913658738,-0.5333195329,0.0000000000,0.0000000000,0.0000000000,0.0000000000,0.0000000000,0.0000000000,-0.8110598922,0.3232520521,-0.3691518903,0.9851645827,-0.1668021679,-0.0462213755,0.2385996133,0.6809688210,0.1158183515,-0.6827744246,
7028.816,0.1220740378,0.0000000000,0.9765923023,0.0638447255,0.0028077029,-1.0100406408,-0.1560106277,-0.0452894680,-0.4293344021,0.0013264120,0.0065975147,-0.0120035410,0.0309499968,0.0947996750,-0.9951254725,0.0048526097,0.1831110567,0.5493331552,0.1220740378,-0.3975951374,-0.8678243160,-0.2816247940,-0.3808709979,0.1225623339,-0.4859767556,0.0478118658,-0.0591989160,0.1031308174,-0.1514207721,0.5852913857,0.5916544795,-0.5335671902,0.1831110567,0.5493331552,0.1220740378,-0.3975951374,-0.8678243160,-0.2816247940,-0.3808709979,0.1225623339,-0.4859767556,0.0478118658,-0.0591989160,0.1031308174,-0.1514207721,0.5852913857,0.5916544795,-0.5335671902,0.0000000000,0.0000000000,0.0000000000,0.0000000000,0.0000000000,0.0000000000,-0.8100833297,0.3188574016,-0.3554795980,0.9851647615,-0.1668024808,-0.0462217331,0.2384660095,0.6809915304,0.1156848818,-0.6828212142,
7028.829,0.1220740378,0.0000000000,0.9765923023,0.0639667958,0.0041505173,-1.0117496252,-0.1560106277,-0.0441908017,-0.4243293703,0.0014462024,0.0079328371,-0.0137126446,0.0309514124,0.0948147550,-0.9951241016,0.0048494558,0.1831110567,0.4882961512,0.1220740378,-0.3968626857,-0.8674581051,-0.2811365128,-0.3850215077,0.1189001128,-0.4890286028,0.0483168364,-0.0584776402,0.1031360626,-0.1513359100,0.5847918987,0.5919442177,-0.5338175297,0.1831110567,0.4882961512,0.1220740378,-0.3968626857,-0.8674581051,-0.2811365128,-0.3850215077,0.1189001128,-0.4890286028,0.0483168364,-0.0584776402,0.1031360626,-0.1513359100,0.5847918987,0.5919442177,-0.5338175297,0.0000000000,0.0000000000,0.0000000000,0.0000000000,0.0000000000,0.0000000000,-0.8088625669,0.3198339939,-0.3750114441,0.9851644635,-0.1668026745,-0.0462215543,0.2383065820,0.6810184121,0.1155257151,-0.6828768253,
7028.842,0.1220740378,0.0000000000,0.9155552983,0.0645771697,0.0023194067,-1.0110172033,-0.1564989239,-0.0441908017,-0.4273812175,0.0020510629,0.0061026332,-0.0129805803,0.0309540331,0.0948327407,-0.9951222539,0.0048507298,0.1220740378,0.3051851094,0.1220740378,-0.3990600407,-0.8667256832,-0.2813806534,-0.3864864111,0.1208532974,-0.4842677116,0.0459152162,-0.0574021339,0.1024059057,-0.1512241364,0.5842784047,0.5922459364,-0.5340767503,0.1220740378,0.3051851094,0.1220740378,-0.3990600407,-0.8667256832,-0.2813806534,-0.3864864111,0.1208532974,-0.4842677116,0.0459152162,-0.0574021339,0.1024059057,-0.1512241364,0.5842784047,0.5922459364,-0.5340767503,0.0000000000,0.0000000000,0.0000000000,0.0000000000,0.0000000000,0.0000000000,-0.8117923737,0.3173924983,-0.3535264134,0.9851646423,-0.1668029726,-0.0462219119,0.2381712794,0.6810413599,0.1153905690,-0.6829241514,
7028.855,0.1220740378,0.0000000000,0.9765923023,0.0651875362,0.0031739250,-1.0105289221,-0.1561326981,-0.0404065065,-0.4275032878,0.0026528090,0.0069544953,-0.0124928355,0.0309586246,0.0947973058,-0.9951254725,0.0048487145,0.1831110567,0.4272591472,0.4272591472,-0.4046754241,-0.8651387095,-0.2800378501,-0.3817255199,0.1214636713,-0.4854884446,0.0401581526,-0.0555047393,0.1032581031,-0.1511071026,0.5838028193,0.5925076604,-0.5343394876,0.1831110567,0.4272591472,0.4272591472,-0.4046754241,-0.8651387095,-0.2800378501,-0.3817255199,0.1214636713,-0.4854884446,0.0401581526,-0.0555047393,0.1032581031,-0.1511071026,0.5838028193,0.5925076604,-0.5343394876,0.0000000000,0.0000000000,0.0000000000,0.0000000000,0.0000000000,0.0000000000,-0.8088625669,0.3193456829,-0.3750114441,0.9851644635,-0.1668031961,-0.0462220311,0.2380116731,0.6810682416,0.1152312160,-0.6829798222,
7028.868,0.1220740378,0.0000000000,0.9155552983,0.0632343516,0.0031739250,-1.0115054846,-0.1544236541,-0.0415051728,-0.4310434163,0.0007009283,0.0069511998,-0.0134692788,0.0309581887,0.0947857574,-0.9951266050,0.0048466525,0.2441480756,0.6103702188,0.6103702188,-0.4044312835,-0.8645283580,-0.2794274688,-0.3835566342,0.1230506301,-0.4809717238,0.0402753353,-0.0545952916,0.1033837199,-0.1509845704,0.5833351612,0.5927636027,-0.5346008539,0.2441480756,0.6103702188,0.6103702188,-0.4044312835,-0.8645283580,-0.2794274688,-0.3835566342,0.1230506301,-0.4809717238,0.0402753353,-0.0545952916,0.1033837199,-0.1509845704,0.5833351612,0.5927636027,-0.5346008539,0.0000000000,0.0000000000,0.0000000000,0.0000000000,0.0000000000,0.0000000000,-0.8088625669,0.3237403631,-0.3535264134,0.9851642847,-0.1668034196,-0.0462220311,0.2379020452,0.6810866594,0.1151216924,-0.6830180287,
7028.881,0.1220740378,0.0000000000,0.9765923023,0.0640888736,0.0032959990,-1.0110172033,-0.1561326981,-0.0419934690,-0.4311655164,0.0015524328,0.0070700515,-0.0129811764,0.0309599210,0.0947704241,-0.9951280355,0.0048447144,0.4272591472,1.0376293659,0.6714072227,-0.4043092132,-0.8647724986,-0.2784508765,-0.3824579716,0.1232947782,-0.4834131896,0.0402510762,-0.0545324087,0.1038805544,-0.1508973837,0.5828952193,0.5929939747,-0.5348497629,0.4272591472,1.0376293659,0.6714072227,-0.4043092132,-0.8647724986,-0.2784508765,-0.3824579716,0.1232947782,-0.4834131896,0.0402510762,-0.0545324087,0.1038805544,-0.1508973837,0.5828952193,0.5929939747,-0.5348497629,0.0000000000,0.0000000000,0.0000000000,0.0000000000,0.0000000000,0.0000000000,-0.8120365143,0.3203222752,-0.3711050749,0.9851644635,-0.1668037176,-0.0462224483,0.2377509922,0.6811121702,0.1149708554,-0.6830707788,
7028.894,0.1220740378,0.0000000000,0.9765923023,0.0651875362,0.0039063692,-1.0106509924,-0.1545457393,-0.0406506546,-0.4298226833,0.0026425719,0.0076741963,-0.0126154423,0.0309646018,0.0947425067,-0.9951305389,0.0048411512,0.7324442267,1.8921475410,0.7934812307,-0.4028443396,-0.8678243160,-0.2779625952,-0.3863643408,0.1206091493,-0.4845118523,0.0415199101,-0.0572598577,0.1039096415,-0.1508659273,0.5824911594,0.5931975842,-0.5350732207,0.7324442267,1.8921475410,0.7934812307,-0.4028443396,-0.8678243160,-0.2779625952,-0.3863643408,0.1206091493,-0.4845118523,0.0415199101,-0.0572598577,0.1039096415,-0.1508659273,0.5824911594,0.5931975842,-0.5350732207,0.0000000000,0.0000000000,0.0000000000,0.0000000000,0.0000000000,0.0000000000,-0.8100833297,0.3173924983,-0.3535264134,0.9851641655,-0.1668039262,-0.0462223887,0.2376195043,0.6811341643,0.1148395613,-0.6831164956,
7028.907,0.1220740378,0.0000000000,0.9765923023,0.0643330216,0.0039063692,-1.0118716955,-0.1567430645,-0.0424817652,-0.4281136394,0.0017841533,0.0076680244,-0.0138363838,0.0309668854,0.0947327539,-0.9951314330,0.0048379600,0.9155552983,2.1973326206,0.7934812307,-0.3999145627,-0.8669698238,-0.2778405249,-0.3841669858,0.1195104867,-0.4825586677,0.0442235768,-0.0560665131,0.1035749018,-0.1508650929,0.5821003914,0.5933884382,-0.5352868438,0.9155552983,2.1973326206,0.7934812307,-0.3999145627,-0.8669698238,-0.2778405249,-0.3841669858,0.1195104867,-0.4825586677,0.0442235768,-0.0560665131,0.1035749018,-0.1508650929,0.5821003914,0.5933884382,-0.5352868438,0.0000000000,0.0000000000,0.0000000000,0.0000000000,0.0000000000,0.0000000000,-0.8120365143,0.3164159060,-0.3750114441,0.9851642251,-0.1668041795,-0.0462226272,0.2374505848,0.6811625361,0.1146709472,-0.6831753254,
7028.920,0.1220740378,0.0000000000,0.9765923023,0.0638447255,0.0043946654,-1.0123599768,-0.1555223316,-0.0432142094,-0.4288460910,0.0012945384,0.0081477808,-0.0143247247,0.0309679341,0.0947360024,-0.9951310754,0.0048338720,1.0376293659,2.3804438114,0.6714072227,-0.3955198824,-0.8681905866,-0.2777184248,-0.3817255199,0.1197546348,-0.4859767556,0.0483440459,-0.0569220185,0.1032398343,-0.1509034932,0.5817180276,0.5935709476,-0.5354894996,1.0376293659,2.3804438114,0.6714072227,-0.3955198824,-0.8681905866,-0.2777184248,-0.3817255199,0.1197546348,-0.4859767556,0.0483440459,-0.0569220185,0.1032398343,-0.1509034932,0.5817180276,0.5935709476,-0.5354894996,0.0000000000,0.0000000000,0.0000000000,0.0000000000,0.0000000000,0.0000000000,-0.8093508482,0.3134861290,-0.3750114441,0.9851642251,-0.1668044031,-0.0462228060,0.2372742146,0.6811921000,0.1144949123,-0.6832366586,
7028.933,0.1220740378,0.0000000000,0.9765923023,0.0651875362,0.0035401471,-1.0113834143,-0.1561326981,-0.0461439863,-0.4310434163,0.0026291013,0.0072889682,-0.0133486986,0.0309720542,0.0947747007,-0.9951273799,0.0048333285,0.9155552983,1.7700735331,0.4882961512,-0.3938108385,-0.8701437712,-0.2832117677,-0.3841669858,0.1185338944,-0.4856105149,0.0497802496,-0.0585092306,0.0972846746,-0.1509094983,0.5812987089,0.5937871337,-0.5357033610,0.9155552983,1.7700735331,0.4882961512,-0.3938108385,-0.8701437712,-0.2832117677,-0.3841669858,0.1185338944,-0.4856105149,0.0497802496,-0.0585092306,0.0972846746,-0.1509094983,0.5812987089,0.5937871337,-0.5357033610,0.0000000000,0.0000000000,0.0000000000,0.0000000000,0.0000000000,0.0000000000,-0.8125247955,0.3139744401,-0.3535264134,0.9851642251,-0.1668046266,-0.0462230444,0.2371313125,0.6812160015,0.1143522486,-0.6832863688,
7028.946,0.1220740378,-0.0610370189,0.9765923023,0.0646992400,0.0039063692,-1.0100406408,-0.1549119502,-0.0443128757,-0.4262825549,0.0021452531,0.0076490822,-0.0120056272,0.0309700370,0.0947945043,-0.9951254129,0.0048306934,0.7324442267,1.4038513899,0.4882961512,-0.3982055187,-0.8684347272,-0.2856532633,-0.3822138011,0.1212195233,-0.4835352600,0.0451573730,-0.0564635992,0.0943908989,-0.1508759409,0.5808730721,0.5940130949,-0.5359238386,0.7324442267,1.4038513899,0.4882961512,-0.3982055187,-0.8684347272,-0.2856532633,-0.3822138011,0.1212195233,-0.4835352600,0.0451573730,-0.0564635992,0.0943908989,-0.1508759409,0.5808730721,0.5940130949,-0.5359238386,0.0000000000,0.0000000000,0.0000000000,0.0000000000,0.0000000000,0.0000000000,-0.8098391891,0.3183690906,-0.3554795980,0.9851641655,-0.1668048948,-0.0462232232,0.2370033413,0.6812373996,0.1142244563,-0.6833308339,
7028.959,0.1831110567,-0.0610370189,0.9765923023,0.0637226477,0.0037842952,-1.0111392736,-0.1554002464,-0.0455336161,-0.4264046252,0.0011781901,0.0075321896,-0.0131036639,0.0309648700,0.0948287249,-0.9951224327,0.0048338836,0.6103702188,1.2817773819,0.4882961512,-0.4017456472,-0.8670918941,-0.2873622775,-0.3831903934,0.1192663386,-0.4798730314,0.0414138138,-0.0548056364,0.0922459960,-0.1508149356,0.5804434419,0.5942496657,-0.5361443162,0.6103702188,1.2817773819,0.4882961512,-0.4017456472,-0.8670918941,-0.2873622775,-0.3831903934,0.1192663386,-0.4798730314,0.0414138138,-0.0548056364,0.0922459960,-0.1508149356,0.5804434419,0.5942496657,-0.5361443162,0.0000000000,0.0000000000,0.0000000000,0.0000000000,0.0000000000,0.0000000000,-0.8120365143,0.3159276247,-0.3750114441,0.9851641059,-0.1668051183,-0.0462232232,0.2368357480,0.6812653542,0.1140571982,-0.6833889484,
7028.972,0.1220740378,-0.0610370189,0.9765923023,0.0648213178,0.0029297769,-1.0116275549,-0.1551561058,-0.0472426526,-0.4235969186,0.0022811219,0.0066764164,-0.0135916471,0.0309625287,0.0948860422,-0.9951169491,0.0048348401,0.8545182943,2.6856288910,0.7324442267,-0.4084597230,-0.8648945689,-0.2846766710,-0.3812372088,0.1225623339,-0.4839015007,0.0344720483,-0.0523096323,0.0945580006,-0.1508238763,0.5801042318,0.5944236517,-0.5363159776,0.8545182943,2.6856288910,0.7324442267,-0.4084597230,-0.8648945689,-0.2846766710,-0.3812372088,0.1225623339,-0.4839015007,0.0344720483,-0.0523096323,0.0945580006,-0.1508238763,0.5801042318,0.5944236517,-0.5363159776,0.0000000000,0.0000000000,0.0000000000,0.0000000000,0.0000000000,0.0000000000,-0.8105716109,0.3183690906,-0.3750114441,0.9851639867,-0.1668053567,-0.0462233424,0.2366782576,0.6812915802,0.1139000133,-0.6834435463,
7028.985,0.1220740378,-0.0610370189,0.9765923023,0.0645771697,0.0025635548,-1.0105289221,-0.1569872200,-0.0466322824,-0.4235969186,0.0020420626,0.0063107391,-0.0124927163,0.0309597570,0.0949293822,-0.9951128960,0.0048362180,1.2207404375,4.0894804001,0.7324442267,-0.4080935121,-0.8625751734,-0.2840662897,-0.3825800419,0.1208532974,-0.4776757061,0.0345218778,-0.0496705770,0.0948529541,-0.1509117335,0.5798161626,0.5945721269,-0.5364382863,1.2207404375,4.0894804001,0.7324442267,-0.4080935121,-0.8625751734,-0.2840662897,-0.3825800419,0.1208532974,-0.4776757061,0.0345218778,-0.0496705770,0.0948529541,-0.1509117335,0.5798161626,0.5945721269,-0.5364382863,0.0000000000,0.0000000000,0.0000000000,0.0000000000,0.0000000000,0.0000000000,-0.8108157516,0.3188574016,-0.3730582595,0.9851639867,-0.1668055803,-0.0462236404,0.2365259975,0.6813169122,0.1137480363,-0.6834963560,
7028.998,0.1220740378,-0.0610370189,0.9765923023,0.0632343516,0.0032959990,-1.0112613440,-0.1566209942,-0.0490737632,-0.4304330647,0.0007111430,0.0070401188,-0.0132243633,0.0309536140,0.0950031877,-0.9951060414,0.0048364210,1.7090365887,5.7374796867,0.7934812307,-0.4054078758,-0.8631855249,-0.2815027237,-0.3796502650,0.1206091493,-0.4815820754,0.0367823541,-0.0499254465,0.0971500278,-0.1511239260,0.5796104074,0.5946606398,-0.5365027189,1.7090365887,5.7374796867,0.7934812307,-0.4054078758,-0.8631855249,-0.2815027237,-0.3796502650,0.1206091493,-0.4815820754,0.0367823541,-0.0499254465,0.0971500278,-0.1511239260,0.5796104074,0.5946606398,-0.5365027189,0.0000000000,0.0000000000,0.0000000000,0.0000000000,0.0000000000,0.0000000000,-0.8088625669,0.3183690906,-0.3554795980,0.9851639867,-0.1668058485,-0.0462238193,0.2364016473,0.6813375950,0.1136238873,-0.6835394502,
7029.011,0.1220740378,-0.0610370189,0.9765923023,0.0645771697,0.0025635548,-1.0101627111,-0.1534470618,-0.0484633930,-0.4248176515,0.0020588338,0.0063082268,-0.0121254325,0.0309507791,0.0950807855,-0.9950988293,0.0048388764,2.5635547638,7.9348125458,0.7934812307,-0.3988158703,-0.8684347272,-0.2769860029,-0.3855098188,0.1182897463,-0.4842677116,0.0427739620,-0.0547370315,0.1014273763,-0.1515057683,0.5794779658,0.5946890712,-0.5365065932,2.5635547638,7.9348125458,0.7934812307,-0.3988158703,-0.8684347272,-0.2769860029,-0.3855098188,0.1182897463,-0.4842677116,0.0427739620,-0.0547370315,0.1014273763,-0.1515057683,0.5794779658,0.5946890712,-0.5365065932,0.0000000000,0.0000000000,0.0000000000,0.0000000000,0.0000000000,0.0000000000,-0.8100833297,0.3183690906,-0.3535264134,0.9851638079,-0.1668061018,-0.0462238193,0.2362802774,0.6813576818,0.1135027036,-0.6835814118,
7029.024,0.1220740378,-0.0610370189,1.0376293659,0.0645771697,0.0028077029,-1.0105289221,-0.1510055810,-0.0467543565,-0.4338511229,0.0020638779,0.0065523847,-0.0124913454,0.0309480019,0.0951362401,-0.9950934052,0.0048403670,2.8687398434,8.5451822281,0.7324442267,-0.3972289264,-0.8703879118,-0.2785729468,-0.3844111562,0.1198767051,-0.4839015007,0.0437038243,-0.0562270284,0.0996104777,-0.1519402117,0.5793672800,0.5947002769,-0.5364908576,2.8687398434,8.5451822281,0.7324442267,-0.3972289264,-0.8703879118,-0.2785729468,-0.3844111562,0.1198767051,-0.4839015007,0.0437038243,-0.0562270284,0.0996104777,-0.1519402117,0.5793672800,0.5947002769,-0.5364908576,0.0000000000,0.0000000000,0.0000000000,0.0000000000,0.0000000000,0.0000000000,-0.8098391891,0.3178808093,-0.3593859673,0.9851637483,-0.1668063551,-0.0462239981,0.2361484766,0.6813795567,0.1133711338,-0.6836270094,
7029.037,0.1220740378,-0.0610370189,0.9765923023,0.0649433881,0.0032959990,-1.0107730627,-0.1571092904,-0.0478530228,-0.4339731932,0.0024333075,0.0070376182,-0.0127352476,0.0309462752,0.0951910764,-0.9950883389,0.0048403931,3.1128878593,8.8503675461,0.6103702188,-0.3977172077,-0.8720969558,-0.2795495391,-0.3791619539,0.1192663386,-0.4808496237,0.0425227880,-0.0574502945,0.0983947515,-0.1524113119,0.5792669654,0.5946972966,-0.5364686847,3.1128878593,8.8503675461,0.6103702188,-0.3977172077,-0.8720969558,-0.2795495391,-0.3791619539,0.1192663386,-0.4808496237,0.0425227880,-0.0574502945,0.0983947515,-0.1524113119,0.5792669654,0.5946972966,-0.5364686847,0.0000000000,0.0000000000,0.0000000000,0.0000000000,0.0000000000,0.0000000000,-0.8110598922,0.3144627213,-0.3554795980,0.9851637483,-0.1668066084,-0.0462241173,0.2360107154,0.6814023852,0.1132336333,-0.6836746335,
7029.050,0.1831110567,0.0000000000,0.9765923023,0.0636005774,0.0041505173,-1.0102847815,-0.1517380327,-0.0455336161,-0.4300668240,0.0010895357,0.0078954892,-0.0122470260,0.0309463870,0.0952340811,-0.9950841665,0.0048434464,3.2959990501,8.9724416733,0.3662221134,-0.3869746923,-0.8722190261,-0.2818689644,-0.3790398836,0.1201208532,-0.4841456413,0.0524871051,-0.0570413470,0.0958361328,-0.1529290974,0.5791564584,0.5947044492,-0.5364328027,3.2959990501,8.9724416733,0.3662221134,-0.3869746923,-0.8722190261,-0.2818689644,-0.3790398836,0.1201208532,-0.4841456413,0.0524871051,-0.0570413470,0.0958361328,-0.1529290974,0.5791564584,0.5947044492,-0.5364328027,0.0000000000,0.0000000000,0.0000000000,0.0000000000,0.0000000000,0.0000000000,-0.8120365143,0.3164159060,-0.3574327826,0.9851637483,-0.1668068618,-0.0462243557,0.2358767539,0.6814245582,0.1130999103,-0.6837209463,
7029.063,0.1220740378,0.0000000000,0.9765923023,0.0637226477,0.0040284432,-1.0107730627,-0.1574755162,-0.0423596911,-0.4366588295,0.0012101755,0.0077667288,-0.0127354264,0.0309474990,0.0952164456,-0.9950859547,0.0048396359,3.1739249229,8.4841451645,0.1220740378,-0.3834345639,-0.8709982634,-0.2823572457,-0.3848994374,0.1224402636,-0.4870754182,0.0552373230,-0.0552777648,0.0950941145,-0.1534221619,0.5790032744,0.5947468281,-0.5364102721,3.1739249229,8.4841451645,0.1220740378,-0.3834345639,-0.8709982634,-0.2823572457,-0.3848994374,0.1224402636,-0.4870754182,0.0552373230,-0.0552777648,0.0950941145,-0.1534221619,0.5790032744,0.5947468281,-0.5364102721,0.0000000000,0.0000000000,0.0000000000,0.0000000000,0.0000000000,0.0000000000,-0.8113040328,0.3193456829,-0.3535264134,0.9851637483,-0.1668071300,-0.0462244749,0.2357605994,0.6814437509,0.1129839420,-0.6837610602,
7029.076,0.1831110567,0.0000000000,0.9765923023,0.0626239851,0.0050050355,-1.0108951330,-0.1580858827,-0.0439466536,-0.4297006130,0.0001155660,0.0087424796,-0.0128572583,0.0309455115,0.0952193588,-0.9950856566,0.0048391148,2.9908139706,7.7517013550,-0.0610370189,-0.3863643408,-0.8702658415,-0.2840662897,-0.3809930682,0.1208532974,-0.4871974885,0.0515561998,-0.0540130138,0.0931072533,-0.1538743973,0.5788216591,0.5948070288,-0.5364102125,2.9908139706,7.7517013550,-0.0610370189,-0.3863643408,-0.8702658415,-0.2840662897,-0.3809930682,0.1208532974,-0.4871974885,0.0515561998,-0.0540130138,0.0931072533,-0.1538743973,0.5788216591,0.5948070288,-0.5364102125,0.0000000000,0.0000000000,0.0000000000,0.0000000000,0.0000000000,0.0000000000,-0.8117923737,0.3183690906,-0.3750114441,0.9851637483,-0.1668073833,-0.0462247133,0.2356075943,0.6814690232,0.1128312722,-0.6838138700,
7029.089,0.1220740378,0.0000000000,0.9765923023,0.0629902035,0.0031739250,-1.0108951330,-0.1563768387,-0.0437025055,-0.4310434163,0.0004839972,0.0069089420,-0.0128570199,0.0309445020,0.0952235535,-0.9950852990,0.0048379311,2.7466659546,6.9582200050,-0.0610370189,-0.3933225572,-0.8650166392,-0.2834559083,-0.3841669858,0.1201208532,-0.4873195589,0.0439404547,-0.0482708812,0.0934131145,-0.1542486101,0.5786091089,0.5948856473,-0.5364446640,2.7466659546,6.9582200050,-0.0610370189,-0.3933225572,-0.8650166392,-0.2834559083,-0.3841669858,0.1201208532,-0.4873195589,0.0439404547,-0.0482708812,0.0934131145,-0.1542486101,0.5786091089,0.5948856473,-0.5364446640,0.0000000000,0.0000000000,0.0000000000,0.0000000000,0.0000000000,0.0000000000,-0.8110598922,0.3149510324,-0.3730582595,0.9851635695,-0.1668075770,-0.0462247133,0.2354470193,0.6814954281,0.1126710698,-0.6838691831,
7029.102,0.1831110567,0.0000000000,0.9765923023,0.0629902035,0.0017090365,-1.0106509924,-0.1571092904,-0.0433362834,-0.4305551350,0.0004861280,0.0054595061,-0.0126128793,0.0309427157,0.0952210277,-0.9950855374,0.0048454450,2.8077027798,6.7751092911,0.0000000000,-0.3962523341,-0.8650166392,-0.2795495391,-0.3796502650,0.1209753752,-0.4884182215,0.0403926969,-0.0477803349,0.0969728827,-0.1546178460,0.5783998370,0.5949437022,-0.5364998579,2.8077027798,6.7751092911,0.0000000000,-0.3962523341,-0.8650166392,-0.2795495391,-0.3796502650,0.1209753752,-0.4884182215,0.0403926969,-0.0477803349,0.0969728827,-0.1546178460,0.5783998370,0.5949437022,-0.5364998579,0.0000000000,0.0000000000,0.0000000000,0.0000000000,0.0000000000,0.0000000000,-0.8125247955,0.3173924983,-0.3730582595,0.9851636291,-0.1668078303,-0.0462249517,0.2352946699,0.6815205216,0.1125190631,-0.6839216948,
7029.115,0.1831110567,0.0000000000,0.9765923023,0.0644550920,0.0041505173,-1.0106509924,-0.1566209942,-0.0402844325,-0.4283578098,0.0019459277,0.0079043023,-0.0126131773,0.0309452899,0.0951809734,-0.9950892925,0.0048460928,2.9297769070,6.7140722275,0.0610370189,-0.3966185451,-0.8674581051,-0.2812585831,-0.3798944056,0.1190221906,-0.4808496237,0.0394206047,-0.0497313142,0.0949007273,-0.1549751461,0.5781782269,0.5950063467,-0.5365659595,2.9297769070,6.7140722275,0.0610370189,-0.3966185451,-0.8674581051,-0.2812585831,-0.3798944056,0.1190221906,-0.4808496237,0.0394206047,-0.0497313142,0.0949007273,-0.1549751461,0.5781782269,0.5950063467,-0.5365659595,0.0000000000,0.0000000000,0.0000000000,0.0000000000,0.0000000000,0.0000000000,-0.8091067076,0.3173924983,-0.3554795980,0.9851635695,-0.1668080837,-0.0462250113,0.2351727784,0.6815405488,0.1123974025,-0.6839636564,
7029.128,0.1220740378,0.0000000000,0.9765923023,0.0648213178,0.0035401471,-1.0117496252,-0.1560106277,-0.0390636921,-0.4306772053,0.0023056343,0.0072896294,-0.0137122273,0.0309490096,0.0951260924,-0.9950944185,0.0048425552,2.9908139706,7.0802941322,0.1220740378,-0.3991821110,-0.8681905866,-0.2833338380,-0.3817255199,0.1185338944,-0.4798730314,0.0362471044,-0.0499836206,0.0924885869,-0.1553403437,0.5779755712,0.5950619578,-0.5366173387,2.9908139706,7.0802941322,0.1220740378,-0.3991821110,-0.8681905866,-0.2833338380,-0.3817255199,0.1185338944,-0.4798730314,0.0362471044,-0.0499836206,0.0924885869,-0.1553403437,0.5779755712,0.5950619578,-0.5366173387,0.0000000000,0.0000000000,0.0000000000,0.0000000000,0.0000000000,0.0000000000,-0.8120365143,0.3159276247,-0.3554795980,0.9851635695,-0.1668083668,-0.0462252498,0.2350443453,0.6815616488,0.1122692227,-0.6840078831,
7029.141,0.1220740378,0.0000000000,0.9155552983,0.0646992400,0.0028077029,-1.0108951330,-0.1572313607,-0.0415051728,-0.4279915690,0.0021773651,0.0065558432,-0.0128581524,0.0309522599,0.0951057673,-0.9950962663,0.0048415503,3.1128878593,7.5685901642,0.1831110567,-0.3985717297,-0.8691671491,-0.2835779786,-0.3796502650,0.1191442609,-0.4875636995,0.0362228453,-0.0504778624,0.0919284225,-0.1557485312,0.5778130293,0.5950868130,-0.5366462469,3.1128878593,7.5685901642,0.1831110567,-0.3985717297,-0.8691671491,-0.2835779786,-0.3796502650,0.1191442609,-0.4875636995,0.0362228453,-0.0504778624,0.0919284225,-0.1557485312,0.5778130293,0.5950868130,-0.5366462469,0.0000000000,0.0000000000,0.0000000000,0.0000000000,0.0000000000,0.0000000000,-0.8122806549,0.3193456829,-0.3535264134,0.9851633906,-0.1668085754,-0.0462253094,0.2349316180,0.6815800667,0.1121567041,-0.6840466261,
7029.154,0.1220740378,0.0000000000,0.9765923023,0.0644550920,0.0029297769,-1.0115054846,-0.1571092904,-0.0375988036,-0.4326303899,0.0019284710,0.0066766529,-0.0134687424,0.0309550557,0.0950288251,-0.9951036572,0.0048387530,3.1739249229,7.8737754822,0.1831110567,-0.3939329088,-0.8707541227,-0.2832117677,-0.3756218255,0.1192663386,-0.4843897820,0.0401892662,-0.0515694022,0.0919926167,-0.1561857015,0.5776622891,0.5951064229,-0.5366598964,3.1739249229,7.8737754822,0.1831110567,-0.3939329088,-0.8707541227,-0.2832117677,-0.3756218255,0.1192663386,-0.4843897820,0.0401892662,-0.0515694022,0.0919926167,-0.1561857015,0.5776622891,0.5951064229,-0.5366598964,0.0000000000,0.0000000000,0.0000000000,0.0000000000,0.0000000000,0.0000000000,-0.8098391891,0.3164159060,-0.3750114441,0.9851633906,-0.1668088287,-0.0462254882,0.2347772717,0.6816053391,0.1120027304,-0.6840996742,
7029.167,0.1220740378,0.0000000000,0.9765923023,0.0651875362,0.0039063692,-1.0115054846,-0.1564989239,-0.0435804315,-0.4303109944,0.0026526228,0.0076471698,-0.0134692788,0.0309594646,0.0950321630,-0.9951030612,0.0048362277,2.9908139706,7.4465165138,0.0000000000,-0.3776970804,-0.8702658415,-0.2824793160,-0.3796502650,0.1190221906,-0.4810937941,0.0556913912,-0.0505555272,0.0924250185,-0.1566141844,0.5774586797,0.5951778293,-0.5366747975,2.9908139706,7.4465165138,0.0000000000,-0.3776970804,-0.8702658415,-0.2824793160,-0.3796502650,0.1190221906,-0.4810937941,0.0556913912,-0.0505555272,0.0924250185,-0.1566141844,0.5774586797,0.5951778293,-0.5366747975,0.0000000000,0.0000000000,0.0000000000,0.0000000000,0.0000000000,0.0000000000,-0.8117923737,0.3198339939,-0.3750114441,0.9851633310,-0.1668090522,-0.0462256074,0.2346340716,0.6816287637,0.1118598729,-0.6841488481,
7029.180,0.1220740378,-0.0610370189,0.9765923023,0.0656758323,0.0026856288,-1.0118716955,-0.1571092904,-0.0423596911,-0.4273812175,0.0031409860,0.0064264168,-0.0138354897,0.0309594925,0.0950185955,-0.9951044917,0.0048357951,2.6856288910,6.5919981003,-0.2441480756,-0.3742789924,-0.8702658415,-0.2834559083,-0.3769646287,0.1190221906,-0.4841456413,0.0583855808,-0.0500294566,0.0911340117,-0.1570064873,0.5772154927,0.5952816606,-0.5367066264,2.6856288910,6.5919981003,-0.2441480756,-0.3742789924,-0.8702658415,-0.2834559083,-0.3769646287,0.1190221906,-0.4841456413,0.0583855808,-0.0500294566,0.0911340117,-0.1570064873,0.5772154927,0.5952816606,-0.5367066264,0.0000000000,0.0000000000,0.0000000000,0.0000000000,0.0000000000,0.0000000000,-0.8088625669,0.3144627213,-0.3750114441,0.9851631522,-0.1668092757,-0.0462255478,0.2344751209,0.6816546917,0.1117013320,-0.6842033267,
7029.193,0.1220740378,0.0000000000,0.9765923023,0.0643330216,0.0031739250,-1.0101627111,-0.1573534310,-0.0406506546,-0.4337290525,0.0017936975,0.0069122626,-0.0121267438,0.0309620276,0.0949808806,-0.9951079488,0.0048336159,2.3194067478,5.5543684959,-0.6103702188,-0.3729361892,-0.8728293777,-0.2861415446,-0.3773308396,0.1195104867,-0.4803613424,0.0590120554,-0.0520647168,0.0881182849,-0.1573383510,0.5769034624,0.5954455733,-0.5367631912,2.3194067478,5.5543684959,-0.6103702188,-0.3729361892,-0.8728293777,-0.2861415446,-0.3773308396,0.1195104867,-0.4803613424,0.0590120554,-0.0520647168,0.0881182849,-0.1573383510,0.5769034624,0.5954455733,-0.5367631912,0.0000000000,0.0000000000,0.0000000000,0.0000000000,0.0000000000,0.0000000000,-0.8095950484,0.3159276247,-0.3535264134,0.9851631522,-0.1668095440,-0.0462257266,0.2343549132,0.6816743016,0.1115813777,-0.6842445731,
7029.206,0.1220740378,-0.0610370189,1.0376293659,0.0649433881,0.0030518509,-1.0108951330,-0.1594287008,-0.0391857661,-0.4337290525,0.0024075061,0.0067890310,-0.0128589272,0.0309606940,0.0949136689,-0.9951143861,0.0048307846,1.7700735331,4.0894804001,-0.8545182943,-0.3885616660,-0.8744163513,-0.2928556204,-0.3756218255,0.1180455983,-0.4821924567,0.0427922308,-0.0531828403,0.0810608268,-0.1575523168,0.5765429735,0.5956503749,-0.5368603468,1.7700735331,4.0894804001,-0.8545182943,-0.3885616660,-0.8744163513,-0.2928556204,-0.3756218255,0.1180455983,-0.4821924567,0.0427922308,-0.0531828403,0.0810608268,-0.1575523168,0.5765429735,0.5956503749,-0.5368603468,0.0000000000,0.0000000000,0.0000000000,0.0000000000,0.0000000000,0.0000000000,-0.8105716109,0.3173924983,-0.3593859673,0.9851632118,-0.1668097973,-0.0462259650,0.2342303842,0.6816945672,0.1114571169,-0.6842873096,
7029.219,0.1220740378,-0.0610370189,0.9765923023,0.0643330216,0.0028077029,-1.0110172033,-0.1544236541,-0.0433362834,-0.4304330647,0.0018035620,0.0065442743,-0.0129805803,0.0309574902,0.0949205682,-0.9951138496,0.0048303902,1.7090365887,4.2725911140,-0.7934812307,-0.3921018243,-0.8749046326,-0.2911465764,-0.3746452332,0.1148716733,-0.4790185392,0.0386729836,-0.0532163978,0.0824392438,-0.1577619761,0.5761952400,0.5958483815,-0.5369527340,1.7090365887,4.2725911140,-0.7934812307,-0.3921018243,-0.8749046326,-0.2911465764,-0.3746452332,0.1148716733,-0.4790185392,0.0386729836,-0.0532163978,0.0824392438,-0.1577619761,0.5761952400,0.5958483815,-0.5369527340,0.0000000000,0.0000000000,0.0000000000,0.0000000000,0.0000000000,0.0000000000,-0.8125247955,0.3183690906,-0.3574327826,0.9851630926,-0.1668100357,-0.0462260842,0.2341117114,0.6817138791,0.1113386974,-0.6843279600,
7029.232,0.1220740378,-0.1220740378,0.9765923023,0.0634784997,0.0035401471,-1.0115054846,-0.1564989239,-0.0422376171,-0.4315317273,0.0009704158,0.0072725015,-0.0134675503,0.0309471022,0.0949068964,-0.9951155186,0.0048268470,1.8311105967,4.8219246864,-0.7934812307,-0.3897823989,-0.8763695359,-0.2907803655,-0.3751335144,0.1154820397,-0.4840235710,0.0403683484,-0.0542149544,0.0824981332,-0.1580168605,0.5758765936,0.5960273147,-0.5370208621,1.8311105967,4.8219246864,-0.7934812307,-0.3897823989,-0.8763695359,-0.2907803655,-0.3751335144,0.1154820397,-0.4840235710,0.0403683484,-0.0542149544,0.0824981332,-0.1580168605,0.5758765936,0.5960273147,-0.5370208621,0.0000000000,0.0000000000,0.0000000000,0.0000000000,0.0000000000,0.0000000000,-0.8115482330,0.3169042170,-0.3554795980,0.9851630926,-0.1668103039,-0.0462262034,0.2339922786,0.6817333102,0.1112195179,-0.6843688488,
7029.245,0.1220740378,-0.0610370189,0.9765923023,0.0625019073,0.0032959990,-1.0108951330,-0.1568651348,-0.0441908017,-0.4290902317,0.0000090748,0.0070253490,-0.0128561854,0.0309395902,0.0949180201,-0.9951146841,0.0048249708,1.6479995251,5.4933319092,-0.7324442267,-0.3889278769,-0.8729514480,-0.2944425941,-0.3746452332,0.1208532974,-0.4799951315,0.0405662358,-0.0503587723,0.0786267519,-0.1582827568,0.5755943060,0.5962120295,-0.5370399356,1.6479995251,5.4933319092,-0.7324442267,-0.3889278769,-0.8729514480,-0.2944425941,-0.3746452332,0.1208532974,-0.4799951315,0.0405662358,-0.0503587723,0.0786267519,-0.1582827568,0.5755943060,0.5962120295,-0.5370399356,0.0000000000,0.0000000000,0.0000000000,0.0000000000,0.0000000000,0.0000000000,-0.8110598922,0.3217871785,-0.3593859673,0.9851630926,-0.1668105572,-0.0462264419,0.2338845581,0.6817507744,0.1111120135,-0.6844057441,
7029.258,0.1220740378,-0.0610370189,0.9765923023,0.0632343516,0.0024414808,-1.0101627111,-0.1555223316,-0.0467543565,-0.4322641790,0.0007528625,0.0061720521,-0.0121231079,0.0309336483,0.0949654132,-0.9951103330,0.0048265127,1.4038513899,5.7374796867,-0.6714072227,-0.3888058066,-0.8700216413,-0.2945646644,-0.3728141189,0.1165807098,-0.4823145270,0.0400321186,-0.0470175147,0.0783528090,-0.1585497409,0.5753417015,0.5963924527,-0.5370318890,1.4038513899,5.7374796867,-0.6714072227,-0.3888058066,-0.8700216413,-0.2945646644,-0.3728141189,0.1165807098,-0.4823145270,0.0400321186,-0.0470175147,0.0783528090,-0.1585497409,0.5753417015,0.5963924527,-0.5370318890,0.0000000000,0.0000000000,0.0000000000,0.0000000000,0.0000000000,0.0000000000,-0.8105716109,0.3149510324,-0.3535264134,0.9851630330,-0.1668107808,-0.0462265611,0.2337631136,0.6817704439,0.1109908521,-0.6844472885,
7029.271,0.1220740378,0.0000000000,0.9765923023,0.0618915372,0.0030518509,-1.0106509924,-0.1544236541,-0.0421155430,-0.4356822371,-0.0005825460,0.0067806244,-0.0126109123,0.0309300907,0.0949549824,-0.9951114655,0.0048249396,1.2207404375,5.9205908775,-0.5493331552,-0.3908810616,-0.8681905866,-0.2917569578,-0.3774529397,0.1168248579,-0.4818262160,0.0373230577,-0.0448009372,0.0810373127,-0.1587971449,0.5750975013,0.5965760946,-0.5370161533,1.2207404375,5.9205908775,-0.5493331552,-0.3908810616,-0.8681905866,-0.2917569578,-0.3774529397,0.1168248579,-0.4818262160,0.0373230577,-0.0448009372,0.0810373127,-0.1587971449,0.5750975013,0.5965760946,-0.5370161533,0.0000000000,0.0000000000,0.0000000000,0.0000000000,0.0000000000,0.0000000000,-0.8100833297,0.3178808093,-0.3554795980,0.9851630330,-0.1668110490,-0.0462267399,0.2336498350,0.6817888021,0.1108778119,-0.6844860315,
7029.284,0.1220740378,0.0000000000,0.9765923023,0.0636005774,0.0025635548,-1.0102847815,-0.1556444019,-0.0463881344,-0.4323862493,0.0011253506,0.0062929476,-0.0122447610,0.0309304297,0.0949970782,-0.9951074123,0.0048266114,0.9765923023,5.7374796867,-0.1831110567,-0.3881954551,-0.8690450788,-0.2855311632,-0.3725699782,0.1212195233,-0.4786522985,0.0394347608,-0.0452986360,0.0871339440,-0.1590162665,0.5748625994,0.5967483521,-0.5370114446,0.9765923023,5.7374796867,-0.1831110567,-0.3881954551,-0.8690450788,-0.2855311632,-0.3725699782,0.1212195233,-0.4786522985,0.0394347608,-0.0452986360,0.0871339440,-0.1590162665,0.5748625994,0.5967483521,-0.5370114446,0.0000000000,0.0000000000,0.0000000000,0.0000000000,0.0000000000,0.0000000000,-0.8120365143,0.3183690906,-0.3593859673,0.9851629734,-0.1668113172,-0.0462268591,0.2335312217,0.6818079948,0.1107594594,-0.6845265627,
7029.297,0.1220740378,0.0000000000,1.0376293659,0.0633564293,0.0030518509,-1.0102847815,-0.1512497365,-0.0434583575,-0.4325083196,0.0008812994,0.0067801112,-0.0122447610,0.0309303757,0.0950091779,-0.9951062799,0.0048264191,0.7934812307,5.1881465912,0.0610370189,-0.3861201704,-0.8714865446,-0.2816247940,-0.3704946935,0.1191442609,-0.4815820754,0.0410001278,-0.0474018455,0.0908773541,-0.1592016667,0.5746204257,0.5969133973,-0.5370323658,0.7934812307,5.1881465912,0.0610370189,-0.3861201704,-0.8714865446,-0.2816247940,-0.3704946935,0.1191442609,-0.4815820754,0.0410001278,-0.0474018455,0.0908773541,-0.1592016667,0.5746204257,0.5969133973,-0.5370323658,0.0000000000,0.0000000000,0.0000000000,0.0000000000,0.0000000000,0.0000000000,-0.8122806549,0.3149510324,-0.3593859673,0.9851627350,-0.1668115407,-0.0462268591,0.2334009856,0.6818289757,0.1106295660,-0.6845709682,
7029.310,0.1220740378,0.0000000000,0.9765923023,0.0653096139,0.0037842952,-1.0102847815,-0.1518601030,-0.0428479873,-0.4362926185,0.0028249286,0.0075071473,-0.0122452974,0.0309353638,0.0950157046,-0.9951055050,0.0048243841,0.6103702188,4.4557023048,0.1220740378,-0.3855098188,-0.8711203337,-0.2824793160,-0.3714712858,0.1181676686,-0.4754783809,0.0411569178,-0.0467166305,0.0898366868,-0.1593256891,0.5743396282,0.5971055627,-0.5370822549,0.6103702188,4.4557023048,0.1220740378,-0.3855098188,-0.8711203337,-0.2824793160,-0.3714712858,0.1181676686,-0.4754783809,0.0411569178,-0.0467166305,0.0898366868,-0.1593256891,0.5743396282,0.5971055627,-0.5370822549,0.0000000000,0.0000000000,0.0000000000,0.0000000000,0.0000000000,0.0000000000,-0.8125247955,0.3149510324,-0.3535264134,0.9851627946,-0.1668117493,-0.0462271571,0.2332805991,0.6818484068,0.1105094701,-0.6846120954,
7029.323,0.1220740378,0.0000000000,0.9765923023,0.0627460554,0.0026856288,-1.0113834143,-0.1521042585,-0.0439466536,-0.4299447536,0.0002648160,0.0064085410,-0.0133437514,0.0309335385,0.0950374231,-0.9951034784,0.0048249252,0.3051851094,3.7842950821,0.3051851094,-0.3899044693,-0.8724631667,-0.2924894094,-0.3706167936,0.1198767051,-0.4796288908,0.0363898575,-0.0477981567,0.0796746612,-0.1593848914,0.5740622878,0.5973087549,-0.5371353626,0.3051851094,3.7842950821,0.3051851094,-0.3899044693,-0.8724631667,-0.2924894094,-0.3706167936,0.1198767051,-0.4796288908,0.0363898575,-0.0477981567,0.0796746612,-0.1593848914,0.5740622878,0.5973087549,-0.5371353626,0.0000000000,0.0000000000,0.0000000000,0.0000000000,0.0000000000,0.0000000000,-0.8122806549,0.3164159060,-0.3750114441,0.9851627350,-0.1668120176,-0.0462272763,0.2331327647,0.6818722486,0.1103620455,-0.6846625209,
7029.336,0.1220740378,0.0000000000,0.9155552983,0.0632343516,0.0039063692,-1.0117496252,-0.1513718069,-0.0450453199,-0.4295785427,0.0007542074,0.0076226573,-0.0137099028,0.0309330933,0.0950813293,-0.9950993061,0.0048229392,0.1220740378,4.4557023048,0.3051851094,-0.3945432901,-0.8728293777,-0.3029877543,-0.3741569221,0.1207312271,-0.4796288908,0.0313476324,-0.0479415059,0.0691441894,-0.1594492197,0.5738260746,0.5975221395,-0.5371312499,0.1220740378,4.4557023048,0.3051851094,-0.3945432901,-0.8728293777,-0.3029877543,-0.3741569221,0.1207312271,-0.4796288908,0.0313476324,-0.0479415059,0.0691441894,-0.1594492197,0.5738260746,0.5975221395,-0.5371312499,0.0000000000,0.0000000000,0.0000000000,0.0000000000,0.0000000000,0.0000000000,-0.8103274703,0.3183690906,-0.3554795980,0.9851626754,-0.1668122709,-0.0462273955,0.2330241501,0.6818897128,0.1102536693,-0.6846995354,
7029.349,0.1220740378,0.0000000000,0.9765923023,0.0650654659,0.0029297769,-1.0113834143,-0.1543015838,-0.0450453199,-0.4309213459,0.0025773384,0.0066449530,-0.0133441687,0.0309369862,0.0951100737,-0.9950964451,0.0048236605,-0.0610370189,5.7374796867,0.3051851094,-0.3973509967,-0.8725852370,-0.3014008105,-0.3729361892,0.1193884090,-0.4788964391,0.0280685723,-0.0474902987,0.0708115995,-0.1595681310,0.5736559033,0.5977193713,-0.5370584726,-0.0610370189,5.7374796867,0.3051851094,-0.3973509967,-0.8725852370,-0.3014008105,-0.3729361892,0.1193884090,-0.4788964391,0.0280685723,-0.0474902987,0.0708115995,-0.1595681310,0.5736559033,0.5977193713,-0.5370584726,0.0000000000,0.0000000000,0.0000000000,0.0000000000,0.0000000000,0.0000000000,-0.8108157516,0.3164159060,-0.3574327826,0.9851626754,-0.1668125391,-0.0462275147,0.2329056859,0.6819087863,0.1101354957,-0.6847398877,
7029.362,0.0610370189,-0.0610370189,0.9765923023,0.0640888736,0.0035401471,-1.0122379065,-0.1506393701,-0.0451673940,-0.4299447536,0.0016085096,0.0072405855,-0.0141981244,0.0309336148,0.0951520652,-0.9950925112,0.0048172572,0.1831110567,8.1179237366,0.6103702188,-0.3916135132,-0.8777123094,-0.2906582952,-0.3726920485,0.1175573021,-0.4796288908,0.0332018435,-0.0523838997,0.0817257762,-0.1598314941,0.5735943317,0.5978499651,-0.5369002223,0.1831110567,8.1179237366,0.6103702188,-0.3916135132,-0.8777123094,-0.2906582952,-0.3726920485,0.1175573021,-0.4796288908,0.0332018435,-0.0523838997,0.0817257762,-0.1598314941,0.5735943317,0.5978499651,-0.5369002223,0.0000000000,0.0000000000,0.0000000000,0.0000000000,0.0000000000,0.0000000000,-0.8095950484,0.3164159060,-0.3554795980,0.9851626158,-0.1668127924,-0.0462276936,0.2327917814,0.6819270849,0.1100218594,-0.6847786903,
7029.375,0.1220740378,0.0000000000,1.0376293659,0.0651875362,0.0029297769,-1.0115054846,-0.1510055810,-0.0433362834,-0.4306772053,0.0026986673,0.0066298507,-0.0134662390,0.0309378188,0.0951631144,-0.9950913191,0.0048178253,0.1220740378,7.8737754822,0.9155552983,-0.3858760297,-0.8752708435,-0.2840662897,-0.3723258078,0.1156041175,-0.4782860875,0.0383827984,-0.0497182608,0.0884554088,-0.1600740701,0.5735280514,0.5979712009,-0.5367638469,0.1220740378,7.8737754822,0.9155552983,-0.3858760297,-0.8752708435,-0.2840662897,-0.3723258078,0.1156041175,-0.4782860875,0.0383827984,-0.0497182608,0.0884554088,-0.1600740701,0.5735280514,0.5979712009,-0.5367638469,0.0000000000,0.0000000000,0.0000000000,0.0000000000,0.0000000000,0.0000000000,-0.8120365143,0.3169042170,-0.3554795980,0.9851624966,-0.1668130308,-0.0462277532,0.2326785028,0.6819452047,0.1099088565,-0.6848171949,
7029.388,0.1220740378,-0.0610370189,1.0376293659,0.0636005774,0.0037842952,-1.0111392736,-0.1518601030,-0.0463881344,-0.4314096570,0.0011215657,0.0074797841,-0.0130993128,0.0309328903,0.0952115357,-0.9950868487,0.0048165768,0.0000000000,7.0802941322,1.1597033739,-0.3828241825,-0.8734397292,-0.2818689644,-0.3724478781,0.1175573021,-0.4847559929,0.0409593880,-0.0476832986,0.0907420814,-0.1602698565,0.5734451413,0.5980880857,-0.5366638303,0.0000000000,7.0802941322,1.1597033739,-0.3828241825,-0.8734397292,-0.2818689644,-0.3724478781,0.1175573021,-0.4847559929,0.0409593880,-0.0476832986,0.0907420814,-0.1602698565,0.5734451413,0.5980880857,-0.5366638303,0.0000000000,0.0000000000,0.0000000000,0.0000000000,0.0000000000,0.0000000000,-0.8105716109,0.3183690906,-0.3574327826,0.9851623774,-0.1668132693,-0.0462278724,0.2325687855,0.6819627881,0.1097994074,-0.6848545074,
7029.401,0.1220740378,0.0000000000,0.9765923023,0.0631122813,0.0047608875,-1.0110172033,-0.1514938772,-0.0435804315,-0.4290902317,0.0006347485,0.0084463190,-0.0129771829,0.0309325382,0.0952298865,-0.9950852394,0.0048120678,-0.1831110567,5.9816279411,1.2817773819,-0.3831903934,-0.8677022457,-0.2847987413,-0.3748893738,0.1153599694,-0.4801172018,0.0402176976,-0.0417771935,0.0878653526,-0.1603740454,0.5733150244,0.5982350111,-0.5366079807,-0.1831110567,5.9816279411,1.2817773819,-0.3831903934,-0.8677022457,-0.2847987413,-0.3748893738,0.1153599694,-0.4801172018,0.0402176976,-0.0417771935,0.0878653526,-0.1603740454,0.5733150244,0.5982350111,-0.5366079807,0.0000000000,0.0000000000,0.0000000000,0.0000000000,0.0000000000,0.0000000000,-0.8100833297,0.3188574016,-0.3535264134,0.9851624370,-0.1668135524,-0.0462280512,0.2324680388,0.6819789410,0.1096988842,-0.6848887801,
7029.414,0.1220740378,-0.0610370189,0.9765923023,0.0626239851,0.0040284432,-1.0106509924,-0.1527146250,-0.0461439863,-0.4314096570,0.0001608878,0.0077074771,-0.0126100183,0.0309254248,0.0952773988,-0.9950807691,0.0048096706,-0.4272591472,5.0050354004,1.2817773819,-0.3867305517,-0.8651387095,-0.2888271809,-0.3722037375,0.1157261878,-0.4791406095,0.0363833904,-0.0390785933,0.0838712454,-0.1604065895,0.5731548667,0.5984026790,-0.5365822315,-0.4272591472,5.0050354004,1.2817773819,-0.3867305517,-0.8651387095,-0.2888271809,-0.3722037375,0.1157261878,-0.4791406095,0.0363833904,-0.0390785933,0.0838712454,-0.1604065895,0.5731548667,0.5984026790,-0.5365822315,0.0000000000,0.0000000000,0.0000000000,0.0000000000,0.0000000000,0.0000000000,-0.8098391891,0.3178808093,-0.3554795980,0.9851623774,-0.1668137759,-0.0462282300,0.2323613018,0.6819959879,0.1095924005,-0.6849250793,
7029.427,0.1831110567,-0.0610370189,0.9765923023,0.0643330216,0.0029297769,-1.0112613440,-0.1546678096,-0.0467543565,-0.4259163141,0.0018760338,0.0066185156,-0.0132200122,0.0309216715,0.0953278318,-0.9950761199,0.0048157778,-0.3662221134,5.5543684959,1.2817773819,-0.3891720474,-0.8650166392,-0.2935880721,-0.3704946935,0.1173131540,-0.4842677116,0.0336205065,-0.0388303995,0.0791957080,-0.1604734063,0.5730378628,0.5985504389,-0.5365225077,-0.3662221134,5.5543684959,1.2817773819,-0.3891720474,-0.8650166392,-0.2935880721,-0.3704946935,0.1173131540,-0.4842677116,0.0336205065,-0.0388303995,0.0791957080,-0.1604734063,0.5730378628,0.5985504389,-0.5365225077,0.0000000000,0.0000000000,0.0000000000,0.0000000000,0.0000000000,0.0000000000,-0.8113040328,0.3198339939,-0.3593859673,0.9851623178,-0.1668140441,-0.0462284684,0.2322546542,0.6820130348,0.1094860062,-0.6849613190,
7029.440,0.1831110567,0.0000000000,0.9765923023,0.0627460554,0.0024414808,-1.0106509924,-0.1547898799,-0.0451673940,-0.4267708361,0.0002921447,0.0061422777,-0.0126094818,0.0309194233,0.0953567326,-0.9950733781,0.0048225326,-0.3662221134,6.4088869095,1.3428144455,-0.3872188628,-0.8683126569,-0.2998138368,-0.3693960309,0.1138950810,-0.4818262160,0.0351887941,-0.0420074463,0.0731424391,-0.1605838537,0.5729657412,0.5986915231,-0.5364090800,-0.3662221134,6.4088869095,1.3428144455,-0.3872188628,-0.8683126569,-0.2998138368,-0.3693960309,0.1138950810,-0.4818262160,0.0351887941,-0.0420074463,0.0731424391,-0.1605838537,0.5729657412,0.5986915231,-0.5364090800,0.0000000000,0.0000000000,0.0000000000,0.0000000000,0.0000000000,0.0000000000,-0.8098391891,0.3183690906,-0.3574327826,0.9851623178,-0.1668143272,-0.0462285876,0.2321475297,0.6820301414,0.1093791351,-0.6849976778,
7029.453,0.1220740378,-0.0610370189,0.9765923023,0.0633564293,0.0032959990,-1.0110172033,-0.1511276662,-0.0461439863,-0.4276253581,0.0009133220,0.0069939452,-0.0129750371,0.0309139173,0.0954096541,-0.9950684905,0.0048222402,-0.4882961512,7.6906642914,1.5869624615,-0.3872188628,-0.8746604919,-0.2993255556,-0.3686636090,0.1151158214,-0.4801172018,0.0347475111,-0.0482531190,0.0739038885,-0.1607481241,0.5729616880,0.5988095403,-0.5362325311,-0.4882961512,7.6906642914,1.5869624615,-0.3872188628,-0.8746604919,-0.2993255556,-0.3686636090,0.1151158214,-0.4801172018,0.0347475111,-0.0482531190,0.0739038885,-0.1607481241,0.5729616880,0.5988095403,-0.5362325311,0.0000000000,0.0000000000,0.0000000000,0.0000000000,0.0000000000,0.0000000000,-0.8108157516,0.3169042170,-0.3593859673,0.9851623178,-0.1668145657,-0.0462288260,0.2320319861,0.6820485592,0.1092638969,-0.6850368977,
7029.466,0.1220740378,-0.0610370189,0.9765923023,0.0646992400,0.0032959990,-1.0115054846,-0.1501510739,-0.0440687276,-0.4294564724,0.0022604354,0.0069911145,-0.0134630799,0.0309117734,0.0954375640,-0.9950658679,0.0048214919,-0.7324442267,7.5685901642,1.7090365887,-0.3848994374,-0.8785668612,-0.3032319248,-0.3692739606,0.1182897463,-0.4781640172,0.0366342664,-0.0520794988,0.0703089535,-0.1608879417,0.5729552507,0.5989457369,-0.5360453725,-0.7324442267,7.5685901642,1.7090365887,-0.3848994374,-0.8785668612,-0.3032319248,-0.3692739606,0.1182897463,-0.4781640172,0.0366342664,-0.0520794988,0.0703089535,-0.1608879417,0.5729552507,0.5989457369,-0.5360453725,0.0000000000,0.0000000000,0.0000000000,0.0000000000,0.0000000000,0.0000000000,-0.8098391891,0.3198339939,-0.3574327826,0.9851621389,-0.1668148041,-0.0462287664,0.2319310904,0.6820645928,0.1091632396,-0.6850710511,
7029.479,0.1220740378,-0.0610370189,1.0376293659,0.0649433881,0.0036622211,-1.0110172033,-0.1535691470,-0.0463881344,-0.4345835745,0.0025075451,0.0073533687,-0.0129745603,0.0309102889,0.0954783410,-0.9950619936,0.0048206411,-1.2817773819,7.0192570686,1.9531846046,-0.3908810616,-0.8786889315,-0.3039643466,-0.3711050749,0.1134067848,-0.4831690490,0.0303168893,-0.0521876812,0.0699239671,-0.1609540433,0.5729541779,0.5990916491,-0.5358634591,-1.2817773819,7.0192570686,1.9531846046,-0.3908810616,-0.8786889315,-0.3039643466,-0.3711050749,0.1134067848,-0.4831690490,0.0303168893,-0.0521876812,0.0699239671,-0.1609540433,0.5729541779,0.5990916491,-0.5358634591,0.0000000000,0.0000000000,0.0000000000,0.0000000000,0.0000000000,0.0000000000,-0.8125247955,0.3193456829,-0.3750114441,0.9851621389,-0.1668150425,-0.0462289453,0.2317997366,0.6820855141,0.1090322807,-0.6851155758,
7029.492,0.1220740378,-0.0610370189,0.9765923023,0.0646992400,0.0034180731,-1.0102847815,-0.1512497365,-0.0484633930,-0.4369029701,0.0022672601,0.0071058013,-0.0122419000,0.0309081357,0.0955583453,-0.9950544834,0.0048212381,-1.8311105967,7.0802941322,2.4414808750,-0.3902707100,-0.8764916062,-0.3032319248,-0.3689077497,0.1131626368,-0.4752342403,0.0306608677,-0.0500487685,0.0710851252,-0.1609645784,0.5729808211,0.5992451310,-0.5356602073,-1.8311105967,7.0802941322,2.4414808750,-0.3902707100,-0.8764916062,-0.3032319248,-0.3689077497,0.1131626368,-0.4752342403,0.0306608677,-0.0500487685,0.0710851252,-0.1609645784,0.5729808211,0.5992451310,-0.5356602073,0.0000000000,0.0000000000,0.0000000000,0.0000000000,0.0000000000,0.0000000000,-0.8108157516,0.3208105862,-0.3535264134,0.9851620197,-0.1668153107,-0.0462291241,0.2317091972,0.6820998788,0.1089419276,-0.6851462722,
7029.505,0.1831110567,0.0000000000,0.9765923023,0.0650654659,0.0042725913,-1.0111392736,-0.1513718069,-0.0434583575,-0.4292123318,0.0026252009,0.0079633435,-0.0130969286,0.0309120510,0.0955738872,-0.9950526953,0.0048236246,-2.1973326206,7.5075531006,2.5025177002,-0.3903927803,-0.8742942810,-0.3104342818,-0.3685415089,0.1152378917,-0.4829249084,0.0302526355,-0.0479531884,0.0644277930,-0.1609808207,0.5730559230,0.5994004011,-0.5354009271,-2.1973326206,7.5075531006,2.5025177002,-0.3903927803,-0.8742942810,-0.3104342818,-0.3685415089,0.1152378917,-0.4829249084,0.0302526355,-0.0479531884,0.0644277930,-0.1609808207,0.5730559230,0.5994004011,-0.5354009271,0.0000000000,0.0000000000,0.0000000000,0.0000000000,0.0000000000,0.0000000000,-0.8103274703,0.3198339939,-0.3730582595,0.9851620793,-0.1668155789,-0.0462293625,0.2315849960,0.6821196079,0.1088180840,-0.6851883531,
7029.518,0.1220740378,-0.0610370189,0.9765923023,0.0642109439,0.0036622211,-1.0102847815,-0.1499069184,-0.0441908017,-0.4333628416,0.0017769672,0.0073483479,-0.0122420192,0.0309089962,0.0956024975,-0.9950501919,0.0048219082,-2.5635547638,8.3010349274,2.5025177002,-0.3934446275,-0.8706320524,-0.3208105862,-0.3667104244,0.1180455983,-0.4814600050,0.0268743932,-0.0444430113,0.0547519624,-0.1610057354,0.5731874108,0.5995669961,-0.5350662470,-2.5635547638,8.3010349274,2.5025177002,-0.3934446275,-0.8706320524,-0.3208105862,-0.3667104244,0.1180455983,-0.4814600050,0.0268743932,-0.0444430113,0.0547519624,-0.1610057354,0.5731874108,0.5995669961,-0.5350662470,0.0000000000,0.0000000000,0.0000000000,0.0000000000,0.0000000000,0.0000000000,-0.8122806549,0.3178808093,-0.3711050749,0.9851620793,-0.1668158174,-0.0462295413,0.2314563990,0.6821399927,0.1086898744,-0.6852318645,
7029.531,0.1831110567,0.0000000000,0.9765923023,0.0644550920,0.0032959990,-1.0107730627,-0.1527146250,-0.0450453199,-0.4300668240,0.0020157099,0.0069899741,-0.0127306581,0.0309111625,0.0956342444,-0.9950469732,0.0048270617,-3.4791100025,10.9866638184,2.8687398434,-0.3944212198,-0.8700216413,-0.3226416707,-0.3664662540,0.1184118167,-0.4834131896,0.0254518986,-0.0440767407,0.0539545417,-0.1611079127,0.5734812617,0.5997169614,-0.5345522761,-3.4791100025,10.9866638184,2.8687398434,-0.3944212198,-0.8700216413,-0.3226416707,-0.3664662540,0.1184118167,-0.4834131896,0.0254518986,-0.0440767407,0.0539545417,-0.1611079127,0.5734812617,0.5997169614,-0.5345522761,0.0000000000,0.0000000000,0.0000000000,0.0000000000,0.0000000000,0.0000000000,-0.8105716109,0.3193456829,-0.3554795980,0.9851620197,-0.1668160707,-0.0462297201,0.2313593328,0.6821553707,0.1085930392,-0.6852647066,
7029.544,0.1220740378,-0.0610370189,0.9765923023,0.0637226477,0.0028077029,-1.0111392736,-0.1523483992,-0.0458998382,-0.4304330647,0.0012922361,0.0065012709,-0.0130963326,0.0309065003,0.0956778899,-0.9950429201,0.0048277844,-3.9674062729,11.9022188187,3.0518510342,-0.3889278769,-0.8728293777,-0.3214209378,-0.3687856793,0.1142612994,-0.4748679996,0.0304393470,-0.0471573472,0.0563350022,-0.1612220407,0.5738072991,0.5998885632,-0.5339751840,-3.9674062729,11.9022188187,3.0518510342,-0.3889278769,-0.8728293777,-0.3214209378,-0.3687856793,0.1142612994,-0.4748679996,0.0304393470,-0.0471573472,0.0563350022,-0.1612220407,0.5738072991,0.5998885632,-0.5339751840,0.0000000000,0.0000000000,0.0000000000,0.0000000000,0.0000000000,0.0000000000,-0.8113040328,0.3183690906,-0.3730582595,0.9851620197,-0.1668163091,-0.0462299585,0.2312311977,0.6821756363,0.1084652990,-0.6853080392,
7029.557,0.1220740378,-0.0610370189,0.9765923023,0.0648213178,0.0029297769,-1.0106509924,-0.1481978893,-0.0500503555,-0.4333628416,0.0023942702,0.0066223321,-0.0126078129,0.0309043303,0.0957893655,-0.9950322509,0.0048305807,-4.6388134956,12.0853300095,3.2349619865,-0.3842890859,-0.8771019578,-0.3238624334,-0.3632923365,0.1165807098,-0.4813379347,0.0345588326,-0.0517491698,0.0551644564,-0.1613322198,0.5741747022,0.6000667810,-0.5333464742,-4.6388134956,12.0853300095,3.2349619865,-0.3842890859,-0.8771019578,-0.3238624334,-0.3632923365,0.1165807098,-0.4813379347,0.0345588326,-0.0517491698,0.0551644564,-0.1613322198,0.5741747022,0.6000667810,-0.5333464742,0.0000000000,0.0000000000,0.0000000000,0.0000000000,0.0000000000,0.0000000000,-0.8122806549,0.3164159060,-0.3535264134,0.9851617813,-0.1668165326,-0.0462298393,0.2311268747,0.6821920872,0.1083612666,-0.6853432059,
7029.570,0.1220740378,-0.0610370189,1.0376293659,0.0632343516,0.0021973327,-1.0115054846,-0.1511276662,-0.0467543565,-0.4271370471,0.0008187704,0.0058931685,-0.0134615898,0.0308982003,0.0958429798,-0.9950272441,0.0048333285,-6.8971829414,10.8645896912,3.3570361137,-0.3779412210,-0.8823511600,-0.3286233246,-0.3674428463,0.1169469282,-0.4826807380,0.0404477119,-0.0574645996,0.0519211590,-0.1612665355,0.5745099783,0.6003779769,-0.5326545238,-6.8971829414,10.8645896912,3.3570361137,-0.3779412210,-0.8823511600,-0.3286233246,-0.3674428463,0.1169469282,-0.4826807380,0.0404477119,-0.0574645996,0.0519211590,-0.1612665355,0.5745099783,0.6003779769,-0.5326545238,0.0000000000,0.0000000000,0.0000000000,0.0000000000,0.0000000000,0.0000000000,-0.8108157516,0.3208105862,-0.3535264134,0.9851617813,-0.1668167859,-0.0462300181,0.2310396582,0.6822058558,0.1082742438,-0.6853726506,
7029.583,0.1220740378,0.0000000000,0.9765923023,0.0636005774,0.0036622211,-1.0115054846,-0.1514938772,-0.0467543565,-0.4272591472,0.0011839233,0.0073534241,-0.0134616494,0.0308986772,0.0959004611,-0.9950217009,0.0048328582,-8.0568866730,9.9490337372,3.2349619865,-0.3706167936,-0.8858913183,-0.3275246322,-0.3712271452,0.1157261878,-0.4799951315,0.0473209918,-0.0615183115,0.0546242893,-0.1611071378,0.5747891068,0.6007788777,-0.5319492817,-8.0568866730,9.9490337372,3.2349619865,-0.3706167936,-0.8858913183,-0.3275246322,-0.3712271452,0.1157261878,-0.4799951315,0.0473209918,-0.0615183115,0.0546242893,-0.1611071378,0.5747891068,0.6007788777,-0.5319492817,0.0000000000,0.0000000000,0.0000000000,0.0000000000,0.0000000000,0.0000000000,-0.8115482330,0.3188574016,-0.3750114441,0.9851617813,-0.1668170244,-0.0462301970,0.2309116572,0.6822260618,0.1081466526,-0.6854158640,
7029.596,0.1220740378,-0.0610370189,0.9765923023,0.0643330216,0.0026856288,-1.0105289221,-0.1535691470,-0.0465102084,-0.4287240207,0.0019220263,0.0063770306,-0.0124847293,0.0308956187,0.0959472507,-0.9950172901,0.0048341379,-9.2165899277,8.7282934189,2.9908139706,-0.3701284826,-0.8867458105,-0.3339945674,-0.3669545650,0.1190221906,-0.4779198468,0.0473960638,-0.0629539490,0.0498542786,-0.1608393341,0.5750213265,0.6012637019,-0.5312309265,-9.2165899277,8.7282934189,2.9908139706,-0.3701284826,-0.8867458105,-0.3339945674,-0.3669545650,0.1190221906,-0.4779198468,0.0473960638,-0.0629539490,0.0498542786,-0.1608393341,0.5750213265,0.6012637019,-0.5312309265,0.0000000000,0.0000000000,0.0000000000,0.0000000000,0.0000000000,0.0000000000,-0.8093508482,0.3208105862,-0.3750114441,0.9851617217,-0.1668172777,-0.0462303758,0.2307923734,0.6822448373,0.1080277339,-0.6854560971,
7029.609,0.1220740378,-0.0610370189,0.9765923023,0.0636005774,0.0023194067,-1.0110172033,-0.1510055810,-0.0471205786,-0.4272591472,0.0011989698,0.0060128206,-0.0129724145,0.0308905356,0.0960106105,-0.9950113297,0.0048366548,-11.4139223099,7.8127384186,2.6245918274,-0.3823359013,-0.8784447908,-0.3531602025,-0.3680532277,0.1203650013,-0.4856105149,0.0348329246,-0.0554187298,0.0327118039,-0.1604002267,0.5752619505,0.6018745899,-0.5304109454,-11.4139223099,7.8127384186,2.6245918274,-0.3823359013,-0.8784447908,-0.3531602025,-0.3680532277,0.1203650013,-0.4856105149,0.0348329246,-0.0554187298,0.0327118039,-0.1604002267,0.5752619505,0.6018745899,-0.5304109454,0.0000000000,0.0000000000,0.0000000000,0.0000000000,0.0000000000,0.0000000000,-0.8105716109,0.3198339939,-0.3535264134,0.9851615429,-0.1668175161,-0.0462303758,0.2307035029,0.6822587848,0.1079390869,-0.6854860187,
7029.622,0.1220740378,-0.0610370189,0.9765923023,0.0632343516,0.0015869625,-1.0099185705,-0.1486861855,-0.0446790978,-0.4312875867,0.0008435547,0.0052859853,-0.0118731260,0.0308846999,0.0960478932,-0.9950078726,0.0048400839,-12.5125885010,8.0568866730,2.5025177002,-0.3719595969,-0.8829615116,-0.3648793101,-0.3658559024,0.1198767051,-0.4830469787,0.0447604358,-0.0607612133,0.0232300162,-0.1599419862,0.5755196810,0.6025571227,-0.5294939876,-12.5125885010,8.0568866730,2.5025177002,-0.3719595969,-0.8829615116,-0.3648793101,-0.3658559024,0.1198767051,-0.4830469787,0.0447604358,-0.0607612133,0.0232300162,-0.1599419862,0.5755196810,0.6025571227,-0.5294939876,0.0000000000,0.0000000000,0.0000000000,0.0000000000,0.0000000000,0.0000000000,-0.8120365143,0.3169042170,-0.3554795980,0.9851617217,-0.1668178290,-0.0462306738,0.2306005657,0.6822750568,0.1078364179,-0.6855207682,
7029.635,0.1220740378,-0.0610370189,0.9765923023,0.0638447255,0.0021973327,-1.0100406408,-0.1510055810,-0.0456556901,-0.4338511229,0.0014617145,0.0058989171,-0.0119947791,0.0308804922,0.0960897580,-0.9950039387,0.0048422837,-14.5268106461,6.6530351639,2.4414808750,-0.3661000431,-0.8841822743,-0.3693960309,-0.3637806475,0.1230506301,-0.4863429666,0.0502276123,-0.0629362464,0.0211454630,-0.1593298018,0.5757411718,0.6033540368,-0.5285293460,-14.5268106461,6.6530351639,2.4414808750,-0.3661000431,-0.8841822743,-0.3693960309,-0.3637806475,0.1230506301,-0.4863429666,0.0502276123,-0.0629362464,0.0211454630,-0.1593298018,0.5757411718,0.6033540368,-0.5285293460,0.0000000000,0.0000000000,0.0000000000,0.0000000000,0.0000000000,0.0000000000,-0.8113040328,0.3193456829,-0.3554795980,0.9851615429,-0.1668180674,-0.0462307334,0.2305072248,0.6822896600,0.1077433154,-0.6855521798,
7029.648,0.1220740378,0.0000000000,0.9765923023,0.0637226477,0.0030518509,-1.0108951330,-0.1544236541,-0.0474868007,-0.4322641790,0.0013376139,0.0067517720,-0.0128493309,0.0308813136,0.0961445794,-0.9949986339,0.0048432541,-19.5928821564,-0.3051851094,2.6245918274,-0.3492538333,-0.8893093467,-0.3625598848,-0.3654896617,0.1209753752,-0.4852443039,0.0671104193,-0.0693304539,0.0305949152,-0.1581247449,0.5756911039,0.6044836044,-0.5276544094,-19.5928821564,-0.3051851094,2.6245918274,-0.3492538333,-0.8893093467,-0.3625598848,-0.3654896617,0.1209753752,-0.4852443039,0.0671104193,-0.0693304539,0.0305949152,-0.1581247449,0.5756911039,0.6044836044,-0.5276544094,0.0000000000,0.0000000000,0.0000000000,0.0000000000,0.0000000000,0.0000000000,-0.8117923737,0.3217871785,-0.3535264134,0.9851614833,-0.1668183059,-0.0462308526,0.2304258496,0.6823024154,0.1076621264,-0.6855795979,
7029.661,0.1220740378,0.0000000000,1.0376293659,0.0643330216,0.0034180731,-1.0106509924,-0.1514938772,-0.0460219122,-0.4364146888,0.0019429326,0.0071151913,-0.0126054883,0.0308837779,0.0961833075,-0.9949948192,0.0048433044,-22.4005851746,-5.2491836548,2.5025177002,-0.3419293761,-0.8923612237,-0.3636585474,-0.3641468585,0.1262245625,-0.4871974885,0.0747590959,-0.0738205314,0.0321396589,-0.1565479040,0.5754404068,0.6058143377,-0.5268715620,-22.4005851746,-5.2491836548,2.5025177002,-0.3419293761,-0.8923612237,-0.3636585474,-0.3641468585,0.1262245625,-0.4871974885,0.0747590959,-0.0738205314,0.0321396589,-0.1565479040,0.5754404068,0.6058143377,-0.5268715620,0.0000000000,0.0000000000,0.0000000000,0.0000000000,0.0000000000,0.0000000000,-0.8093508482,0.3154393137,-0.3535264134,0.9851614833,-0.1668185741,-0.0462310314,0.2303240299,0.6823183894,0.1075605974,-0.6856138706,
7029.674,0.1220740378,-0.0610370189,0.9765923023,0.0643330216,0.0032959990,-1.0110172033,-0.1549119502,-0.0435804315,-0.4290902317,0.0019486248,0.0069902716,-0.0129714012,0.0308810659,0.0961863175,-0.9949945807,0.0048417072,-25.3303623199,-10.0711078644,2.1362955570,-0.3468123376,-0.8938261271,-0.3670766354,-0.3680532277,0.1235389262,-0.4860988259,0.0704990625,-0.0769155025,0.0314217806,-0.1545765251,0.5749822855,0.6073614955,-0.5261719227,-25.3303623199,-10.0711078644,2.1362955570,-0.3468123376,-0.8938261271,-0.3670766354,-0.3680532277,0.1235389262,-0.4860988259,0.0704990625,-0.0769155025,0.0314217806,-0.1545765251,0.5749822855,0.6073614955,-0.5261719227,0.0000000000,0.0000000000,0.0000000000,0.0000000000,0.0000000000,0.0000000000,-0.8122806549,0.3198339939,-0.3750114441,0.9851614833,-0.1668188274,-0.0462312102,0.2302024215,0.6823374629,0.1074393764,-0.6856547594,
7029.687,0.1220740378,-0.0610370189,0.9765923023,0.0634784997,0.0035401471,-1.0112613440,-0.1584521085,-0.0480971709,-0.4237189889,0.0011040159,0.0072303885,-0.0132148266,0.0308760647,0.0962377116,-0.9949898720,0.0048408154,-30.7626571655,-16.4189586639,0.9155552983,-0.3446150124,-0.8954130411,-0.3973509967,-0.3690298200,0.1256141812,-0.4887844622,0.0735599697,-0.0804713964,0.0042599738,-0.1520499289,0.5742634535,0.6093197465,-0.5254287124,-30.7626571655,-16.4189586639,0.9155552983,-0.3446150124,-0.8954130411,-0.3973509967,-0.3690298200,0.1256141812,-0.4887844622,0.0735599697,-0.0804713964,0.0042599738,-0.1520499289,0.5742634535,0.6093197465,-0.5254287124,0.0000000000,0.0000000000,0.0000000000,0.0000000000,0.0000000000,0.0000000000,-0.8100833297,0.3193456829,-0.3750114441,0.9851614237,-0.1668190807,-0.0462313890,0.2300811708,0.6823564172,0.1073185205,-0.6856955290,
7029.700,0.1220740378,-0.0610370189,0.9765923023,0.0649433881,0.0026856288,-1.0110172033,-0.1528366953,-0.0434583575,-0.4295785427,0.0025715306,0.0063760700,-0.0129705667,0.0308747161,0.0962450430,-0.9949890375,0.0048410171,-33.8755455017,-19.6539192200,0.1831110567,-0.3473006487,-0.8899197578,-0.4039430022,-0.3686636090,0.1281777471,-0.4937894940,0.0718805194,-0.0771430731,0.0009905100,-0.1492339671,0.5734136105,0.6114795208,-0.5246546268,-33.8755455017,-19.6539192200,0.1831110567,-0.3473006487,-0.8899197578,-0.4039430022,-0.3686636090,0.1281777471,-0.4937894940,0.0718805194,-0.0771430731,0.0009905100,-0.1492339671,0.5734136105,0.6114795208,-0.5246546268,0.0000000000,0.0000000000,0.0000000000,0.0000000000,0.0000000000,0.0000000000,-0.8108157516,0.3193456829,-0.3730582595,0.9851611853,-0.1668192744,-0.0462313890,0.2299629748,0.6823748350,0.1072007194,-0.6857351661,
7029.713,0.1220740378,-0.0610370189,0.9765923023,0.0637226477,0.0034180731,-1.0102847815,-0.1567430645,-0.0443128757,-0.4317758679,0.0013591312,0.0071050860,-0.0122376084,0.0308706891,0.0962512046,-0.9949887991,0.0048390971,-36.6832466125,-21.9733276367,-0.4272591472,-0.3643909991,-0.8795434237,-0.4073610604,-0.3723258078,0.1324503273,-0.4862208962,0.0559636652,-0.0691452026,0.0011055768,-0.1461361200,0.5724580884,0.6138148904,-0.5238424540,-36.6832466125,-21.9733276367,-0.4272591472,-0.3643909991,-0.8795434237,-0.4073610604,-0.3723258078,0.1324503273,-0.4862208962,0.0559636652,-0.0691452026,0.0011055768,-0.1461361200,0.5724580884,0.6138148904,-0.5238424540,0.0000000000,0.0000000000,0.0000000000,0.0000000000,0.0000000000,0.0000000000,-0.8093508482,0.3183690906,-0.3554795980,0.9851611853,-0.1668195575,-0.0462315083,0.2298706621,0.6823892593,0.1071086600,-0.6857661605,
7029.726,0.1220740378,-0.0610370189,0.9765923023,0.0633564293,0.0046388134,-1.0115054846,-0.1561326981,-0.0446790978,-0.4311655164,0.0010034367,0.0083164051,-0.0134575963,0.0308658406,0.0962641239,-0.9949875474,0.0048343004,-40.1013221741,-21.9122905731,-0.9155552983,-0.3863643408,-0.8655049205,-0.4104129076,-0.3715933859,0.1335490048,-0.4912259281,0.0352072716,-0.0577697158,0.0020524859,-0.1428624094,0.5715541840,0.6162809730,-0.5228361487,-40.1013221741,-21.9122905731,-0.9155552983,-0.3863643408,-0.8655049205,-0.4104129076,-0.3715933859,0.1335490048,-0.4912259281,0.0352072716,-0.0577697158,0.0020524859,-0.1428624094,0.5715541840,0.6162809730,-0.5228361487,0.0000000000,0.0000000000,0.0000000000,0.0000000000,0.0000000000,0.0000000000,-0.8110598922,0.3208105862,-0.3730582595,0.9851611853,-0.1668198109,-0.0462316275,0.2297583818,0.6824067831,0.1069967374,-0.6858038306,
7029.739,0.1220740378,-0.0610370189,0.9155552983,0.0638447255,0.0040284432,-1.0112613440,-0.1567430645,-0.0439466536,-0.4309213459,0.0014996640,0.0076990034,-0.0132129788,0.0308621917,0.0962710902,-0.9949870110,0.0048306328,-41.5662117004,-21.1188087463,-0.7934812307,-0.3914914429,-0.8631855249,-0.4155400395,-0.3712271452,0.1357463300,-0.4961088896,0.0312876999,-0.0582639575,0.0011654496,-0.1395604163,0.5707215667,0.6187676191,-0.5216993093,-41.5662117004,-21.1188087463,-0.7934812307,-0.3914914429,-0.8631855249,-0.4155400395,-0.3712271452,0.1357463300,-0.4961088896,0.0312876999,-0.0582639575,0.0011654496,-0.1395604163,0.5707215667,0.6187676191,-0.5216993093,0.0000000000,0.0000000000,0.0000000000,0.0000000000,0.0000000000,0.0000000000,-0.8108157516,0.3208105862,-0.3593859673,0.9851613045,-0.1668200940,-0.0462319255,0.2296683639,0.6824208498,0.1069069430,-0.6858341098,
7029.752,0.1220740378,0.0000000000,0.9155552983,0.0627460554,0.0025635548,-1.0111392736,-0.1571092904,-0.0441908017,-0.4256721735,0.0004036054,0.0062343497,-0.0130907297,0.0308608264,0.0962812230,-0.9949861765,0.0048309369,-43.0921363831,-20.5694751740,-0.5493331552,-0.4002807736,-0.8606219888,-0.4151737988,-0.3740348518,0.1396526992,-0.4951322973,0.0237504244,-0.0586787462,0.0059753358,-0.1361914277,0.5699370503,0.6212809086,-0.5204587579,-43.0921363831,-20.5694751740,-0.5493331552,-0.4002807736,-0.8606219888,-0.4151737988,-0.3740348518,0.1396526992,-0.4951322973,0.0237504244,-0.0586787462,0.0059753358,-0.1361914277,0.5699370503,0.6212809086,-0.5204587579,0.0000000000,0.0000000000,0.0000000000,0.0000000000,0.0000000000,0.0000000000,-0.8088625669,0.3217871785,-0.3535264134,0.9851610661,-0.1668203175,-0.0462320447,0.2295931131,0.6824324727,0.1068318635,-0.6858593225,
7029.765,0.1220740378,0.0000000000,0.9155552983,0.0610370189,0.0031739250,-1.0102847815,-0.1579638124,-0.0433362834,-0.4264046252,-0.0012946464,0.0068419212,-0.0122355223,0.0308556091,0.0962776542,-0.9949865341,0.0048289136,-45.1673927307,-16.9682903290,-0.3662221134,-0.4077273011,-0.8629413843,-0.4224982560,-0.3753776550,0.1401409954,-0.5009918809,0.0173473060,-0.0641840696,0.0036216676,-0.1329128444,0.5693581104,0.6238069534,-0.5189163685,-45.1673927307,-16.9682903290,-0.3662221134,-0.4077273011,-0.8629413843,-0.4224982560,-0.3753776550,0.1401409954,-0.5009918809,0.0173473060,-0.0641840696,0.0036216676,-0.1329128444,0.5693581104,0.6238069534,-0.5189163685,0.0000000000,0.0000000000,0.0000000000,0.0000000000,0.0000000000,0.0000000000,-0.8095950484,0.3198339939,-0.3574327826,0.9851611853,-0.1668206155,-0.0462324023,0.2295044661,0.6824463010,0.1067434475,-0.6858891249,
7029.778,0.1220740378,0.0000000000,0.9155552983,0.0629902035,0.0035401471,-1.0097965002,-0.1556444019,-0.0419934690,-0.4323862493,0.0006594546,0.0072035440,-0.0117472410,0.0308554433,0.0962621719,-0.9949882627,0.0048260973,-46.0219116211,-14.4047365189,-0.6103702188,-0.4002807736,-0.8626972437,-0.4354380965,-0.3811151385,0.1441694349,-0.4975737929,0.0255824029,-0.0672053099,-0.0040328503,-0.1297474951,0.5688691139,0.6263660789,-0.5171682239,-46.0219116211,-14.4047365189,-0.6103702188,-0.4002807736,-0.8626972437,-0.4354380965,-0.3811151385,0.1441694349,-0.4975737929,0.0255824029,-0.0672053099,-0.0040328503,-0.1297474951,0.5688691139,0.6263660789,-0.5171682239,0.0000000000,0.0000000000,0.0000000000,0.0000000000,0.0000000000,0.0000000000,-0.8115482330,0.3149510324,-0.3593859673,0.9851610661,-0.1668208390,-0.0462324023,0.2293945551,0.6824633479,0.1066339016,-0.6859259009,
7029.791,0.1220740378,0.0610370189,0.9765923023,0.0642109439,0.0041505173,-1.0115054846,-0.1551561058,-0.0457777642,-0.4275032878,0.0018650778,0.0078070164,-0.0134571195,0.0308631621,0.0962932035,-0.9949848652,0.0048243571,-47.3647270203,-12.7567367554,-0.9155552983,-0.3892941177,-0.8604999185,-0.4557023942,-0.3824579716,0.1506393701,-0.4989165962,0.0371443331,-0.0683991313,-0.0186655819,-0.1266378462,0.5684502721,0.6289885044,-0.5152130127,-47.3647270203,-12.7567367554,-0.9155552983,-0.3892941177,-0.8604999185,-0.4557023942,-0.3824579716,0.1506393701,-0.4989165962,0.0371443331,-0.0683991313,-0.0186655819,-0.1266378462,0.5684502721,0.6289885044,-0.5152130127,0.0000000000,0.0000000000,0.0000000000,0.0000000000,0.0000000000,0.0000000000,-0.8088625669,0.3222754598,-0.3535264134,0.9851610661,-0.1668211222,-0.0462325811,0.2293223888,0.6824745536,0.1065618917,-0.6859501004,
7029.804,0.1220740378,0.0610370189,0.9155552983,0.0634784997,0.0020752586,-1.0104068518,-0.1593066156,-0.0441908017,-0.4283578098,0.0011207871,0.0057344674,-0.0123592615,0.0308689196,0.0962961316,-0.9949845076,0.0048263683,-51.2710952759,-12.3905143738,-0.4882961512,-0.3962523341,-0.8498794436,-0.4748679996,-0.3812372088,0.1485641003,-0.4994048774,0.0308310986,-0.0615956187,-0.0316075683,-0.1233201772,0.5681330562,0.6317426562,-0.5129930973,-51.2710952759,-12.3905143738,-0.4882961512,-0.3962523341,-0.8498794436,-0.4748679996,-0.3812372088,0.1485641003,-0.4994048774,0.0308310986,-0.0615956187,-0.0316075683,-0.1233201772,0.5681330562,0.6317426562,-0.5129930973,0.0000000000,0.0000000000,0.0000000000,0.0000000000,0.0000000000,0.0000000000,-0.8110598922,0.3217871785,-0.3574327826,0.9851608276,-0.1668213308,-0.0462325811,0.2292409092,0.6824871302,0.1064806283,-0.6859773397,
7029.817,0.1220740378,0.0610370189,0.9155552983,0.0646992400,0.0029297769,-1.0106509924,-0.1543015838,-0.0476088747,-0.4329966009,0.0023238249,0.0065874639,-0.0126044750,0.0308775194,0.0963572338,-0.9949782491,0.0048283627,-53.3463554382,-12.7567367554,-0.1831110567,-0.3963744044,-0.8528092504,-0.4729148149,-0.3846552968,0.1516159624,-0.4994048774,0.0314334631,-0.0685556531,-0.0232535601,-0.1198776886,0.5678128004,0.6345574856,-0.5106845498,-53.3463554382,-12.7567367554,-0.1831110567,-0.3963744044,-0.8528092504,-0.4729148149,-0.3846552968,0.1516159624,-0.4994048774,0.0314334631,-0.0685556531,-0.0232535601,-0.1198776886,0.5678128004,0.6345574856,-0.5106845498,0.0000000000,0.0000000000,0.0000000000,0.0000000000,0.0000000000,0.0000000000,-0.8122806549,0.3193456829,-0.3574327826,0.9851610065,-0.1668216288,-0.0462329388,0.2291504890,0.6825011969,0.1063904464,-0.6860076785,
7029.830,0.1220740378,0.1220740378,0.9155552983,0.0650654659,0.0032959990,-1.0113834143,-0.1580858827,-0.0468764305,-0.4345835745,0.0026602224,0.0069503780,-0.0133387446,0.0308923535,0.0963962004,-0.9949740171,0.0048293672,-55.4216117859,-13.3671073914,0.1831110567,-0.4001587033,-0.8437757492,-0.4619281590,-0.3800164759,0.1567430645,-0.5048982501,0.0285198092,-0.0637861490,-0.0057305992,-0.1163006425,0.5675100088,0.6373971105,-0.5083063841,-55.4216117859,-13.3671073914,0.1831110567,-0.4001587033,-0.8437757492,-0.4619281590,-0.3800164759,0.1567430645,-0.5048982501,0.0285198092,-0.0637861490,-0.0057305992,-0.1163006425,0.5675100088,0.6373971105,-0.5083063841,0.0000000000,0.0000000000,0.0000000000,0.0000000000,0.0000000000,0.0000000000,-0.8120365143,0.3164159060,-0.3574327826,0.9851607084,-0.1668218523,-0.0462328792,0.2290502936,0.6825166345,0.1062905714,-0.6860411167,
7029.843,0.1220740378,0.0610370189,0.9155552983,0.0642109439,0.0036622211,-1.0104068518,-0.1539353579,-0.0421155430,-0.4281136394,0.0017905533,0.0073114871,-0.0123630762,0.0309001897,0.0963876247,-0.9949746132,0.0048272880,-59.2669448853,-16.9072551727,0.8545182943,-0.3840449154,-0.8469496965,-0.4576555789,-0.3858760297,0.1585741788,-0.5007476807,0.0458256304,-0.0715844035,0.0052504838,-0.1123389825,0.5670738220,0.6404094696,-0.5058922172,-59.2669448853,-16.9072551727,0.8545182943,-0.3840449154,-0.8469496965,-0.4576555789,-0.3858760297,0.1585741788,-0.5007476807,0.0458256304,-0.0715844035,0.0052504838,-0.1123389825,0.5670738220,0.6404094696,-0.5058922172,0.0000000000,0.0000000000,0.0000000000,0.0000000000,0.0000000000,0.0000000000,-0.8098391891,0.3203222752,-0.3593859673,0.9851608872,-0.1668221503,-0.0462332964,0.2289627194,0.6825302243,0.1062032282,-0.6860705018,
7029.856,0.1220740378,0.0610370189,0.9155552983,0.0646992400,0.0042725913,-1.0102847815,-0.1556444019,-0.0450453199,-0.4338511229,0.0022613369,0.0079137553,-0.0122420788,0.0309091955,0.0964108035,-0.9949721098,0.0048248209,-61.4642791748,-20.7525863647,1.0986663103,-0.3844111562,-0.8352305889,-0.4621722996,-0.3868526220,0.1655323952,-0.5022125840,0.0470253229,-0.0647611022,0.0074001849,-0.1080444902,0.5664962530,0.6435156465,-0.5035277009,-61.4642791748,-20.7525863647,1.0986663103,-0.3844111562,-0.8352305889,-0.4621722996,-0.3868526220,0.1655323952,-0.5022125840,0.0470253229,-0.0647611022,0.0074001849,-0.1080444902,0.5664962530,0.6435156465,-0.5035277009,0.0000000000,0.0000000000,0.0000000000,0.0000000000,0.0000000000,0.0000000000,-0.8120365143,0.3208105862,-0.3554795980,0.9851607084,-0.1668224037,-0.0462332964,0.2288821489,0.6825426221,0.1061228663,-0.6860973835,
7029.869,0.1220740378,0.0610370189,0.9155552983,0.0649433881,0.0037842952,-1.0104068518,-0.1534470618,-0.0458998382,-0.4343394339,0.0024868920,0.0074198158,-0.0123653412,0.0309185348,0.0964516774,-0.9949678779,0.0048241806,-63.5395355225,-24.4148082733,1.3428144455,-0.3880733550,-0.8222907186,-0.4752342403,-0.3879512846,0.1676076502,-0.5041657686,0.0453019142,-0.0570066571,0.0009821355,-0.1034241170,0.5657944083,0.6467064023,-0.5011938214,-63.5395355225,-24.4148082733,1.3428144455,-0.3880733550,-0.8222907186,-0.4752342403,-0.3879512846,0.1676076502,-0.5041657686,0.0453019142,-0.0570066571,0.0009821355,-0.1034241170,0.5657944083,0.6467064023,-0.5011938214,0.0000000000,0.0000000000,0.0000000000,0.0000000000,0.0000000000,0.0000000000,-0.8088625669,0.3212988675,-0.3535264134,0.9851606488,-0.1668226570,-0.0462334752,0.2288090885,0.6825538874,0.1060499698,-0.6861218214,
7029.882,0.1220740378,0.0610370189,0.9155552983,0.0644550920,0.0037842952,-1.0117496252,-0.1545457393,-0.0495620593,-0.4288460910,0.0019829199,0.0074142269,-0.0137090087,0.0309261996,0.0965374336,-0.9949592948,0.0048248223,-66.4693145752,-28.0159912109,3.1739249229,-0.4460585415,-0.7827387452,-0.4851222336,-0.3875850737,0.1715140194,-0.5013580918,-0.0098976195,-0.0232635736,-0.0022001266,-0.0982438996,0.5651146770,0.6498851776,-0.4988858402,-66.4693145752,-28.0159912109,3.1739249229,-0.4460585415,-0.7827387452,-0.4851222336,-0.3875850737,0.1715140194,-0.5013580918,-0.0098976195,-0.0232635736,-0.0022001266,-0.0982438996,0.5651146770,0.6498851776,-0.4988858402,0.0000000000,0.0000000000,0.0000000000,0.0000000000,0.0000000000,0.0000000000,-0.8113040328,0.3217871785,-0.3554795980,0.9851607084,-0.1668229699,-0.0462337732,0.2287332416,0.6825656295,0.1059743017,-0.6861472130,
7029.895,0.1220740378,0.0610370189,0.9155552983,0.0649433881,0.0040284432,-1.0116275549,-0.1503952146,-0.0465102084,-0.4336069822,0.0024531633,0.0076516098,-0.0135880709,0.0309352353,0.0965958610,-0.9949534535,0.0048241443,-66.2862014771,-26.1238441467,4.5777764320,-0.4572893381,-0.7710196376,-0.4797509611,-0.3913693726,0.1739555001,-0.5034333467,-0.0182331502,-0.0175281167,0.0098706186,-0.0931063965,0.5645808578,0.6529190540,-0.4965082109,-66.2862014771,-26.1238441467,4.5777764320,-0.4572893381,-0.7710196376,-0.4797509611,-0.3913693726,0.1739555001,-0.5034333467,-0.0182331502,-0.0175281167,0.0098706186,-0.0931063965,0.5645808578,0.6529190540,-0.4965082109,0.0000000000,0.0000000000,0.0000000000,0.0000000000,0.0000000000,0.0000000000,-0.8110598922,0.3203222752,-0.3535264134,0.9851606488,-0.1668232232,-0.0462339520,0.2286559790,0.6825775504,0.1058972329,-0.6861730218,
7029.908,0.1220740378,0.0000000000,0.9155552983,0.0648213178,0.0030518509,-1.0105289221,-0.1535691470,-0.0448011719,-0.4404431283,0.0023240447,0.0066730930,-0.0124898553,0.0309387278,0.0966196284,-0.9949509501,0.0048242672,-65.4316864014,-23.0719928741,5.7985167503,-0.4549699426,-0.7726066113,-0.4766991138,-0.3922238946,0.1787163913,-0.5045319796,-0.0131182075,-0.0251551867,0.0196168125,-0.0881609842,0.5642145276,0.6557928324,-0.4940340817,-65.4316864014,-23.0719928741,5.7985167503,-0.4549699426,-0.7726066113,-0.4766991138,-0.3922238946,0.1787163913,-0.5045319796,-0.0131182075,-0.0251551867,0.0196168125,-0.0881609842,0.5642145276,0.6557928324,-0.4940340817,0.0000000000,0.0000000000,0.0000000000,0.0000000000,0.0000000000,0.0000000000,-0.8125247955,0.3203222752,-0.3574327826,0.9851604700,-0.1668234617,-0.0462339520,0.2285716683,0.6825904846,0.1058131754,-0.6862010956,
7029.921,0.0610370189,-0.0610370189,0.9765923023,0.0648213178,0.0026856288,-1.0107730627,-0.1544236541,-0.0439466536,-0.4278694987,0.0023277849,0.0062968000,-0.0127337575,0.0309373178,0.0966270640,-0.9949502349,0.0048193042,-65.0654602051,-20.3253269196,6.7751092911,-0.4134647548,-0.7918942571,-0.4947660863,-0.3952757418,0.1853083968,-0.5053865314,0.0308627486,-0.0504996777,0.0083738863,-0.0834543481,0.5639641881,0.6586035490,-0.4913912714,-65.0654602051,-20.3253269196,6.7751092911,-0.4134647548,-0.7918942571,-0.4947660863,-0.3952757418,0.1853083968,-0.5053865314,0.0308627486,-0.0504996777,0.0083738863,-0.0834543481,0.5639641881,0.6586035490,-0.4913912714,0.0000000000,0.0000000000,0.0000000000,0.0000000000,0.0000000000,0.0000000000,-0.8122806549,0.3256935477,-0.3535264134,0.9851604700,-0.1668237299,-0.0462340117,0.2285132855,0.6825994849,0.1057548895,-0.6862205863,
7029.934,0.1220740378,0.0000000000,0.9765923023,0.0646992400,0.0032959990,-1.0111392736,-0.1545457393,-0.0473647267,-0.4328745306,0.0021994822,0.0069047757,-0.0131003857,0.0309402887,0.0966774449,-0.9949453473,0.0048199799,-66.3472366333,-23.1330299377,6.9582200050,-0.4271370471,-0.7783440948,-0.5106356740,-0.3958860934,0.1900692731,-0.5033112764,0.0200018287,-0.0432637930,-0.0007699132,-0.0784875080,0.5636161566,0.6614482403,-0.4887809753,-66.3472366333,-23.1330299377,6.9582200050,-0.4271370471,-0.7783440948,-0.5106356740,-0.3958860934,0.1900692731,-0.5033112764,0.0200018287,-0.0432637930,-0.0007699132,-0.0784875080,0.5636161566,0.6614482403,-0.4887809753,0.0000000000,0.0000000000,0.0000000000,0.0000000000,0.0000000000,0.0000000000,-0.8108157516,0.3217871785,-0.3574327826,0.9851604104,-0.1668239981,-0.0462342501,0.2284359932,0.6826113462,0.1056777984,-0.6862463951,
7029.947,0.1220740378,0.0000000000,0.9155552983,0.0653096139,0.0043946654,-1.0118716955,-0.1541795135,-0.0445570238,-0.4321421087,0.0028008744,0.0079949843,-0.0138333440,0.0309450757,0.0966979042,-0.9949431419,0.0048168418,-67.1407241821,-24.6589565277,7.4465165138,-0.4537492096,-0.7513657212,-0.5164952278,-0.3963744044,0.1964171231,-0.5097811818,-0.0034537613,-0.0228714943,-0.0000010133,-0.0733218268,0.5632649660,0.6642468572,-0.4861859679,-67.1407241821,-24.6589565277,7.4465165138,-0.4537492096,-0.7513657212,-0.5164952278,-0.3963744044,0.1964171231,-0.5097811818,-0.0034537613,-0.0228714943,-0.0000010133,-0.0733218268,0.5632649660,0.6642468572,-0.4861859679,0.0000000000,0.0000000000,0.0000000000,0.0000000000,0.0000000000,0.0000000000,-0.8125247955,0.3237403631,-0.3574327826,0.9851604104,-0.1668242514,-0.0462344885,0.2283647805,0.6826223135,0.1056067497,-0.6862701774,
7029.960,0.1220740378,0.0000000000,0.9155552983,0.0646992400,0.0035401471,-1.0101627111,-0.1555223316,-0.0452894680,-0.4312875867,0.0021840185,0.0071362406,-0.0121247172,0.0309483856,0.0967237949,-0.9949405193,0.0048158579,-66.1030883789,-21.6681423187,9.7659235001,-0.4625385404,-0.7386699915,-0.5246742368,-0.4040650725,0.1969054192,-0.5110019445,-0.0090146661,-0.0169579387,-0.0015291572,-0.0682619438,0.5631527305,0.6668401361,-0.4834953845,-66.1030883789,-21.6681423187,9.7659235001,-0.4625385404,-0.7386699915,-0.5246742368,-0.4040650725,0.1969054192,-0.5110019445,-0.0090146661,-0.0169579387,-0.0015291572,-0.0682619438,0.5631527305,0.6668401361,-0.4834953845,0.0000000000,0.0000000000,0.0000000000,0.0000000000,0.0000000000,0.0000000000,-0.8117923737,0.3217871785,-0.3750114441,0.9851602316,-0.1668244898,-0.0462344885,0.2282597870,0.6826384068,0.1055021286,-0.6863051057,
7029.973,0.1220740378,0.0000000000,0.9155552983,0.0645771697,0.0028077029,-1.0105289221,-0.1511276662,-0.0456556901,-0.4281136394,0.0020562112,0.0064032185,-0.0124912858,0.0309510529,0.0967690423,-0.9949360490,0.0048172558,-65.9199829102,-21.2408828735,10.9256267548,-0.4611957073,-0.7368388772,-0.5299233794,-0.4017456472,0.2011780143,-0.5136875510,-0.0043486953,-0.0220438242,-0.0002172589,-0.0632154047,0.5631151795,0.6693270206,-0.4807813764,-65.9199829102,-21.2408828735,10.9256267548,-0.4611957073,-0.7368388772,-0.5299233794,-0.4017456472,0.2011780143,-0.5136875510,-0.0043486953,-0.0220438242,-0.0002172589,-0.0632154047,0.5631151795,0.6693270206,-0.4807813764,0.0000000000,0.0000000000,0.0000000000,0.0000000000,0.0000000000,0.0000000000,-0.8117923737,0.3242286444,-0.3554795980,0.9851603508,-0.1668247879,-0.0462347865,0.2281949073,0.6826484203,0.1054373682,-0.6863268018,
7029.986,0.1220740378,0.0000000000,0.9765923023,0.0643330216,0.0028077029,-1.0102847815,-0.1519821733,-0.0417493209,-0.4245735109,0.0018075183,0.0064033051,-0.0122474432,0.0309533793,0.0967552289,-0.9949373007,0.0048170900,-65.7979049683,-21.1188087463,11.7191076279,-0.4527726173,-0.7383037806,-0.5349284410,-0.4040650725,0.2103335708,-0.5117343664,0.0074380636,-0.0305163264,0.0012335777,-0.0581805743,0.5630937219,0.6717519760,-0.4780523181,-65.7979049683,-21.1188087463,11.7191076279,-0.4527726173,-0.7383037806,-0.5349284410,-0.4040650725,0.2103335708,-0.5117343664,0.0074380636,-0.0305163264,0.0012335777,-0.0581805743,0.5630937219,0.6717519760,-0.4780523181,0.0000000000,0.0000000000,0.0000000000,0.0000000000,0.0000000000,0.0000000000,-0.8105716109,0.3227637708,-0.3535264134,0.9851601720,-0.1668250412,-0.0462347865,0.2281292379,0.6826584339,0.1053718477,-0.6863486171,
7029.999,0.1220740378,0.0000000000,0.9765923023,0.0657979101,0.0019531846,-1.0108951330,-0.1543015838,-0.0429700613,-0.4254280329,0.0032608733,0.0055531040,-0.0128584504,0.0309589412,0.0967503637,-0.9949375987,0.0048196474,-66.5303497314,-22.5226593018,11.5359964371,-0.4372692108,-0.7420880795,-0.5648365617,-0.4044312835,0.2116763890,-0.5175939202,0.0263071656,-0.0414299965,-0.0222514272,-0.0530891418,0.5630007386,0.6742158532,-0.4752777815,-66.5303497314,-22.5226593018,11.5359964371,-0.4372692108,-0.7420880795,-0.5648365617,-0.4044312835,0.2116763890,-0.5175939202,0.0263071656,-0.0414299965,-0.0222514272,-0.0530891418,0.5630007386,0.6742158532,-0.4752777815,0.0000000000,0.0000000000,0.0000000000,0.0000000000,0.0000000000,0.0000000000,-0.8108157516,0.3242286444,-0.3535264134,0.9851602316,-0.1668253690,-0.0462350249,0.2280689329,0.6826677322,0.1053116396,-0.6863687634,
7030.012,0.1220740378,0.0610370189,0.9765923023,0.0654316843,0.0030518509,-1.0107730627,-0.1552781761,-0.0444349498,-0.4216437340,0.0028742999,0.0066506392,-0.0127377510,0.0309690777,0.0967625827,-0.9949361086,0.0048204525,-67.0796813965,-23.2551040649,11.4139223099,-0.4725486040,-0.7169408202,-0.5807061791,-0.4071169198,0.2165593505,-0.5168614984,-0.0054026842,-0.0236466527,-0.0317632556,-0.0478565246,0.5628916025,0.6766601205,-0.4724809825,-67.0796813965,-23.2551040649,11.4139223099,-0.4725486040,-0.7169408202,-0.5807061791,-0.4071169198,0.2165593505,-0.5168614984,-0.0054026842,-0.0236466527,-0.0317632556,-0.0478565246,0.5628916025,0.6766601205,-0.4724809825,0.0000000000,0.0000000000,0.0000000000,0.0000000000,0.0000000000,0.0000000000,-0.8091067076,0.3242286444,-0.3554795980,0.9851599932,-0.1668256372,-0.0462349653,0.2280067652,0.6826772094,0.1052495986,-0.6863893867,
7030.025,0.1220740378,0.0610370189,0.9765923023,0.0649433881,0.0039063692,-1.0113834143,-0.1528366953,-0.0472426526,-0.4276253581,0.0023683459,0.0074998271,-0.0133491755,0.0309778657,0.0968176201,-0.9949305058,0.0048203692,-66.7134628296,-21.4239940643,12.2074041367,-0.4976958632,-0.6860560775,-0.5959654450,-0.4102908373,0.2242500037,-0.5166173577,-0.0269446373,-0.0003464222,-0.0406162143,-0.0426520854,0.5629197955,0.6789994240,-0.4695808589,-66.7134628296,-21.4239940643,12.2074041367,-0.4976958632,-0.6860560775,-0.5959654450,-0.4102908373,0.2242500037,-0.5166173577,-0.0269446373,-0.0003464222,-0.0406162143,-0.0426520854,0.5629197955,0.6789994240,-0.4695808589,0.0000000000,0.0000000000,0.0000000000,0.0000000000,0.0000000000,0.0000000000,-0.8095950484,0.3237403631,-0.3535264134,0.9851600528,-0.1668259203,-0.0462351441,0.2279461473,0.6826865077,0.1051890925,-0.6864095926,
7030.038,0.1220740378,0.0000000000,0.9765923023,0.0640888736,0.0048829615,-1.0105289221,-0.1508835107,-0.0462660603,-0.4292123318,0.0015108436,0.0084662773,-0.0124948025,0.0309796147,0.0968657583,-0.9949257374,0.0048169643,-63.9057579041,-13.9774770737,15.6254768372,-0.5216223598,-0.6425977349,-0.5940122604,-0.4135868549,0.2284005284,-0.5155186653,-0.0474332273,0.0353227854,-0.0320672989,-0.0378066339,0.5634609461,0.6809759736,-0.4664741755,-63.9057579041,-13.9774770737,15.6254768372,-0.5216223598,-0.6425977349,-0.5940122604,-0.4135868549,0.2284005284,-0.5155186653,-0.0474332273,0.0353227854,-0.0320672989,-0.0378066339,0.5634609461,0.6809759736,-0.4664741755,0.0000000000,0.0000000000,0.0000000000,0.0000000000,0.0000000000,0.0000000000,-0.8125247955,0.3227637708,-0.3535264134,0.9851599932,-0.1668261886,-0.0462352633,0.2278804034,0.6826965809,0.1051235050,-0.6864314675,
7030.051,0.1220740378,0.0610370189,0.9765923023,0.0638447255,0.0043946654,-1.0104068518,-0.1536912173,-0.0456556901,-0.4282357395,0.0012542233,0.0079702996,-0.0123735070,0.0309860464,0.0968968049,-0.9949226379,0.0048147119,-61.8915367126,-9.4607381821,17.2734756470,-0.5205237269,-0.6429639459,-0.5932798386,-0.4145634472,0.2314523757,-0.5124667883,-0.0431759357,0.0271875858,-0.0247321129,-0.0332815871,0.5642438531,0.6827493310,-0.4632693529,-61.8915367126,-9.4607381821,17.2734756470,-0.5205237269,-0.6429639459,-0.5932798386,-0.4145634472,0.2314523757,-0.5124667883,-0.0431759357,0.0271875858,-0.0247321129,-0.0332815871,0.5642438531,0.6827493310,-0.4632693529,0.0000000000,0.0000000000,0.0000000000,0.0000000000,0.0000000000,0.0000000000,-0.8105716109,0.3247169554,-0.3535264134,0.9851598740,-0.1668264419,-0.0462353230,0.2278231680,0.6827052832,0.1050663739,-0.6864504814,
7030.064,0.1220740378,0.0000000000,0.9765923023,0.0640888736,0.0032959990,-1.0108951330,-0.1552781761,-0.0441908017,-0.4254280329,0.0014955699,0.0068694269,-0.0128619671,0.0309875142,0.0969043300,-0.9949218035,0.0048139845,-60.0604248047,-5.3102207184,18.3111057281,-0.5111240149,-0.6555376053,-0.5951109529,-0.4126102626,0.2326731235,-0.5111240149,-0.0309990048,0.0069441795,-0.0199542642,-0.0291075651,0.5652139783,0.6843649745,-0.4599722028,-60.0604248047,-5.3102207184,18.3111057281,-0.5111240149,-0.6555376053,-0.5951109529,-0.4126102626,0.2326731235,-0.5111240149,-0.0309990048,0.0069441795,-0.0199542642,-0.0291075651,0.5652139783,0.6843649745,-0.4599722028,0.0000000000,0.0000000000,0.0000000000,0.0000000000,0.0000000000,0.0000000000,-0.8117923737,0.3271584213,-0.3574327826,0.9851599932,-0.1668267548,-0.0462356210,0.2277674228,0.6827138662,0.1050107032,-0.6864690781,
7030.077,0.1220740378,0.0000000000,0.9155552983,0.0629902035,0.0034180731,-1.0105289221,-0.1556444019,-0.0452894680,-0.4276253581,0.0003993660,0.0069880299,-0.0124955177,0.0309863333,0.0969297215,-0.9949193597,0.0048129279,-58.5345001221,0.3662221134,17.5786609650,-0.4541154206,-0.6748253107,-0.6307565570,-0.4106570780,0.2362132668,-0.5139316916,0.0278050005,-0.0197632313,-0.0486480594,-0.0255217459,0.5663272142,0.6859822869,-0.4563928246,-58.5345001221,0.3662221134,17.5786609650,-0.4541154206,-0.6748253107,-0.6307565570,-0.4106570780,0.2362132668,-0.5139316916,0.0278050005,-0.0197632313,-0.0486480594,-0.0255217459,0.5663272142,0.6859822869,-0.4563928246,0.0000000000,0.0000000000,0.0000000000,0.0000000000,0.0000000000,0.0000000000,-0.8095950484,0.3247169554,-0.3535264134,0.9851597548,-0.1668269932,-0.0462356210,0.2277114093,0.6827223301,0.1049547866,-0.6864876747,
7030.090,0.1220740378,0.0000000000,0.9765923023,0.0649433881,0.0039063692,-1.0122379065,-0.1558885425,-0.0472426526,-0.4256721735,0.0023459643,0.0074711605,-0.0142049193,0.0309896488,0.0969745964,-0.9949148893,0.0048120744,-59.0838356018,0.4272591472,15.8085880280,-0.4354380965,-0.6662800908,-0.6535844207,-0.4135868549,0.2403637767,-0.5149083138,0.0479499996,-0.0186220407,-0.0644531846,-0.0220147129,0.5673209429,0.6877185106,-0.4527137280,-59.0838356018,0.4272591472,15.8085880280,-0.4354380965,-0.6662800908,-0.6535844207,-0.4135868549,0.2403637767,-0.5149083138,0.0479499996,-0.0186220407,-0.0644531846,-0.0220147129,0.5673209429,0.6877185106,-0.4527137280,0.0000000000,0.0000000000,0.0000000000,0.0000000000,0.0000000000,0.0000000000,-0.8093508482,0.3305765092,-0.3574327826,0.9851596951,-0.1668272913,-0.0462356806,0.2276696414,0.6827287078,0.1049130335,-0.6865015626,
7030.103,0.1220740378,0.0000000000,0.9765923023,0.0657979101,0.0028077029,-1.0112613440,-0.1568651348,-0.0476088747,-0.4289681613,0.0031894222,0.0063727628,-0.0132290721,0.0309949294,0.0970199183,-0.9949102998,0.0048141582,-59.9383544922,-0.4882961512,14.0385141373,-0.4458144009,-0.6438184977,-0.6745811105,-0.4181035757,0.2453688234,-0.5081942081,0.0389525592,-0.0036620498,-0.0784285665,-0.0184330400,0.5681630373,0.6895731091,-0.4489810169,-59.9383544922,-0.4882961512,14.0385141373,-0.4458144009,-0.6438184977,-0.6745811105,-0.4181035757,0.2453688234,-0.5081942081,0.0389525592,-0.0036620498,-0.0784285665,-0.0184330400,0.5681630373,0.6895731091,-0.4489810169,0.0000000000,0.0000000000,0.0000000000,0.0000000000,0.0000000000,0.0000000000,-0.8105716109,0.3256935477,-0.3535264134,0.9851597548,-0.1668275893,-0.0462359786,0.2276169211,0.6827368140,0.1048603728,-0.6865191460,
7030.116,0.1220740378,0.0000000000,0.9765923023,0.0648213178,0.0023194067,-1.0110172033,-0.1550340354,-0.0499282815,-0.4315317273,0.0022065490,0.0058871442,-0.0129853487,0.0309975427,0.0970999375,-0.9949023724,0.0048182900,-58.9617614746,1.6479995251,14.2826623917,-0.5416424870,-0.5880306363,-0.6759239435,-0.4132206142,0.2519608140,-0.5112460852,-0.0552854538,0.0443632007,-0.0728248358,-0.0148114366,0.5691801906,0.6912506819,-0.4452314675,-58.9617614746,1.6479995251,14.2826623917,-0.5416424870,-0.5880306363,-0.6759239435,-0.4132206142,0.2519608140,-0.5112460852,-0.0552854538,0.0443632007,-0.0728248358,-0.0148114366,0.5691801906,0.6912506819,-0.4452314675,0.0000000000,0.0000000000,0.0000000000,0.0000000000,0.0000000000,0.0000000000,-0.8108157516,0.3261818290,-0.3711050749,0.9851596355,-0.1668278426,-0.0462360382,0.2275372744,0.6827489138,0.1047809720,-0.6865455508,
7030.129,0.1220740378,0.0000000000,0.9765923023,0.0662862062,0.0034180731,-1.0113834143,-0.1555223316,-0.0488296151,-0.4282357395,0.0036581010,0.0069830571,-0.0133523345,0.0310040098,0.0971647799,-0.9948958158,0.0048195897,-56.6423530579,6.4699239731,16.5410327911,-0.5588549376,-0.5776543617,-0.6666463017,-0.4143192768,0.2574541569,-0.5138096213,-0.0711106956,0.0469519496,-0.0565949082,-0.0114833983,0.5705049038,0.6926714778,-0.4414095879,-56.6423530579,6.4699239731,16.5410327911,-0.5588549376,-0.5776543617,-0.6666463017,-0.4143192768,0.2574541569,-0.5138096213,-0.0711106956,0.0469519496,-0.0565949082,-0.0114833983,0.5705049038,0.6926714778,-0.4414095879,0.0000000000,0.0000000000,0.0000000000,0.0000000000,0.0000000000,0.0000000000,-0.8115482330,0.3247169554,-0.3691518903,0.9851595759,-0.1668280959,-0.0462361574,0.2274556309,0.6827613711,0.1046995819,-0.6865726709,
7030.142,0.1220740378,0.0000000000,0.9765923023,0.0650654659,0.0032959990,-1.0110172033,-0.1545457393,-0.0451673940,-0.4312875867,0.0024299696,0.0068588397,-0.0129866004,0.0310076997,0.0971845016,-0.9948937893,0.0048194975,-54.0788002014,11.9632558823,18.9825134277,-0.5479903817,-0.5793634057,-0.6579790711,-0.4146855175,0.2581865788,-0.5099032521,-0.0592495501,0.0375195146,-0.0409097075,-0.0085500209,0.5721418858,0.6938532591,-0.4374839365,-54.0788002014,11.9632558823,18.9825134277,-0.5479903817,-0.5793634057,-0.6579790711,-0.4146855175,0.2581865788,-0.5099032521,-0.0592495501,0.0375195146,-0.0409097075,-0.0085500209,0.5721418858,0.6938532591,-0.4374839365,0.0000000000,0.0000000000,0.0000000000,0.0000000000,0.0000000000,0.0000000000,-0.8115482330,0.3271584213,-0.3730582595,0.9851595759,-0.1668283790,-0.0462363362,0.2273765802,0.6827734113,0.1046207622,-0.6865988970,
7030.155,0.1220740378,0.0000000000,0.9765923023,0.0640888736,0.0030518509,-1.0104068518,-0.1555223316,-0.0437025055,-0.4309213459,0.0014506429,0.0066137565,-0.0123764277,0.0310091190,0.0971822143,-0.9948939681,0.0048190942,-52.0035400391,16.7851810455,20.9356975555,-0.4688863754,-0.5869320035,-0.6622516513,-0.4146855175,0.2635578513,-0.5134434104,0.0201789737,0.0223787427,-0.0379610658,-0.0060979780,0.5740242600,0.6948994994,-0.4333791733,-52.0035400391,16.7851810455,20.9356975555,-0.4688863754,-0.5869320035,-0.6622516513,-0.4146855175,0.2635578513,-0.5134434104,0.0201789737,0.0223787427,-0.0379610658,-0.0060979780,0.5740242600,0.6948994994,-0.4333791733,0.0000000000,0.0000000000,0.0000000000,0.0000000000,0.0000000000,0.0000000000,-0.8108157516,0.3276467323,-0.3750114441,0.9851595163,-0.1668286175,-0.0462364554,0.2272969931,0.6827855110,0.1045414135,-0.6866253018,
7030.168,0.1220740378,0.0610370189,0.9765923023,0.0640888736,0.0026856288,-1.0108951330,-0.1529587656,-0.0428479873,-0.4323862493,0.0014374405,0.0062484210,-0.0128655434,0.0310156848,0.0971760899,-0.9948943853,0.0048199878,-51.2100601196,18.9214763641,21.8512535095,-0.4245735109,-0.5893734694,-0.6764122248,-0.4126102626,0.2658772469,-0.5162510872,0.0644308627,0.0123898983,-0.0447989702,-0.0038784621,0.5760115981,0.6958887577,-0.4291600287,-51.2100601196,18.9214763641,21.8512535095,-0.4245735109,-0.5893734694,-0.6764122248,-0.4126102626,0.2658772469,-0.5162510872,0.0644308627,0.0123898983,-0.0447989702,-0.0038784621,0.5760115981,0.6958887577,-0.4291600287,0.0000000000,0.0000000000,0.0000000000,0.0000000000,0.0000000000,0.0000000000,-0.8113040328,0.3276467323,-0.3535264134,0.9851595759,-0.1668289453,-0.0462366939,0.2272524685,0.6827923059,0.1044969037,-0.6866401434,
7030.181,0.1220740378,0.0610370189,0.9155552983,0.0621356852,0.0025635548,-1.0108951330,-0.1560106277,-0.0482192449,-0.4338511229,-0.0005193166,0.0061271656,-0.0128657222,0.0310171358,0.0972349271,-0.9948885441,0.0048224037,-52.4918365479,15.6254768372,20.9356975555,-0.4006469846,-0.5782647133,-0.6946012974,-0.4077273011,0.2724692523,-0.5142979026,0.0884071589,0.0158232450,-0.0558040738,-0.0014694555,0.5778088570,0.6969788671,-0.4249697030,-52.4918365479,15.6254768372,20.9356975555,-0.4006469846,-0.5782647133,-0.6946012974,-0.4077273011,0.2724692523,-0.5142979026,0.0884071589,0.0158232450,-0.0558040738,-0.0014694555,0.5778088570,0.6969788671,-0.4249697030,0.0000000000,0.0000000000,0.0000000000,0.0000000000,0.0000000000,0.0000000000,-0.8093508482,0.3266701400,-0.3535264134,0.9851593971,-0.1668291837,-0.0462367535,0.2272060215,0.6827992797,0.1044505015,-0.6866555214,
7030.194,0.1220740378,0.0000000000,0.9765923023,0.0646992400,0.0026856288,-1.0107730627,-0.1535691470,-0.0449232459,-0.4304330647,0.0020387173,0.0062501193,-0.0127440691,0.0310197528,0.0972543061,-0.9948865771,0.0048237154,-54.0788002014,11.0477008820,19.8980674744,-0.4109012187,-0.5558031201,-0.7158421874,-0.4104129076,0.2735679150,-0.5102694631,0.0786009431,0.0303620100,-0.0701094270,0.0013077834,0.5793660283,0.6981727481,-0.4208704233,-54.0788002014,11.0477008820,19.8980674744,-0.4109012187,-0.5558031201,-0.7158421874,-0.4104129076,0.2735679150,-0.5102694631,0.0786009431,0.0303620100,-0.0701094270,0.0013077834,0.5793660283,0.6981727481,-0.4208704233,0.0000000000,0.0000000000,0.0000000000,0.0000000000,0.0000000000,0.0000000000,-0.8088625669,0.3291116059,-0.3750114441,0.9851593971,-0.1668294519,-0.0462369919,0.2271334827,0.6828103065,0.1043781564,-0.6866796017,
7030.207,0.1220740378,0.0000000000,0.9765923023,0.0649433881,0.0039063692,-1.0115054846,-0.1549119502,-0.0451673940,-0.4344615042,0.0022763908,0.0074657202,-0.0134768486,0.0310231429,0.0972716808,-0.9948847890,0.0048220144,-54.4450225830,6.1647391319,20.2032527924,-0.4819483161,-0.5258949399,-0.7276833653,-0.4080935121,0.2777184248,-0.5111240149,0.0088385642,0.0520353317,-0.0755372643,0.0045608990,0.5807965398,0.6992798448,-0.4170205593,-54.4450225830,6.1647391319,20.2032527924,-0.4819483161,-0.5258949399,-0.7276833653,-0.4080935121,0.2777184248,-0.5111240149,0.0088385642,0.0520353317,-0.0755372643,0.0045608990,0.5807965398,0.6992798448,-0.4170205593,0.0000000000,0.0000000000,0.0000000000,0.0000000000,0.0000000000,0.0000000000,-0.5000152588,0.3281350136,-0.3711050749,0.9851593375,-0.1668298393,-0.0462372303,0.2272600085,0.6827910542,0.1045036763,-0.6866378188,
7030.220,0.1220740378,0.0000000000,0.9765923023,0.0645771697,0.0024414808,-1.0123599768,-0.1573534310,-0.0422376171,-0.4393444657,0.0019058064,0.0060029575,-0.0143316388,0.0310253557,0.0972427204,-0.9948875308,0.0048223827,-53.3463554382,5.6154055595,21.3629570007,-0.5017243028,-0.5206457973,-0.7287819982,-0.4121219516,0.2833338380,-0.5117343664,-0.0094388425,0.0490055680,-0.0705121756,0.0078634005,0.5822548866,0.7002558112,-0.4132834971,-53.3463554382,5.6154055595,21.3629570007,-0.5017243028,-0.5206457973,-0.7287819982,-0.4121219516,0.2833338380,-0.5117343664,-0.0094388425,0.0490055680,-0.0705121756,0.0078634005,0.5822548866,0.7002558112,-0.4132834971,0.0000000000,0.0000000000,0.0000000000,0.0000000000,0.0000000000,0.0000000000,-0.4987945259,0.3286233246,-0.3535264134,0.9851590991,-0.1668302268,-0.0462372303,0.2274229079,0.6827661991,0.1046653688,-0.6865838766,
7030.233,0.1220740378,-0.0610370189,0.9155552983,0.0645771697,0.0035401471,-1.0105289221,-0.1522263288,-0.0468764305,-0.4338511229,0.0019114763,0.0070976261,-0.0125002265,0.0310224630,0.0972963870,-0.9948824048,0.0048217890,-51.9425048828,5.3102207184,22.6447334290,-0.5003814697,-0.5256507993,-0.7251197696,-0.4090701044,0.2852870226,-0.5121005774,-0.0064879656,0.0357757211,-0.0610162616,0.0111294389,0.5837568641,0.7010874748,-0.4096637666,-51.9425048828,5.3102207184,22.6447334290,-0.5003814697,-0.5256507993,-0.7251197696,-0.4090701044,0.2852870226,-0.5121005774,-0.0064879656,0.0357757211,-0.0610162616,0.0111294389,0.5837568641,0.7010874748,-0.4096637666,0.0000000000,0.0000000000,0.0000000000,0.0000000000,0.0000000000,0.0000000000,-0.8091067076,0.3310647905,-0.3535264134,0.9851590991,-0.1668305248,-0.0462374091,0.2273910940,0.6827710271,0.1046335027,-0.6865944862,
7030.246,0.1220740378,0.0000000000,0.9765923023,0.0644550920,0.0019531846,-1.0111392736,-0.1497848481,-0.0417493209,-0.4378795624,0.0017852411,0.0055151964,-0.0131108761,0.0310243778,0.0972833708,-0.9948835969,0.0048238426,-50.4776153564,1.6479995251,23.1940670013,-0.4470351338,-0.5239417553,-0.7247535586,-0.4101687670,0.2907803655,-0.5056306720,0.0486998558,0.0294274092,-0.0552832484,0.0144675141,0.5851109028,0.7018719316,-0.4062702656,-50.4776153564,1.6479995251,23.1940670013,-0.4470351338,-0.5239417553,-0.7247535586,-0.4101687670,0.2907803655,-0.5056306720,0.0486998558,0.0294274092,-0.0552832484,0.0144675141,0.5851109028,0.7018719316,-0.4062702656,0.0000000000,0.0000000000,0.0000000000,0.0000000000,0.0000000000,0.0000000000,-0.4980620742,0.3339945674,-0.3554795980,0.9851589203,-0.1668309420,-0.0462375283,0.2275666296,0.6827442050,0.1048077494,-0.6865363717,
7030.259,0.1220740378,0.0000000000,0.9155552983,0.0643330216,0.0029297769,-1.0112613440,-0.1562547684,-0.0435804315,-0.4329966009,0.0016596392,0.0064908112,-0.0132331252,0.0310261957,0.0972815976,-0.9948837161,0.0048234733,-50.9659118652,-3.2349619865,22.4005851746,-0.4234748483,-0.5121005774,-0.7308572531,-0.4090701044,0.2921231687,-0.5046540499,0.0744674206,0.0331862569,-0.0564132929,0.0180589873,0.5862274766,0.7027114034,-0.4030532241,-50.9659118652,-3.2349619865,22.4005851746,-0.4234748483,-0.5121005774,-0.7308572531,-0.4090701044,0.2921231687,-0.5046540499,0.0744674206,0.0331862569,-0.0564132929,0.0180589873,0.5862274766,0.7027114034,-0.4030532241,0.0000000000,0.0000000000,0.0000000000,0.0000000000,0.0000000000,0.0000000000,-0.4978179336,0.3335062861,-0.3535264134,0.9851589799,-0.1668313593,-0.0462377667,0.2277439237,0.6827171445,0.1049837470,-0.6864776611,
7030.272,0.1220740378,0.0000000000,0.9765923023,0.0648213178,0.0024414808,-1.0105289221,-0.1544236541,-0.0435804315,-0.4295785427,0.0021418184,0.0060046134,-0.0125010610,0.0310291424,0.0972807780,-0.9948837161,0.0048247906,-51.9425048828,-8.9114046097,21.4850311279,-0.4444715679,-0.4865871072,-0.7390362024,-0.4094363153,0.2944425941,-0.5067293048,0.0563220680,0.0504342914,-0.0600882173,0.0220700651,0.5871002674,0.7035844922,-0.4000486434,-51.9425048828,-8.9114046097,21.4850311279,-0.4444715679,-0.4865871072,-0.7390362024,-0.4094363153,0.2944425941,-0.5067293048,0.0563220680,0.0504342914,-0.0600882173,0.0220700651,0.5871002674,0.7035844922,-0.4000486434,0.0000000000,0.0000000000,0.0000000000,0.0000000000,0.0000000000,0.0000000000,-0.4965972006,0.3364360631,-0.3750114441,0.9851588607,-0.1668317467,-0.0462378860,0.2278874069,0.6826951504,0.1051261500,-0.6864300966,
7030.285,0.1220740378,0.0000000000,0.9155552983,0.0634784997,0.0041505173,-1.0112613440,-0.1540574431,-0.0445570238,-0.4315317273,0.0007997155,0.0077066412,-0.0132334232,0.0310290400,0.0972987562,-0.9948819876,0.0048218272,-51.6983566284,-13.7333288193,21.3629570007,-0.5059968829,-0.4444715679,-0.7278054357,-0.4123660922,0.2982268631,-0.5083162785,-0.0015214682,0.0840994418,-0.0449642539,0.0265128128,0.5878213048,0.7043655515,-0.3973367214,-51.6983566284,-13.7333288193,21.3629570007,-0.5059968829,-0.4444715679,-0.7278054357,-0.4123660922,0.2982268631,-0.5083162785,-0.0015214682,0.0840994418,-0.0449642539,0.0265128128,0.5878213048,0.7043655515,-0.3973367214,0.0000000000,0.0000000000,0.0000000000,0.0000000000,0.0000000000,0.0000000000,-0.4970854819,0.3364360631,-0.3535264134,0.9851589203,-0.1668321639,-0.0462382436,0.2280726284,0.6826667786,0.1053100452,-0.6863687038,
7030.298,0.1220740378,0.0610370189,0.9765923023,0.0645771697,0.0036622211,-1.0113834143,-0.1528366953,-0.0452894680,-0.4351939559,0.0018831417,0.0072144512,-0.0133564472,0.0310367066,0.0973237976,-0.9948792458,0.0048214146,-49.9893188477,-13.0008850098,22.2785110474,-0.5444502234,-0.4360484779,-0.7228003740,-0.4173711240,0.3015228808,-0.5081942081,-0.0361782908,0.0841195881,-0.0363327861,0.0309146382,0.5886107087,0.7049928904,-0.3947283924,-49.9893188477,-13.0008850098,22.2785110474,-0.5444502234,-0.4360484779,-0.7228003740,-0.4173711240,0.3015228808,-0.5081942081,-0.0361782908,0.0841195881,-0.0363327861,0.0309146382,0.5886107087,0.7049928904,-0.3947283924,0.0000000000,0.0000000000,0.0000000000,0.0000000000,0.0000000000,0.0000000000,-0.4978179336,0.3379009366,-0.3750114441,0.9851587415,-0.1668325663,-0.0462383032,0.2282181382,0.6826443672,0.1054544672,-0.6863203645,
7030.311,0.1220740378,0.0610370189,0.9155552983,0.0632343516,0.0030518509,-1.0101627111,-0.1557664722,-0.0446790978,-0.4355601668,0.0005313233,0.0066025383,-0.0121363401,0.0310411993,0.0973368883,-0.9948779345,0.0048214933,-47.6088752747,-9.9490337372,23.4992523193,-0.5498214960,-0.4323862493,-0.7186498642,-0.4122440219,0.3068941236,-0.5067293048,-0.0380231738,0.0795363486,-0.0286144018,0.0350348167,0.5895806551,0.7054474950,-0.3921158612,-47.6088752747,-9.9490337372,23.4992523193,-0.5498214960,-0.4323862493,-0.7186498642,-0.4122440219,0.3068941236,-0.5067293048,-0.0380231738,0.0795363486,-0.0286144018,0.0350348167,0.5895806551,0.7054474950,-0.3921158612,0.0000000000,0.0000000000,0.0000000000,0.0000000000,0.0000000000,0.0000000000,-0.4985503852,0.3339945674,-0.3730582595,0.9851586223,-0.1668329388,-0.0462385416,0.2283543795,0.6826233864,0.1055896729,-0.6862751245,
7030.324,0.1220740378,0.0610370189,0.9765923023,0.0643330216,0.0035401471,-1.0101627111,-0.1562547684,-0.0472426526,-0.4398327470,0.0016157031,0.0070875534,-0.0121371746,0.0310483016,0.0973749608,-0.9948738217,0.0048217475,-44.4959869385,-7.2634053230,24.3537712097,-0.4793847501,-0.4404431283,-0.7179174423,-0.4179815054,0.3104342818,-0.5080721378,0.0353738964,0.0636432469,-0.0243253708,0.0387112461,0.5906553268,0.7058088779,-0.3894937932,-44.4959869385,-7.2634053230,24.3537712097,-0.4793847501,-0.4404431283,-0.7179174423,-0.4179815054,0.3104342818,-0.5080721378,0.0353738964,0.0636432469,-0.0243253708,0.0387112461,0.5906553268,0.7058088779,-0.3894937932,0.0000000000,0.0000000000,0.0000000000,0.0000000000,0.0000000000,0.0000000000,-0.4997711182,0.3379009366,-0.3711050749,0.9851585627,-0.1668333560,-0.0462387800,0.2285048515,0.6826002002,0.1057390347,-0.6862251163,
7030.337,0.1831110567,0.0610370189,0.9765923023,0.0648213178,0.0050050355,-1.0106509924,-0.1557664722,-0.0463881344,-0.4344615042,0.0020874739,0.0085525904,-0.0126265287,0.0310563743,0.0974050686,-0.9948708415,0.0048235664,-44.8011703491,-10.8645896912,23.3771781921,-0.4614398777,-0.4251838624,-0.7281716466,-0.4140751362,0.3159276247,-0.5022125840,0.0565176904,0.0710596144,-0.0313143730,0.0425630398,0.5915423632,0.7062222362,-0.3869880438,-44.8011703491,-10.8645896912,23.3771781921,-0.4614398777,-0.4251838624,-0.7281716466,-0.4140751362,0.3159276247,-0.5022125840,0.0565176904,0.0710596144,-0.0313143730,0.0425630398,0.5915423632,0.7062222362,-0.3869880438,0.0000000000,0.0000000000,0.0000000000,0.0000000000,0.0000000000,0.0000000000,-0.4985503852,0.3364360631,-0.3730582595,0.9851585627,-0.1668337435,-0.0462390184,0.2286470681,0.6825782657,0.1058802009,-0.6861778498,
7030.350,0.1220740378,0.0610370189,0.9765923023,0.0639667958,0.0029297769,-1.0105289221,-0.1549119502,-0.0449232459,-0.4278694987,0.0012207329,0.0064770938,-0.0125052333,0.0310624074,0.0974199995,-0.9948689938,0.0048245126,-45.5946540833,-14.8319959641,22.1564388275,-0.4745017886,-0.3933225572,-0.7428205013,-0.4141972065,0.3132419884,-0.5002593994,0.0470550656,0.0949243903,-0.0430064201,0.0467108265,0.5922336578,0.7066895366,-0.3845920861,-45.5946540833,-14.8319959641,22.1564388275,-0.4745017886,-0.3933225572,-0.7428205013,-0.4141972065,0.3132419884,-0.5002593994,0.0470550656,0.0949243903,-0.0430064201,0.0467108265,0.5922336578,0.7066895366,-0.3845920861,0.0000000000,0.0000000000,0.0000000000,0.0000000000,0.0000000000,0.0000000000,-0.4980620742,0.3398541212,-0.3554795980,0.9851583838,-0.1668341458,-0.0462390780,0.2288343012,0.6825492978,0.1060661450,-0.6861154437,
7030.363,0.1220740378,0.0610370189,0.9765923023,0.0631122813,0.0030518509,-1.0100406408,-0.1551561058,-0.0428479873,-0.4286019504,0.0003580824,0.0065983231,-0.0120174289,0.0310665648,0.0974070057,-0.9948702455,0.0048240833,-45.4115409851,-17.5176239014,21.3019199371,-0.5644703507,-0.3593859673,-0.7459944487,-0.4144413471,0.3191015422,-0.4984282851,-0.0387332439,0.1207312346,-0.0436887741,0.0511667021,0.5928074718,0.7070899010,-0.3823991716,-45.4115409851,-17.5176239014,21.3019199371,-0.5644703507,-0.3593859673,-0.7459944487,-0.4144413471,0.3191015422,-0.4984282851,-0.0387332439,0.1207312346,-0.0436887741,0.0511667021,0.5928074718,0.7070899010,-0.3823991716,0.0000000000,0.0000000000,0.0000000000,0.0000000000,0.0000000000,0.0000000000,-0.4980620742,0.3398541212,-0.3593859673,0.9851583242,-0.1668345481,-0.0462392569,0.2290126085,0.6825217009,0.1062432155,-0.6860560179,
7030.376,0.1831110567,0.0610370189,0.9765923023,0.0645771697,0.0012207404,-1.0107730627,-0.1500289887,-0.0445570238,-0.4333628416,0.0018079057,0.0047860639,-0.0127508640,0.0310730338,0.0974312127,-0.9948675632,0.0048349602,-43.5804328918,-14.3436994553,22.3395481110,-0.6015808582,-0.3531602025,-0.7466048002,-0.4163945317,0.3253273070,-0.5035554171,-0.0718801022,0.1188992858,-0.0418205261,0.0554050356,0.5935593843,0.7073352337,-0.3801817298,-43.5804328918,-14.3436994553,22.3395481110,-0.6015808582,-0.3531602025,-0.7466048002,-0.4163945317,0.3253273070,-0.5035554171,-0.0718801022,0.1188992858,-0.0418205261,0.0554050356,0.5935593843,0.7073352337,-0.3801817298,0.0000000000,0.0000000000,0.0000000000,0.0000000000,0.0000000000,0.0000000000,-0.4980620742,0.3437604904,-0.3554795980,0.9851582646,-0.1668349952,-0.0462394953,0.2292098999,0.6824911237,0.1064391583,-0.6859902143,
7030.389,0.1831110567,0.0000000000,0.9765923023,0.0645771697,0.0028077029,-1.0110172033,-0.1555223316,-0.0463881344,-0.4262825549,0.0018036440,0.0063839513,-0.0129953623,0.0310744736,0.0974634662,-0.9948642850,0.0048416154,-40.9558410645,-9.0945158005,23.5602893829,-0.5910825133,-0.3637806475,-0.7480697036,-0.4156621099,0.3293557465,-0.5045319796,-0.0580651164,0.1004849970,-0.0406146646,0.0591647699,0.5945527554,0.7074449062,-0.3778518736,-40.9558410645,-9.0945158005,23.5602893829,-0.5910825133,-0.3637806475,-0.7480697036,-0.4156621099,0.3293557465,-0.5045319796,-0.0580651164,0.1004849970,-0.0406146646,0.0591647699,0.5945527554,0.7074449062,-0.3778518736,0.0000000000,0.0000000000,0.0000000000,0.0000000000,0.0000000000,0.0000000000,-0.4965972006,0.3457136750,-0.3574327826,0.9851581454,-0.1668354124,-0.0462395549,0.2294089198,0.6824601889,0.1066368446,-0.6859236956,
7030.402,0.1220740378,0.0610370189,1.0376293659,0.0662862062,0.0026856288,-1.0113834143,-0.1563768387,-0.0460219122,-0.4331187010,0.0034895390,0.0062633920,-0.0133630037,0.0310858432,0.0974809453,-0.9948621988,0.0048440467,-37.8429527283,-3.8453321457,23.9265117645,-0.5405438542,-0.3754997551,-0.7563707232,-0.4151737988,0.3300881982,-0.5030671358,-0.0050821304,0.0814131796,-0.0459817648,0.0623299032,0.5957289338,0.7074922323,-0.3753937781,-37.8429527283,-3.8453321457,23.9265117645,-0.5405438542,-0.3754997551,-0.7563707232,-0.4151737988,0.3300881982,-0.5030671358,-0.0050821304,0.0814131796,-0.0459817648,0.0623299032,0.5957289338,0.7074922323,-0.3753937781,0.0000000000,0.0000000000,0.0000000000,0.0000000000,0.0000000000,0.0000000000,-0.4978179336,0.3452253938,-0.3691518903,0.9851581454,-0.1668358892,-0.0462397337,0.2295810729,0.6824334264,0.1068078056,-0.6858661771,
7030.415,0.1220740378,0.0000000000,0.9765923023,0.0662862062,0.0031739250,-1.0110172033,-0.1554002464,-0.0423596911,-0.4288460910,0.0034769922,0.0067501133,-0.0129975677,0.0310922712,0.0974602997,-0.9948640466,0.0048432308,-37.5377655029,-4.3336281776,23.0719928741,-0.5045319796,-0.3692739606,-0.7668691278,-0.4190801680,0.3291116059,-0.4991607368,0.0331826210,0.0804070532,-0.0535741448,0.0654200166,0.5968114734,0.7076066732,-0.3729245663,-37.5377655029,-4.3336281776,23.0719928741,-0.5045319796,-0.3692739606,-0.7668691278,-0.4190801680,0.3291116059,-0.4991607368,0.0331826210,0.0804070532,-0.0535741448,0.0654200166,0.5968114734,0.7076066732,-0.3729245663,0.0000000000,0.0000000000,0.0000000000,0.0000000000,0.0000000000,0.0000000000,-0.4965972006,0.3447370827,-0.3554795980,0.9851580262,-0.1668363065,-0.0462399125,0.2297793180,0.6824024916,0.1070047319,-0.6857998371,
7030.428,0.1220740378,0.0610370189,0.9765923023,0.0656758323,0.0056154057,-1.0111392736,-0.1543015838,-0.0448011719,-0.4288460910,0.0028465390,0.0091779772,-0.0131208301,0.0311028678,0.0974749923,-0.9948623180,0.0048378929,-38.2091751099,-7.6906642914,21.7291793823,-0.4726706743,-0.3606067002,-0.7798089385,-0.4170049131,0.3347270191,-0.4985503852,0.0674399137,0.0818713009,-0.0638255477,0.0686450824,0.5976971984,0.7078089714,-0.3705349565,-38.2091751099,-7.6906642914,21.7291793823,-0.4726706743,-0.3606067002,-0.7798089385,-0.4170049131,0.3347270191,-0.4985503852,0.0674399137,0.0818713009,-0.0638255477,0.0686450824,0.5976971984,0.7078089714,-0.3705349565,0.0000000000,0.0000000000,0.0000000000,0.0000000000,0.0000000000,0.0000000000,-0.4980620742,0.3447370827,-0.3554795980,0.9851579666,-0.1668367833,-0.0462400913,0.2299756855,0.6823718548,0.1071997881,-0.6857340932,
7030.441,0.1831110567,0.0000000000,0.9765923023,0.0657979101,0.0057374798,-1.0115054846,-0.1561326981,-0.0454115421,-0.4279915690,0.0029587895,0.0092965467,-0.0134876966,0.0311078522,0.0974923000,-0.9948604703,0.0048371702,-40.8337669373,-17.3955497742,19.5928821564,-0.5271157026,-0.3005462885,-0.7955564857,-0.4184698164,0.3407086432,-0.4926908314,0.0166423321,0.1342849731,-0.0776522160,0.0727069005,0.5981549621,0.7081007361,-0.3684583604,-40.8337669373,-17.3955497742,19.5928821564,-0.5271157026,-0.3005462885,-0.7955564857,-0.4184698164,0.3407086432,-0.4926908314,0.0166423321,0.1342849731,-0.0776522160,0.0727069005,0.5981549621,0.7081007361,-0.3684583604,0.0000000000,0.0000000000,0.0000000000,0.0000000000,0.0000000000,0.0000000000,-0.4978179336,0.3466902673,-0.3691518903,0.9851579070,-0.1668371856,-0.0462403297,0.2301493287,0.6823446751,0.1073722541,-0.6856759191,
7030.454,0.1831110567,0.0000000000,0.9765923023,0.0643330216,0.0030518509,-1.0108951330,-0.1607715040,-0.0463881344,-0.4327524602,0.0014911368,0.0066206781,-0.0128775239,0.0311086867,0.0975065082,-0.9948590398,0.0048426087,-40.4675445557,-17.3955497742,19.5318470001,-0.5599536300,-0.2926114798,-0.7915280461,-0.4163945317,0.3374126554,-0.4973296225,-0.0124630332,0.1345779002,-0.0718753934,0.0767831355,0.5986192822,0.7083255053,-0.3664396703,-40.4675445557,-17.3955497742,19.5318470001,-0.5599536300,-0.2926114798,-0.7915280461,-0.4163945317,0.3374126554,-0.4973296225,-0.0124630332,0.1345779002,-0.0718753934,0.0767831355,0.5986192822,0.7083255053,-0.3664396703,0.0000000000,0.0000000000,0.0000000000,0.0000000000,0.0000000000,0.0000000000,-0.4978179336,0.3466902673,-0.3574327826,0.9851577282,-0.1668375880,-0.0462405086,0.2303457856,0.6823137999,0.1075674370,-0.6856099963,
7030.467,0.1831110567,0.0610370189,0.9765923023,0.0640888736,0.0028077029,-1.0110172033,-0.1560106277,-0.0449232459,-0.4282357395,0.0012348443,0.0063874484,-0.0130004287,0.0311141517,0.0975173786,-0.9948577285,0.0048489780,-39.4299125671,-15.9306621552,19.9591045380,-0.5861995220,-0.3005462885,-0.7849360704,-0.4204230011,0.3399761915,-0.4890286028,-0.0350783467,0.1191208959,-0.0636310577,0.0807477087,0.5991194248,0.7084859014,-0.3644548357,-39.4299125671,-15.9306621552,19.9591045380,-0.5861995220,-0.3005462885,-0.7849360704,-0.4204230011,0.3399761915,-0.4890286028,-0.0350783467,0.1191208959,-0.0636310577,0.0807477087,0.5991194248,0.7084859014,-0.3644548357,0.0000000000,0.0000000000,0.0000000000,0.0000000000,0.0000000000,0.0000000000,-0.4990386665,0.3471785784,-0.3711050749,0.9851577282,-0.1668380201,-0.0462408066,0.2305144072,0.6822873354,0.1077349335,-0.6855534315,
7030.480,0.1831110567,0.0000000000,0.9765923023,0.0646992400,0.0008545183,-1.0102847815,-0.1552781761,-0.0439466536,-0.4320200086,0.0018405318,0.0044547734,-0.0122683644,0.0311154872,0.0975166932,-0.9948577285,0.0048593953,-37.3546562195,-12.7567367554,21.1188087463,-0.5776543617,-0.3045747280,-0.7815179825,-0.4181035757,0.3404645026,-0.4925687313,-0.0232874155,0.1077585816,-0.0584733486,0.0843975097,0.5998032093,0.7085210681,-0.3624289632,-37.3546562195,-12.7567367554,21.1188087463,-0.5776543617,-0.3045747280,-0.7815179825,-0.4181035757,0.3404645026,-0.4925687313,-0.0232874155,0.1077585816,-0.0584733486,0.0843975097,0.5998032093,0.7085210681,-0.3624289632,0.0000000000,0.0000000000,0.0000000000,0.0000000000,0.0000000000,0.0000000000,-0.5000152588,0.3486434519,-0.3711050749,0.9851575494,-0.1668383926,-0.0462409258,0.2306859195,0.6822602749,0.1079053134,-0.6854957938,
7030.493,0.1220740378,0.0000000000,0.9155552983,0.0633564293,0.0030518509,-1.0105289221,-0.1571092904,-0.0456556901,-0.4331187010,0.0004997104,0.0066503538,-0.0125123262,0.0311144795,0.0975373834,-0.9948557615,0.0048590726,-36.8053207397,-11.5359964371,21.1798458099,-0.5663014650,-0.3034760654,-0.7823725343,-0.4217658043,0.3444929421,-0.4948881567,-0.0089191198,0.1016022265,-0.0575479865,0.0879098326,0.6005191803,0.7085425854,-0.3603603840,-36.8053207397,-11.5359964371,21.1798458099,-0.5663014650,-0.3034760654,-0.7823725343,-0.4217658043,0.3444929421,-0.4948881567,-0.0089191198,0.1016022265,-0.0575479865,0.0879098326,0.6005191803,0.7085425854,-0.3603603840,0.0000000000,0.0000000000,0.0000000000,0.0000000000,0.0000000000,0.0000000000,-0.4973296225,0.3476668596,-0.3593859673,0.9851576090,-0.1668388546,-0.0462412834,0.2308788747,0.6822298765,0.1080970243,-0.6854309440,
7030.506,0.1831110567,0.0000000000,0.9765923023,0.0629902035,0.0040284432,-1.0105289221,-0.1555223316,-0.0443128757,-0.4327524602,0.0001373142,0.0076316800,-0.0125121474,0.0311123263,0.0975405723,-0.9948554635,0.0048613418,-37.0494689941,-11.5970335007,20.8746604919,-0.5538499355,-0.2911465764,-0.7958006263,-0.4204230011,0.3459578156,-0.4909817874,0.0064379573,0.1066307425,-0.0691756606,0.0914050043,0.6012113094,0.7085909247,-0.3582354486,-37.0494689941,-11.5970335007,20.8746604919,-0.5538499355,-0.2911465764,-0.7958006263,-0.4204230011,0.3459578156,-0.4909817874,0.0064379573,0.1066307425,-0.0691756606,0.0914050043,0.6012113094,0.7085909247,-0.3582354486,0.0000000000,0.0000000000,0.0000000000,0.0000000000,0.0000000000,0.0000000000,-0.4990386665,0.3486434519,-0.3593859673,0.9851574302,-0.1668392867,-0.0462414622,0.2310727239,0.6821992397,0.1082896367,-0.6853656769,
7030.519,0.1831110567,0.0000000000,0.9765923023,0.0639667958,0.0042725913,-1.0105289221,-0.1555223316,-0.0422376171,-0.4278694987,0.0011129007,0.0078793326,-0.0125122070,0.0311127659,0.0975179598,-0.9948576689,0.0048624282,-40.4675445557,-14.9540700912,21.3629570007,-0.5692312121,-0.2553789020,-0.8331553340,-0.4182256460,0.3502304256,-0.4869533479,-0.0056023002,0.1344281435,-0.1047973037,0.0953442231,0.6018276811,0.7086792588,-0.3559922576,-40.4675445557,-14.9540700912,21.3629570007,-0.5692312121,-0.2553789020,-0.8331553340,-0.4182256460,0.3502304256,-0.4869533479,-0.0056023002,0.1344281435,-0.1047973037,0.0953442231,0.6018276811,0.7086792588,-0.3559922576,0.0000000000,0.0000000000,0.0000000000,0.0000000000,0.0000000000,0.0000000000,-0.4985503852,0.3476668596,-0.3574327826,0.9851572514,-0.1668397039,-0.0462414622,0.2312669903,0.6821684837,0.1084826738,-0.6853001714,
7030.532,0.1220740378,0.0000000000,0.9765923023,0.0642109439,0.0034180731,-1.0102847815,-0.1554002464,-0.0429700613,-0.4325083196,0.0013547614,0.0070218849,-0.0122682452,0.0311141144,0.0975040272,-0.9948590994,0.0048606456,-42.4817657471,-17.1514015198,22.4005851746,-0.5909604430,-0.2553789020,-0.8398693800,-0.4184698164,0.3545030057,-0.4845118523,-0.0236293674,0.1260910928,-0.1099735498,0.0995644778,0.6024062634,0.7087301612,-0.3537499309,-42.4817657471,-17.1514015198,22.4005851746,-0.5909604430,-0.2553789020,-0.8398693800,-0.4184698164,0.3545030057,-0.4845118523,-0.0236293674,0.1260910928,-0.1099735498,0.0995644778,0.6024062634,0.7087301612,-0.3537499309,0.0000000000,0.0000000000,0.0000000000,0.0000000000,0.0000000000,0.0000000000,-0.4990386665,0.3515732288,-0.3535264134,0.9851571918,-0.1668401659,-0.0462417006,0.2314797640,0.6821347475,0.1086941361,-0.6852284074,
7030.545,0.1220740378,-0.0610370189,1.0376293659,0.0649433881,0.0031739250,-1.0101627111,-0.1589404047,-0.0452894680,-0.4343394339,0.0020919964,0.0067766970,-0.0121458769,0.0311117861,0.0975037143,-0.9948590398,0.0048598852,-43.5804328918,-18.2500686646,23.4992523193,-0.6187933087,-0.2456129640,-0.8441419601,-0.4237189889,0.3586535156,-0.4785302281,-0.0475088358,0.1272217780,-0.1128696203,0.1039829478,0.6029797196,0.7087280154,-0.3514987230,-43.5804328918,-18.2500686646,23.4992523193,-0.6187933087,-0.2456129640,-0.8441419601,-0.4237189889,0.3586535156,-0.4785302281,-0.0475088358,0.1272217780,-0.1128696203,0.1039829478,0.6029797196,0.7087280154,-0.3514987230,0.0000000000,0.0000000000,0.0000000000,0.0000000000,0.0000000000,0.0000000000,-0.4985503852,0.3515732288,-0.3574327826,0.9851571918,-0.1668406129,-0.0462419987,0.2316835970,0.6821023822,0.1088967174,-0.6851596236,
7030.558,0.1831110567,0.0000000000,0.9765923023,0.0650654659,0.0030518509,-1.0104068518,-0.1557664722,-0.0446790978,-0.4325083196,0.0022075996,0.0066641606,-0.0123903751,0.0311145056,0.0975110382,-0.9948583245,0.0048651779,-42.6648750305,-14.4047365189,25.4524364471,-0.6602984667,-0.2210760862,-0.8335215449,-0.4216437340,0.3610950112,-0.4831690490,-0.0853088498,0.1429405659,-0.1007125378,0.1082421392,0.6038144827,0.7085593343,-0.3491119146,-42.6648750305,-14.4047365189,25.4524364471,-0.6602984667,-0.2210760862,-0.8335215449,-0.4216437340,0.3610950112,-0.4831690490,-0.0853088498,0.1429405659,-0.1007125378,0.1082421392,0.6038144827,0.7085593343,-0.3491119146,0.0000000000,0.0000000000,0.0000000000,0.0000000000,0.0000000000,0.0000000000,-0.4973296225,0.3501083553,-0.3593859673,0.9851571321,-0.1668410450,-0.0462422967,0.2318787575,0.6820713282,0.1090906709,-0.6850937009,
7030.571,0.1831110567,0.0610370189,0.9765923023,0.0655537620,0.0021973327,-1.0102847815,-0.1555223316,-0.0451673940,-0.4292123318,0.0026764050,0.0058233542,-0.0122696161,0.0311234761,0.0975259915,-0.9948564768,0.0048734252,-40.7727279663,-10.6204414368,26.6731777191,-0.6715292931,-0.2171697170,-0.8210699558,-0.4212774932,0.3646351397,-0.4758445919,-0.0932368040,0.1381478161,-0.0865927935,0.1122149080,0.6048281193,0.7082833648,-0.3466543257,-40.7727279663,-10.6204414368,26.6731777191,-0.6715292931,-0.2171697170,-0.8210699558,-0.4212774932,0.3646351397,-0.4758445919,-0.0932368040,0.1381478161,-0.0865927935,0.1122149080,0.6048281193,0.7082833648,-0.3466543257,0.0000000000,0.0000000000,0.0000000000,0.0000000000,0.0000000000,0.0000000000,-0.4968413413,0.3510849476,-0.3535264134,0.9851570129,-0.1668414772,-0.0462423563,0.2320882976,0.6820378900,0.1092989519,-0.6850227714,
7030.584,0.1831110567,0.0610370189,0.9765923023,0.0656758323,0.0032959990,-1.0113834143,-0.1568651348,-0.0463881344,-0.4317758679,0.0027788281,0.0069302553,-0.0133695602,0.0311327390,0.0975517631,-0.9948536158,0.0048792926,-38.6974716187,-6.4699239731,27.7108058929,-0.6441847086,-0.2171697170,-0.8086184263,-0.4227423966,0.3668324947,-0.4796288908,-0.0631710887,0.1296468228,-0.0722286105,0.1157993451,0.6060383916,0.7079238296,-0.3440866172,-38.6974716187,-6.4699239731,27.7108058929,-0.6441847086,-0.2171697170,-0.8086184263,-0.4227423966,0.3668324947,-0.4796288908,-0.0631710887,0.1296468228,-0.0722286105,0.1157993451,0.6060383916,0.7079238296,-0.3440866172,0.0000000000,0.0000000000,0.0000000000,0.0000000000,0.0000000000,0.0000000000,-0.4975737929,0.3525498211,-0.3574327826,0.9851569533,-0.1668419242,-0.0462425947,0.2322925180,0.6820052862,0.1095019504,-0.6849536300,
7030.597,0.1831110567,0.0000000000,0.9765923023,0.0651875362,0.0042725913,-1.0108951330,-0.1552781761,-0.0449232459,-0.4270149767,0.0022838637,0.0079102144,-0.0128816962,0.0311358348,0.0975646675,-0.9948522449,0.0048816986,-36.9884338379,-3.9063692093,28.6873989105,-0.6205023527,-0.1903134286,-0.7887203693,-0.4231086075,0.3678090870,-0.4769432545,-0.0370982885,0.1480457783,-0.0502895117,0.1191703826,0.6073979735,0.7074791789,-0.3414424956,-36.9884338379,-3.9063692093,28.6873989105,-0.6205023527,-0.1903134286,-0.7887203693,-0.4231086075,0.3678090870,-0.4769432545,-0.0370982885,0.1480457783,-0.0502895117,0.1191703826,0.6073979735,0.7074791789,-0.3414424956,0.0000000000,0.0000000000,0.0000000000,0.0000000000,0.0000000000,0.0000000000,-0.4975737929,0.3545030057,-0.3554795980,0.9851569533,-0.1668423861,-0.0462428331,0.2325055450,0.6819711924,0.1097137108,-0.6848814487,
7030.610,0.1220740378,0.0000000000,0.9765923023,0.0651875362,0.0043946654,-1.0105289221,-0.1557664722,-0.0432142094,-0.4270149767,0.0022770986,0.0080243926,-0.0125158429,0.0311396420,0.0975537151,-0.9948533177,0.0048777559,-36.9884338379,-3.8453321457,29.0536212921,-0.6283150911,-0.1774956584,-0.7845698595,-0.4211554229,0.3736686409,-0.4797509611,-0.0425179005,0.1523246169,-0.0441735387,0.1225583106,0.6087830067,0.7069831491,-0.3387938738,-36.9884338379,-3.8453321457,29.0536212921,-0.6283150911,-0.1774956584,-0.7845698595,-0.4211554229,0.3736686409,-0.4797509611,-0.0425179005,0.1523246169,-0.0441735387,0.1225583106,0.6087830067,0.7069831491,-0.3387938738,0.0000000000,0.0000000000,0.0000000000,0.0000000000,0.0000000000,0.0000000000,-0.4963530302,0.3564561903,-0.3535264134,0.9851568341,-0.1668428332,-0.0462429523,0.2327280343,0.6819354892,0.1099349186,-0.6848059297,
7030.623,0.1220740378,0.0000000000,0.9765923023,0.0637226477,0.0034180731,-1.0105289221,-0.1569872200,-0.0419934690,-0.4311655164,0.0008127019,0.0070447684,-0.0125158429,0.0311396960,0.0975224674,-0.9948563576,0.0048752441,-37.1715431213,-3.5401470661,29.7250289917,-0.6407666206,-0.1602832079,-0.7837153077,-0.4154179394,0.3737907112,-0.4768211842,-0.0525794029,0.1608379483,-0.0413928628,0.1259791702,0.6102175117,0.7064272165,-0.3361071944,-37.1715431213,-3.5401470661,29.7250289917,-0.6407666206,-0.1602832079,-0.7837153077,-0.4154179394,0.3737907112,-0.4768211842,-0.0525794029,0.1608379483,-0.0413928628,0.1259791702,0.6102175117,0.7064272165,-0.3361071944,0.0000000000,0.0000000000,0.0000000000,0.0000000000,0.0000000000,0.0000000000,-0.4990386665,0.3623157442,-0.3535264134,0.9851566553,-0.1668433100,-0.0462431908,0.2329648435,0.6818974018,0.1101703867,-0.6847254634,
7030.636,0.1831110567,0.0610370189,0.9765923023,0.0661641285,0.0043946654,-1.0111392736,-0.1567430645,-0.0457777642,-0.4323862493,0.0032322332,0.0080241691,-0.0131275654,0.0311504118,0.0975407138,-0.9948541522,0.0048782881,-36.3780632019,0.3662221134,31.0678424835,-0.6427198052,-0.1461226195,-0.7944578528,-0.4176152945,0.3767204881,-0.4774315655,-0.0526410937,0.1662098318,-0.0498908162,0.1291555315,0.6118487716,0.7058103681,-0.3332196474,-36.3780632019,0.3662221134,31.0678424835,-0.6427198052,-0.1461226195,-0.7944578528,-0.4176152945,0.3767204881,-0.4774315655,-0.0526410937,0.1662098318,-0.0498908162,0.1291555315,0.6118487716,0.7058103681,-0.3332196474,0.0000000000,0.0000000000,0.0000000000,0.0000000000,0.0000000000,0.0000000000,-0.4990386665,0.3579210937,-0.3125095367,0.9851564765,-0.1668437868,-0.0462432504,0.2332804501,0.6818464994,0.1104843318,-0.6846180558,
7030.649,0.1831110567,0.0000000000,0.9765923023,0.0657979101,0.0039063692,-1.0111392736,-0.1589404047,-0.0430921353,-0.4331187010,0.0028565973,0.0075410814,-0.0131281614,0.0311549641,0.0975178257,-0.9948562384,0.0048806253,-36.1339149475,2.3194067478,31.4951019287,-0.6383251548,-0.1429487020,-0.8033692241,-0.4184698164,0.3801385462,-0.4680318534,-0.0466787219,0.1605823487,-0.0564108491,0.1321945637,0.6135293245,0.7051982880,-0.3302202821,-36.1339149475,2.3194067478,31.4951019287,-0.6383251548,-0.1429487020,-0.8033692241,-0.4184698164,0.3801385462,-0.4680318534,-0.0466787219,0.1605823487,-0.0564108491,0.1321945637,0.6135293245,0.7051982880,-0.3302202821,0.0000000000,0.0000000000,0.0000000000,0.0000000000,0.0000000000,0.0000000000,-0.4987945259,0.3584093750,-0.3535264134,0.9851564765,-0.1668442339,-0.0462435484,0.2335032821,0.6818104982,0.1107059196,-0.6845421791,
7030.662,0.1831110567,0.0000000000,1.0376293659,0.0650654659,0.0045167394,-1.0119937658,-0.1604052931,-0.0422376171,-0.4287240207,0.0021186844,0.0081543094,-0.0139830112,0.0311577525,0.0974757671,-0.9948602915,0.0048809978,-36.1949539185,3.2959990501,31.8613243103,-0.6226996779,-0.1401409954,-0.8125247955,-0.4200567603,0.3848994374,-0.4687643051,-0.0297217369,0.1545495540,-0.0630871058,0.1351466924,0.6152428389,0.7045841217,-0.3271338344,-36.1949539185,3.2959990501,31.8613243103,-0.6226996779,-0.1401409954,-0.8125247955,-0.4200567603,0.3848994374,-0.4687643051,-0.0297217369,0.1545495540,-0.0630871058,0.1351466924,0.6152428389,0.7045841217,-0.3271338344,0.0000000000,0.0000000000,0.0000000000,0.0000000000,0.0000000000,0.0000000000,-0.4973296225,0.3603625596,-0.3125095367,0.9851562381,-0.1668447405,-0.0462436080,0.2338244915,0.6817584038,0.1110254750,-0.6844325662,
7030.675,0.1831110567,0.0000000000,1.0376293659,0.0668965727,0.0039063692,-1.0110172033,-0.1574755162,-0.0439466536,-0.4279915690,0.0039350465,0.0075497809,-0.0130074024,0.0311648715,0.0974641889,-0.9948611856,0.0048842640,-37.6598396301,0.3662221134,31.9833984375,-0.5908383727,-0.1325724125,-0.8252205253,-0.4171269834,0.3847773671,-0.4675435722,0.0036774278,0.1530637443,-0.0734999180,0.1383000910,0.6168589592,0.7039808035,-0.3240567446,-37.6598396301,0.3662221134,31.9833984375,-0.5908383727,-0.1325724125,-0.8252205253,-0.4171269834,0.3847773671,-0.4675435722,0.0036774278,0.1530637443,-0.0734999180,0.1383000910,0.6168589592,0.7039808035,-0.3240567446,0.0000000000,0.0000000000,0.0000000000,0.0000000000,0.0000000000,0.0000000000,-0.4995269775,0.3569445014,-0.3535264134,0.9851562977,-0.1668451875,-0.0462439656,0.2340398580,0.6817234755,0.1112396494,-0.6843590736,
7030.688,0.1831110567,-0.0610370189,1.0376293659,0.0664082766,0.0031739250,-1.0110172033,-0.1503952146,-0.0424817652,-0.4304330647,0.0034451038,0.0068267672,-0.0130075812,0.0311652794,0.0974541754,-0.9948622584,0.0048887245,-38.9416198730,-3.1739249229,31.8613243103,-0.5920590758,-0.1170690060,-0.8268074393,-0.4176152945,0.3864864111,-0.4732810557,0.0044035912,0.1593037844,-0.0731692314,0.1417383254,0.6183526516,0.7033511400,-0.3210781217,-38.9416198730,-3.1739249229,31.8613243103,-0.5920590758,-0.1170690060,-0.8268074393,-0.4176152945,0.3864864111,-0.4732810557,0.0044035912,0.1593037844,-0.0731692314,0.1417383254,0.6183526516,0.7033511400,-0.3210781217,0.0000000000,0.0000000000,0.0000000000,0.0000000000,0.0000000000,0.0000000000,-0.4983062148,0.3593859673,-0.3535264134,0.9851563573,-0.1668456644,-0.0462443233,0.2342619747,0.6816873550,0.1114605591,-0.6842831969,
7030.701,0.1831110567,-0.0610370189,0.9765923023,0.0667745024,0.0032959990,-1.0113834143,-0.1535691470,-0.0424817652,-0.4338511229,0.0038080066,0.0069569559,-0.0133739710,0.0311666206,0.0974390432,-0.9948635101,0.0048924540,-39.9182090759,-6.1647391319,31.6782131195,-0.5921811461,-0.1051057503,-0.8297372460,-0.4149296582,0.3884395957,-0.4699850380,0.0065518022,0.1618576348,-0.0745096207,0.1454039663,0.6197282076,0.7027051449,-0.3181884289,-39.9182090759,-6.1647391319,31.6782131195,-0.5921811461,-0.1051057503,-0.8297372460,-0.4149296582,0.3884395957,-0.4699850380,0.0065518022,0.1618576348,-0.0745096207,0.1454039663,0.6197282076,0.7027051449,-0.3181884289,0.0000000000,0.0000000000,0.0000000000,0.0000000000,0.0000000000,0.0000000000,-0.4968413413,0.3618274629,-0.3105563521,0.9851561785,-0.1668461561,-0.0462445021,0.2345886976,0.6816340089,0.1117856801,-0.6841713190,
7030.714,0.1831110567,-0.0610370189,0.9765923023,0.0653096139,0.0021973327,-1.0110172033,-0.1578417271,-0.0445570238,-0.4339731932,0.0023468435,0.0058717863,-0.0130075812,0.0311641023,0.0974380597,-0.9948638678,0.0048989579,-40.7727279663,-9.4607381821,31.4340648651,-0.6284371614,-0.0858180523,-0.8153324723,-0.4122440219,0.3923459649,-0.4641254842,-0.0269176960,0.1715751886,-0.0589979291,0.1493826210,0.6209648848,0.7020070553,-0.3154640198,-40.7727279663,-9.4607381821,31.4340648651,-0.6284371614,-0.0858180523,-0.8153324723,-0.4122440219,0.3923459649,-0.4641254842,-0.0269176960,0.1715751886,-0.0589979291,0.1493826210,0.6209648848,0.7020070553,-0.3154640198,0.0000000000,0.0000000000,0.0000000000,0.0000000000,0.0000000000,0.0000000000,-0.4995269775,0.3618274629,-0.3086031675,0.9851559401,-0.1668466628,-0.0462445617,0.2349168956,0.6815802455,0.1121122837,-0.6840587258,
7030.727,0.1220740378,-0.0610370189,0.9765923023,0.0661641285,0.0050050355,-1.0118716955,-0.1534470618,-0.0471205786,-0.4304330647,0.0032011941,0.0086684376,-0.0138620734,0.0311645009,0.0974845663,-0.9948591590,0.0048949225,-40.2844314575,-9.0334787369,31.6782131195,-0.6353953481,-0.0798364207,-0.8102054000,-0.4138309956,0.3964964747,-0.4614398777,-0.0311674476,0.1680198610,-0.0528452992,0.1533177048,0.6222082376,0.7012709379,-0.3127517104,-40.2844314575,-9.0334787369,31.6782131195,-0.6353953481,-0.0798364207,-0.8102054000,-0.4138309956,0.3964964747,-0.4614398777,-0.0311674476,0.1680198610,-0.0528452992,0.1533177048,0.6222082376,0.7012709379,-0.3127517104,0.0000000000,0.0000000000,0.0000000000,0.0000000000,0.0000000000,0.0000000000,-0.4973296225,0.3618274629,-0.3125095367,0.9851558805,-0.1668471694,-0.0462448597,0.2352352887,0.6815279722,0.1124291420,-0.6839494109,
7030.740,0.1831110567,-0.0610370189,0.9765923023,0.0651875362,0.0034180731,-1.0123599768,-0.1510055810,-0.0455336161,-0.4298226833,0.0022293627,0.0070889513,-0.0143500566,0.0311615970,0.0975183249,-0.9948559403,0.0048994687,-39.8571739197,-8.7282934189,31.9223613739,-0.6256294250,-0.0754417554,-0.8084963560,-0.4105349779,0.3955198824,-0.4587542415,-0.0188152790,0.1629138589,-0.0501553416,0.1571877152,0.6234688759,0.7005004287,-0.3100347221,-39.8571739197,-8.7282934189,31.9223613739,-0.6256294250,-0.0754417554,-0.8084963560,-0.4105349779,0.3955198824,-0.4587542415,-0.0188152790,0.1629138589,-0.0501553416,0.1571877152,0.6234688759,0.7005004287,-0.3100347221,0.0000000000,0.0000000000,0.0000000000,0.0000000000,0.0000000000,0.0000000000,-0.4992828071,0.3632923365,-0.3105563521,0.9851558805,-0.1668476611,-0.0462451577,0.2355599254,0.6814745069,0.1127522513,-0.6838377714,
7030.753,0.1831110567,-0.0610370189,1.0376293659,0.0644550920,0.0023194067,-1.0113834143,-0.1514938772,-0.0449232459,-0.4348277152,0.0015049949,0.0060037998,-0.0133730769,0.0311568286,0.0975356326,-0.9948543310,0.0049063438,-40.8337669373,-10.4373302460,32.0444335938,-0.6190374494,-0.0549333170,-0.8154546022,-0.4099246264,0.4001587033,-0.4580217898,-0.0094972253,0.1737074554,-0.0563093424,0.1612124741,0.6246775985,0.6997103095,-0.3073074818,-40.8337669373,-10.4373302460,32.0444335938,-0.6190374494,-0.0549333170,-0.8154546022,-0.4099246264,0.4001587033,-0.4580217898,-0.0094972253,0.1737074554,-0.0563093424,0.1612124741,0.6246775985,0.6997103095,-0.3073074818,0.0000000000,0.0000000000,0.0000000000,0.0000000000,0.0000000000,0.0000000000,-0.4987945259,0.3652455211,-0.3086031675,0.9851558208,-0.1668481976,-0.0462453961,0.2358937263,0.6814193726,0.1130845025,-0.6837227941,
7030.766,0.1831110567,-0.1220740378,0.9765923023,0.0646992400,0.0029297769,-1.0107730627,-0.1556444019,-0.0438245796,-0.4371471405,0.0017663762,0.0066239228,-0.0127616525,0.0311477892,0.0975304917,-0.9948551059,0.0049101948,-42.0545043945,-12.2684412003,32.1665077209,-0.6014587879,-0.0465102084,-0.8192388415,-0.4057741165,0.3989379704,-0.4548478723,0.0109257698,0.1722288877,-0.0594654083,0.1653786898,0.6258236170,0.6989102364,-0.3045704961,-42.0545043945,-12.2684412003,32.1665077209,-0.6014587879,-0.0465102084,-0.8192388415,-0.4057741165,0.3989379704,-0.4548478723,0.0109257698,0.1722288877,-0.0594654083,0.1653786898,0.6258236170,0.6989102364,-0.3045704961,0.0000000000,0.0000000000,0.0000000000,0.0000000000,0.0000000000,0.0000000000,-0.4980620742,0.3642689288,-0.3125095367,0.9851555228,-0.1668486744,-0.0462454557,0.2362138629,0.6813662648,0.1134031937,-0.6836122870,
7030.779,0.1220740378,-0.0610370189,0.9765923023,0.0653096139,0.0032959990,-1.0124820471,-0.1551561058,-0.0428479873,-0.4325083196,0.0023808107,0.0069874306,-0.0144703388,0.0311459750,0.0975150540,-0.9948567152,0.0049081612,-43.6414680481,-15.1371803284,32.2275466919,-0.6194036603,-0.0290536210,-0.8233894110,-0.4107791483,0.4077273011,-0.4519180954,-0.0038095713,0.1795083880,-0.0633479357,0.1698369682,0.6268466115,0.6980889440,-0.3018852174,-43.6414680481,-15.1371803284,32.2275466919,-0.6194036603,-0.0290536210,-0.8233894110,-0.4107791483,0.4077273011,-0.4519180954,-0.0038095713,0.1795083880,-0.0633479357,0.1698369682,0.6268466115,0.6980889440,-0.3018852174,0.0000000000,0.0000000000,0.0000000000,0.0000000000,0.0000000000,0.0000000000,-0.4990386665,0.3652455211,-0.3105563521,0.9851554632,-0.1668492109,-0.0462458134,0.2365394235,0.6813122034,0.1137272939,-0.6834998131,
7030.792,0.1220740378,-0.0610370189,0.9765923023,0.0620136112,0.0037842952,-1.0104068518,-0.1543015838,-0.0455336161,-0.4364146888,-0.0008955896,0.0074705780,-0.0123938918,0.0311363544,0.0975362659,-0.9948549271,0.0049053030,-45.3505058289,-16.2358474731,32.2885818481,-0.6356394887,-0.0081789605,-0.8258308768,-0.4079714417,0.4087038934,-0.4503311217,-0.0167115331,0.1899026036,-0.0656934381,0.1744781882,0.6278146505,0.6972526908,-0.2991465628,-45.3505058289,-16.2358474731,32.2885818481,-0.6356394887,-0.0081789605,-0.8258308768,-0.4079714417,0.4087038934,-0.4503311217,-0.0167115331,0.1899026036,-0.0656934381,0.1744781882,0.6278146505,0.6972526908,-0.2991465628,0.0000000000,0.0000000000,0.0000000000,0.0000000000,0.0000000000,0.0000000000,-0.4990386665,0.3647572398,-0.3066499829,0.9851554632,-0.1668497473,-0.0462459922,0.2368714809,0.6812568903,0.1140578985,-0.6833848953,
7030.805,0.1831110567,-0.0610370189,0.9765923023,0.0637226477,0.0031739250,-1.0116275549,-0.1550340354,-0.0443128757,-0.4373912811,0.0008249134,0.0068687499,-0.0136139393,0.0311302077,0.0975392461,-0.9948548079,0.0049090879,-45.2284317017,-15.4423656464,32.5327301025,-0.6899624467,0.0100100711,-0.8269295096,-0.4046754241,0.4089480340,-0.4511856437,-0.0677163601,0.1975487471,-0.0668268204,0.1791284978,0.6288079619,0.6963447332,-0.2964146137,-45.2284317017,-15.4423656464,32.5327301025,-0.6899624467,0.0100100711,-0.8269295096,-0.4046754241,0.4089480340,-0.4511856437,-0.0677163601,0.1975487471,-0.0668268204,0.1791284978,0.6288079619,0.6963447332,-0.2964146137,0.0000000000,0.0000000000,0.0000000000,0.0000000000,0.0000000000,0.0000000000,-0.4990386665,0.3676870167,-0.3086031675,0.9851552248,-0.1668502688,-0.0462461114,0.2372055650,0.6812009811,0.1143905595,-0.6832690239,
7030.818,0.1220740378,-0.0610370189,0.9765923023,0.0623798333,0.0029297769,-1.0104068518,-0.1561326981,-0.0446790978,-0.4406872690,-0.0005002506,0.0066236542,-0.0123921037,0.0311214440,0.0975426212,-0.9948547482,0.0049078581,-44.0687294006,-11.8411817551,33.7534713745,-0.6985076666,0.0203863643,-0.8286385536,-0.4063844681,0.4121219516,-0.4494765997,-0.0734403133,0.1973888576,-0.0683242083,0.1835246980,0.6299644709,0.6953746676,-0.2935328186,-44.0687294006,-11.8411817551,33.7534713745,-0.6985076666,0.0203863643,-0.8286385536,-0.4063844681,0.4121219516,-0.4494765997,-0.0734403133,0.1973888576,-0.0683242083,0.1835246980,0.6299644709,0.6953746676,-0.2935328186,0.0000000000,0.0000000000,0.0000000000,0.0000000000,0.0000000000,0.0000000000,-0.4975737929,0.3691518903,-0.3125095367,0.9851553440,-0.1668508202,-0.0462465882,0.2375335693,0.6811460257,0.1147171780,-0.6831552386,
7030.831,0.1831110567,0.0000000000,0.9765923023,0.0626239851,0.0058595538,-1.0118716955,-0.1547898799,-0.0428479873,-0.4386120141,-0.0002499372,0.0095486809,-0.0138565302,0.0311186798,0.0975271910,-0.9948563576,0.0049047088,-41.9934692383,-6.8361463547,36.0728797913,-0.6707968116,0.0343028046,-0.8196051121,-0.4061403275,0.4149296582,-0.4499649107,-0.0436338186,0.2007574886,-0.0586346388,0.1875317842,0.6314206719,0.6942890882,-0.2904248238,-41.9934692383,-6.8361463547,36.0728797913,-0.6707968116,0.0343028046,-0.8196051121,-0.4061403275,0.4149296582,-0.4499649107,-0.0436338186,0.2007574886,-0.0586346388,0.1875317842,0.6314206719,0.6942890882,-0.2904248238,0.0000000000,0.0000000000,0.0000000000,0.0000000000,0.0000000000,0.0000000000,-0.4365367591,0.3681752980,-0.2968840599,0.9851551652,-0.1668513417,-0.0462468266,0.2379327118,0.6810788512,0.1151147410,-0.6830164194,
7030.844,0.1220740378,0.0000000000,0.9765923023,0.0646992400,0.0024414808,-1.0108951330,-0.1528366953,-0.0443128757,-0.4364146888,0.0018209517,0.0061321035,-0.0128802657,0.0311207362,0.0975369588,-0.9948553443,0.0049059731,-41.5662117004,-6.2868127823,36.8053207397,-0.6610308886,0.0429700613,-0.8180181384,-0.4041871428,0.4160283208,-0.4492324591,-0.0319272876,0.1988449395,-0.0564092994,0.1914767325,0.6329309344,0.6931427121,-0.2872842550,-41.5662117004,-6.2868127823,36.8053207397,-0.6610308886,0.0429700613,-0.8180181384,-0.4041871428,0.4160283208,-0.4492324591,-0.0319272876,0.1988449395,-0.0564092994,0.1914767325,0.6329309344,0.6931427121,-0.2872842550,0.0000000000,0.0000000000,0.0000000000,0.0000000000,0.0000000000,0.0000000000,-0.4353160262,0.3676870167,-0.2929776907,0.9851549864,-0.1668519080,-0.0462470651,0.2383394390,0.6810101271,0.1155199036,-0.6828746796,
7030.857,0.1831110567,0.0000000000,0.9155552983,0.0633564293,0.0019531846,-1.0107730627,-0.1561326981,-0.0446790978,-0.4307992756,0.0004803091,0.0056576729,-0.0127581358,0.0311189219,0.0975481197,-0.9948543906,0.0049131173,-41.7493209839,-6.7140722275,37.5377655029,-0.6535844207,0.0523697622,-0.8142338395,-0.4023560286,0.4218878746,-0.4404431283,-0.0225559473,0.1975486428,-0.0521037579,0.1954656392,0.6344422698,0.6919479966,-0.2841269970,-41.7493209839,-6.7140722275,37.5377655029,-0.6535844207,0.0523697622,-0.8142338395,-0.4023560286,0.4218878746,-0.4404431283,-0.0225559473,0.1975486428,-0.0521037579,0.1954656392,0.6344422698,0.6919479966,-0.2841269970,0.0000000000,0.0000000000,0.0000000000,0.0000000000,0.0000000000,0.0000000000,-0.4360484779,0.3662221134,-0.3066499829,0.9851548076,-0.1668524146,-0.0462471843,0.2387045473,0.6809481978,0.1158836260,-0.6827471852,
7030.870,0.1831110567,0.0000000000,0.9765923023,0.0634784997,0.0042725913,-1.0102847815,-0.1574755162,-0.0448011719,-0.4343394339,0.0006038547,0.0079800747,-0.0122697353,0.0311180316,0.0975506976,-0.9948539734,0.0049146176,-41.9934692383,-7.2023682594,38.6364326477,-0.6428418756,0.0687276870,-0.7958006263,-0.4024780989,0.4226203263,-0.4421521723,-0.0098637342,0.2030095905,-0.0332896709,0.1995297521,0.6359931827,0.6906606555,-0.2809491158,-41.9934692383,-7.2023682594,38.6364326477,-0.6428418756,0.0687276870,-0.7958006263,-0.4024780989,0.4226203263,-0.4421521723,-0.0098637342,0.2030095905,-0.0332896709,0.1995297521,0.6359931827,0.6906606555,-0.2809491158,0.0000000000,0.0000000000,0.0000000000,0.0000000000,0.0000000000,0.0000000000,-0.4358043075,0.3662221134,-0.2949308753,0.9851548672,-0.1668529958,-0.0462475419,0.2390978932,0.6808813214,0.1162755117,-0.6826096773,
7030.883,0.1831110567,0.0000000000,0.9765923023,0.0646992400,0.0021973327,-1.0108951330,-0.1578417271,-0.0440687276,-0.4405651987,0.0018202066,0.0059180614,-0.0128804445,0.0311196148,0.0975412205,-0.9948550463,0.0049211285,-42.8479881287,-8.7282934189,38.6974716187,-0.6417432427,0.0786156803,-0.7888424397,-0.3996703923,0.4251838624,-0.4369029701,-0.0066836476,0.2018675655,-0.0261995792,0.2037312686,0.6374718547,0.6893439889,-0.2777987421,-42.8479881287,-8.7282934189,38.6974716187,-0.6417432427,0.0786156803,-0.7888424397,-0.3996703923,0.4251838624,-0.4369029701,-0.0066836476,0.2018675655,-0.0261995792,0.2037312686,0.6374718547,0.6893439889,-0.2777987421,0.0000000000,0.0000000000,0.0000000000,0.0000000000,0.0000000000,0.0000000000,-0.4358043075,0.3657338321,-0.2949308753,0.9851546884,-0.1668535471,-0.0462478399,0.2394878566,0.6808147430,0.1166640818,-0.6824730635,
7030.896,0.1220740378,0.0610370189,0.9155552983,0.0634784997,0.0035401471,-1.0106509924,-0.1544236541,-0.0416272469,-0.4401989877,0.0005903989,0.0072561102,-0.0126368403,0.0311244968,0.0975153446,-0.9948572516,0.0049183918,-43.0921363831,-9.3997011185,38.6974716187,-0.6361278296,0.0913113803,-0.7840815187,-0.4016235769,0.4254280329,-0.4342173636,0.0010106564,0.2034756988,-0.0214613080,0.2079820037,0.6389035583,0.6880089641,-0.2746513784,-43.0921363831,-9.3997011185,38.6974716187,-0.6361278296,0.0913113803,-0.7840815187,-0.4016235769,0.4254280329,-0.4342173636,0.0010106564,0.2034756988,-0.0214613080,0.2079820037,0.6389035583,0.6880089641,-0.2746513784,0.0000000000,0.0000000000,0.0000000000,0.0000000000,0.0000000000,0.0000000000,-0.4355601668,0.3696402013,-0.3086031675,0.9851545691,-0.1668540388,-0.0462480187,0.2398521304,0.6807523370,0.1170270815,-0.6823452115,
7030.909,0.1831110567,0.0000000000,0.9155552983,0.0643330216,0.0029297769,-1.0100406408,-0.1574755162,-0.0421155430,-0.4343394339,0.0014421046,0.0066546458,-0.0120267272,0.0311255939,0.0974887684,-0.9948599339,0.0049221301,-43.2752456665,-10.3152561188,38.6364326477,-0.6262398362,0.1032746360,-0.7728507519,-0.3958860934,0.4305551350,-0.4422742426,0.0130075812,0.2043092847,-0.0104395747,0.2122744173,0.6403254867,0.6866097450,-0.2715400457,-43.2752456665,-10.3152561188,38.6364326477,-0.6262398362,0.1032746360,-0.7728507519,-0.3958860934,0.4305551350,-0.4422742426,0.0130075812,0.2043092847,-0.0104395747,0.2122744173,0.6403254867,0.6866097450,-0.2715400457,0.0000000000,0.0000000000,0.0000000000,0.0000000000,0.0000000000,0.0000000000,-0.4372692108,0.3701284826,-0.3086031675,0.9851545095,-0.1668545902,-0.0462482572,0.2402149141,0.6806899905,0.1173886210,-0.6822176576,
7030.922,0.1831110567,0.0610370189,0.9765923023,0.0656758323,0.0029297769,-1.0123599768,-0.1543015838,-0.0408948027,-0.4350718856,0.0027656853,0.0066642072,-0.0143472552,0.0311349072,0.0974498615,-0.9948632717,0.0049266145,-43.9466552734,-13.6722927094,38.5143585205,-0.6126896143,0.1246375963,-0.7660145760,-0.3986938000,0.4304330647,-0.4318979383,0.0290006399,0.2143966258,-0.0042448044,0.2168123573,0.6416112781,0.6851742268,-0.2685284317,-43.9466552734,-13.6722927094,38.5143585205,-0.6126896143,0.1246375963,-0.7660145760,-0.3986938000,0.4304330647,-0.4318979383,0.0290006399,0.2143966258,-0.0042448044,0.2168123573,0.6416112781,0.6851742268,-0.2685284317,0.0000000000,0.0000000000,0.0000000000,0.0000000000,0.0000000000,0.0000000000,-0.4340952933,0.3706167936,-0.3086031675,0.9851544499,-0.1668551415,-0.0462486744,0.2405791134,0.6806272268,0.1177515909,-0.6820894480,
7030.935,0.1220740378,0.0610370189,0.9765923023,0.0648213178,0.0031739250,-1.0117496252,-0.1535691470,-0.0396740623,-0.4367808998,0.0018960088,0.0069060274,-0.0137379169,0.0311428364,0.0973965749,-0.9948683977,0.0049245274,-44.6180610657,-16.4189586639,38.3922843933,-0.6186712384,0.1389202625,-0.7585680485,-0.3974730670,0.4334849119,-0.4303109944,0.0257675052,0.2173001319,0.0021369457,0.2215569466,0.6427946091,0.6836749911,-0.2656314075,-44.6180610657,-16.4189586639,38.3922843933,-0.6186712384,0.1389202625,-0.7585680485,-0.3974730670,0.4334849119,-0.4303109944,0.0257675052,0.2173001319,0.0021369457,0.2215569466,0.6427946091,0.6836749911,-0.2656314075,0.0000000000,0.0000000000,0.0000000000,0.0000000000,0.0000000000,0.0000000000,-0.4338511229,0.3720816672,-0.2949308753,0.9851542711,-0.1668557078,-0.0462489128,0.2409803271,0.6805577874,0.1181515232,-0.6819478869,
7030.948,0.1220740378,0.0610370189,0.9155552983,0.0653096139,0.0031739250,-1.0111392736,-0.1578417271,-0.0415051728,-0.4334849119,0.0023666024,0.0069030318,-0.0131286383,0.0311519764,0.0973615795,-0.9948714972,0.0049228058,-45.1673927307,-19.1045875549,38.5753974915,-0.6350291371,0.1558885425,-0.7522202134,-0.3993041813,0.4344615042,-0.4265266955,0.0124830604,0.2227626890,0.0069723725,0.2265225053,0.6438816786,0.6820973754,-0.2628521621,-45.1673927307,-19.1045875549,38.5753974915,-0.6350291371,0.1558885425,-0.7522202134,-0.3993041813,0.4344615042,-0.4265266955,0.0124830604,0.2227626890,0.0069723725,0.2265225053,0.6438816786,0.6820973754,-0.2628521621,0.0000000000,0.0000000000,0.0000000000,0.0000000000,0.0000000000,0.0000000000,-0.4340952933,0.3715933859,-0.2929776907,0.9851542115,-0.1668562740,-0.0462492108,0.2413830757,0.6804878712,0.1185530350,-0.6818055511,
7030.961,0.1831110567,0.0610370189,0.9765923023,0.0655537620,0.0040284432,-1.0106509924,-0.1567430645,-0.0437025055,-0.4339731932,0.0025918260,0.0077616512,-0.0126415491,0.0311612524,0.0973529890,-0.9948719740,0.0049255029,-45.8998374939,-22.3395481110,39.4299125671,-0.6372264624,0.1806695759,-0.7452620268,-0.3945432901,0.4398327470,-0.4244514406,0.0137171149,0.2357691526,0.0119401217,0.2317530364,0.6449306607,0.6803746819,-0.2601719797,-45.8998374939,-22.3395481110,39.4299125671,-0.6372264624,0.1806695759,-0.7452620268,-0.3945432901,0.4398327470,-0.4244514406,0.0137171149,0.2357691526,0.0119401217,0.2317530364,0.6449306607,0.6803746819,-0.2601719797,0.0000000000,0.0000000000,0.0000000000,0.0000000000,0.0000000000,0.0000000000,-0.4360484779,0.3715933859,-0.2929776907,0.9851540923,-0.1668568552,-0.0462494493,0.2417826355,0.6804182529,0.1189514026,-0.6816640496,
7030.974,0.1831110567,0.0610370189,0.9765923023,0.0645771697,0.0021973327,-1.0108951330,-0.1596728414,-0.0417493209,-0.4344615042,0.0016012788,0.0059436699,-0.0128866434,0.0311677773,0.0973108336,-0.9948758483,0.0049314001,-46.0219116211,-23.7434005737,39.5519866943,-0.6404004097,0.1910458654,-0.7363505960,-0.3947874308,0.4432508349,-0.4222540855,0.0140787363,0.2343364507,0.0185684562,0.2370723188,0.6459281445,0.6785871387,-0.2575601041,-46.0219116211,-23.7434005737,39.5519866943,-0.6404004097,0.1910458654,-0.7363505960,-0.3947874308,0.4432508349,-0.4222540855,0.0140787363,0.2343364507,0.0185684562,0.2370723188,0.6459281445,0.6785871387,-0.2575601041,0.0000000000,0.0000000000,0.0000000000,0.0000000000,0.0000000000,0.0000000000,-0.4362926185,0.3691518903,-0.2929776907,0.9851539135,-0.1668574363,-0.0462496281,0.2421733290,0.6803499460,0.1193409637,-0.6815254092,
7030.987,0.1220740378,0.0610370189,0.9155552983,0.0650654659,0.0025635548,-1.0121158361,-0.1574755162,-0.0422376171,-0.4343394339,0.0020736158,0.0063098604,-0.0141083598,0.0311758481,0.0972863585,-0.9948781133,0.0049313954,-45.5946540833,-23.9875488281,39.4299125671,-0.6399121284,0.2010559440,-0.7263405323,-0.3877071440,0.4463026822,-0.4195684791,0.0180413723,0.2326034606,0.0261373520,0.2423642725,0.6469179392,0.6767425537,-0.2549914420,-45.5946540833,-23.9875488281,39.4299125671,-0.6399121284,0.2010559440,-0.7263405323,-0.3877071440,0.4463026822,-0.4195684791,0.0180413723,0.2326034606,0.0261373520,0.2423642725,0.6469179392,0.6767425537,-0.2549914420,0.0000000000,0.0000000000,0.0000000000,0.0000000000,0.0000000000,0.0000000000,-0.4355601668,0.3686636090,-0.2910245061,0.9851537943,-0.1668579727,-0.0462499261,0.2425663024,0.6802809834,0.1197328418,-0.6813857555,
7031.000,0.1220740378,0.0610370189,0.9765923023,0.0648213178,0.0032959990,-1.0105289221,-0.1567430645,-0.0423596911,-0.4382458031,0.0018143654,0.0070393076,-0.0125223398,0.0311836563,0.0972594768,-0.9948803186,0.0049297991,-43.6414680481,-23.1330299377,38.5143585205,-0.6244087219,0.2241279334,-0.7099826336,-0.3877071440,0.4494765997,-0.4181035757,0.0367857218,0.2442113012,0.0400444865,0.2474807650,0.6479090452,0.6748863459,-0.2524672747,-43.6414680481,-23.1330299377,38.5143585205,-0.6244087219,0.2241279334,-0.7099826336,-0.3877071440,0.4494765997,-0.4181035757,0.0367857218,0.2442113012,0.0400444865,0.2474807650,0.6479090452,0.6748863459,-0.2524672747,0.0000000000,0.0000000000,0.0000000000,0.0000000000,0.0000000000,0.0000000000,-0.4362926185,0.3701284826,-0.2949308753,0.9851537347,-0.1668585390,-0.0462501049,0.2429505885,0.6802133322,0.1201160923,-0.6812489033,
7031.013,0.1220740378,0.0610370189,0.9765923023,0.0664082766,0.0034180731,-1.0111392736,-0.1523483992,-0.0435804315,-0.4392223954,0.0033786520,0.0071578114,-0.0131341219,0.0311951153,0.0972613841,-0.9948799014,0.0049291872,-43.2752456665,-23.8044376373,38.0260620117,-0.6220893264,0.2379222959,-0.7083956599,-0.3868526220,0.4464247525,-0.4128544033,0.0423186421,0.2466288358,0.0390062332,0.2525937259,0.6488439441,0.6730130911,-0.2499909401,-43.2752456665,-23.8044376373,38.0260620117,-0.6220893264,0.2379222959,-0.7083956599,-0.3868526220,0.4464247525,-0.4128544033,0.0423186421,0.2466288358,0.0390062332,0.2525937259,0.6488439441,0.6730130911,-0.2499909401,0.0000000000,0.0000000000,0.0000000000,0.0000000000,0.0000000000,0.0000000000,-0.4343394339,0.3706167936,-0.2929776907,0.9851535559,-0.1668591052,-0.0462503433,0.2433405370,0.6801444292,0.1205050275,-0.6811097860,
7031.026,0.1220740378,0.0610370189,0.9765923023,0.0657979101,0.0030518509,-1.0104068518,-0.1530808508,-0.0432142094,-0.4393444657,0.0027485043,0.0067898389,-0.0124029517,0.0312050823,0.0972561762,-0.9948800802,0.0049291174,-43.1531715393,-24.9641399384,37.6598396301,-0.6289254427,0.2579424381,-0.7032685280,-0.3867305517,0.4471572042,-0.4118778110,0.0387676954,0.2552896738,0.0412471294,0.2577685714,0.6497209668,0.6710920930,-0.2475834191,-43.1531715393,-24.9641399384,37.6598396301,-0.6289254427,0.2579424381,-0.7032685280,-0.3867305517,0.4471572042,-0.4118778110,0.0387676954,0.2552896738,0.0412471294,0.2577685714,0.6497209668,0.6710920930,-0.2475834191,0.0000000000,0.0000000000,0.0000000000,0.0000000000,0.0000000000,0.0000000000,-0.4340952933,0.3711050749,-0.2968840599,0.9851534963,-0.1668596566,-0.0462505817,0.2437198609,0.6800771952,0.1208834052,-0.6809742451,
7031.039,0.1831110567,0.0000000000,0.9765923023,0.0646992400,0.0031739250,-1.0102847815,-0.1501510739,-0.0469985045,-0.4399548471,0.0016461611,0.0069202031,-0.0122811198,0.0312062446,0.0973099917,-0.9948747754,0.0049351123,-42.3596916199,-25.8186588287,37.2936172485,-0.6390575767,0.2884609401,-0.6900845170,-0.3851435781,0.4509415030,-0.4078493714,0.0319797993,0.2745026946,0.0512927771,0.2629799545,0.6505613923,0.6691058874,-0.2452608645,-42.3596916199,-25.8186588287,37.2936172485,-0.6390575767,0.2884609401,-0.6900845170,-0.3851435781,0.4509415030,-0.4078493714,0.0319797993,0.2745026946,0.0512927771,0.2629799545,0.6505613923,0.6691058874,-0.2452608645,0.0000000000,0.0000000000,0.0000000000,0.0000000000,0.0000000000,0.0000000000,-0.4338511229,0.3691518903,-0.2949308753,0.9851533771,-0.1668601930,-0.0462508798,0.2440970242,0.6800100803,0.1212596595,-0.6808392406,
7031.052,0.1831110567,0.0610370189,0.9765923023,0.0654316843,0.0036622211,-1.0113834143,-0.1562547684,-0.0463881344,-0.4356822371,0.0023610592,0.0074143540,-0.0133809447,0.0312145688,0.0973369330,-0.9948717952,0.0049397289,-41.6882858276,-25.7576217651,37.0494689941,-0.6411328316,0.3027436137,-0.6872768402,-0.3834345639,0.4499649107,-0.4093142450,0.0331388712,0.2775845826,0.0508644581,0.2681301534,0.6514019966,0.6670758724,-0.2429723591,-41.6882858276,-25.7576217651,37.0494689941,-0.6411328316,0.3027436137,-0.6872768402,-0.3834345639,0.4499649107,-0.4093142450,0.0331388712,0.2775845826,0.0508644581,0.2681301534,0.6514019966,0.6670758724,-0.2429723591,0.0000000000,0.0000000000,0.0000000000,0.0000000000,0.0000000000,0.0000000000,-0.4350718856,0.3667104244,-0.2968840599,0.9851533175,-0.1668607593,-0.0462512374,0.2444597036,0.6799454093,0.1216214821,-0.6807092428,
7031.065,0.1831110567,0.0610370189,0.9765923023,0.0640888736,0.0034180731,-1.0102847815,-0.1572313607,-0.0463881344,-0.4427625239,0.0010070503,0.0071772216,-0.0122829676,0.0312196985,0.0973589346,-0.9948694706,0.0049444586,-41.0779151917,-25.5134735107,36.8053207397,-0.6427198052,0.3134861290,-0.6821497083,-0.3807489276,0.4499649107,-0.4094363153,0.0346589684,0.2772373259,0.0526791811,0.2732101679,0.6522431374,0.6650093794,-0.2407109737,-41.0779151917,-25.5134735107,36.8053207397,-0.6427198052,0.3134861290,-0.6821497083,-0.3807489276,0.4499649107,-0.4094363153,0.0346589684,0.2772373259,0.0526791811,0.2732101679,0.6522431374,0.6650093794,-0.2407109737,0.0000000000,0.0000000000,0.0000000000,0.0000000000,0.0000000000,0.0000000000,-0.4362926185,0.3701284826,-0.2929776907,0.9851531982,-0.1668613106,-0.0462514758,0.2448395044,0.6798774004,0.1220004484,-0.6805728078,
7031.078,0.1831110567,0.0610370189,0.9765923023,0.0643330216,0.0026856288,-1.0104068518,-0.1555223316,-0.0457777642,-0.4397106767,0.0012388900,0.0064553819,-0.0124058723,0.0312252138,0.0973789245,-0.9948673248,0.0049509658,-40.3454704285,-26.2459182739,36.1339149475,-0.6367381811,0.3306985795,-0.6754356623,-0.3794061244,0.4509415030,-0.4045533538,0.0437329412,0.2834984362,0.0559072495,0.2782723308,0.6530342102,0.6629193425,-0.2385226488,-40.3454704285,-26.2459182739,36.1339149475,-0.6367381811,0.3306985795,-0.6754356623,-0.3794061244,0.4509415030,-0.4045533538,0.0437329412,0.2834984362,0.0559072495,0.2782723308,0.6530342102,0.6629193425,-0.2385226488,0.0000000000,0.0000000000,0.0000000000,0.0000000000,0.0000000000,0.0000000000,-0.4345835745,0.3711050749,-0.2910245061,0.9851530194,-0.1668618768,-0.0462516546,0.2452262491,0.6798079014,0.1223863736,-0.6804336309,
7031.091,0.1220740378,0.0610370189,0.9155552983,0.0646992400,0.0014648885,-1.0105289221,-0.1573534310,-0.0448011719,-0.4348277152,0.0015910640,0.0052399198,-0.0125288963,0.0312319156,0.0973868668,-0.9948663116,0.0049545290,-40.2844314575,-27.5276947021,35.7676925659,-0.6325876713,0.3374126554,-0.6678670645,-0.3813593090,0.4564348161,-0.3952757418,0.0510377884,0.2793269753,0.0597422719,0.2833879888,0.6537382007,0.6608139873,-0.2364034504,-40.2844314575,-27.5276947021,35.7676925659,-0.6325876713,0.3374126554,-0.6678670645,-0.3813593090,0.4564348161,-0.3952757418,0.0510377884,0.2793269753,0.0597422719,0.2833879888,0.6537382007,0.6608139873,-0.2364034504,0.0000000000,0.0000000000,0.0000000000,0.0000000000,0.0000000000,0.0000000000,-0.4345835745,0.3706167936,-0.2929776907,0.9851530194,-0.1668624580,-0.0462520719,0.2456045449,0.6797397733,0.1227638870,-0.6802973151,
7031.104,0.1220740378,0.0610370189,0.9765923023,0.0648213178,0.0024414808,-1.0113834143,-0.1524704695,-0.0450453199,-0.4391003251,0.0016988739,0.0062176236,-0.0133842826,0.0312388726,0.0974065810,-0.9948641658,0.0049563986,-40.5285797119,-30.0912494659,35.3404350281,-0.6239203811,0.3381450772,-0.6629840732,-0.3790398836,0.4547258019,-0.3983275890,0.0630640984,0.2692344785,0.0605064631,0.2886134684,0.6543633938,0.6586332321,-0.2344291061,-40.5285797119,-30.0912494659,35.3404350281,-0.6239203811,0.3381450772,-0.6629840732,-0.3790398836,0.4547258019,-0.3983275890,0.0630640984,0.2692344785,0.0605064631,0.2886134684,0.6543633938,0.6586332321,-0.2344291061,0.0000000000,0.0000000000,0.0000000000,0.0000000000,0.0000000000,0.0000000000,-0.4350718856,0.3711050749,-0.2910245061,0.9851528406,-0.1668630242,-0.0462522507,0.2459871173,0.6796705723,0.1231457293,-0.6801591516,
7031.117,0.1220740378,0.0610370189,0.9765923023,0.0639667958,0.0028077029,-1.0099185705,-0.1530808508,-0.0477309488,-0.4399548471,0.0008338913,0.0065831277,-0.0119200945,0.0312438570,0.0974589437,-0.9948589802,0.0049581961,-41.0779151917,-36.5611724854,34.5469512939,-0.6378368735,0.3574327826,-0.6463820338,-0.3783074319,0.4604632854,-0.3963744044,0.0532891154,0.2776934505,0.0720356107,0.2942529619,0.6547757387,0.6562938690,-0.2328225821,-41.0779151917,-36.5611724854,34.5469512939,-0.6378368735,0.3574327826,-0.6463820338,-0.3783074319,0.4604632854,-0.3963744044,0.0532891154,0.2776934505,0.0720356107,0.2942529619,0.6547757387,0.6562938690,-0.2328225821,0.0000000000,0.0000000000,0.0000000000,0.0000000000,0.0000000000,0.0000000000,-0.4360484779,0.3681752980,-0.3125095367,0.9851527810,-0.1668635756,-0.0462524891,0.2463043928,0.6796130538,0.1234623790,-0.6800444126,
7031.130,0.1220740378,0.0610370189,0.9765923023,0.0646992400,0.0034180731,-1.0102847815,-0.1541795135,-0.0456556901,-0.4444715679,0.0015524551,0.0071897735,-0.0122871995,0.0312508531,0.0974795818,-0.9948566556,0.0049576694,-40.7116928101,-38.6974716187,34.1807289124,-0.6485793591,0.3712271452,-0.6368602514,-0.3757438958,0.4596087635,-0.3925901055,0.0468794107,0.2807534635,0.0760856867,0.2999865711,0.6551160216,0.6538655162,-0.2313765734,-40.7116928101,-38.6974716187,34.1807289124,-0.6485793591,0.3712271452,-0.6368602514,-0.3757438958,0.4596087635,-0.3925901055,0.0468794107,0.2807534635,0.0760856867,0.2999865711,0.6551160216,0.6538655162,-0.2313765734,0.0000000000,0.0000000000,0.0000000000,0.0000000000,0.0000000000,0.0000000000,-0.4375133514,0.3725699782,-0.3105563521,0.9851527214,-0.1668640971,-0.0462528467,0.2466362268,0.6795527339,0.1237935945,-0.6799242496,
7031.143,0.1220740378,0.0610370189,0.9155552983,0.0646992400,0.0031739250,-1.0110172033,-0.1543015838,-0.0449232459,-0.4392223954,0.0015388280,0.0069424673,-0.0130204558,0.0312577114,0.0974968374,-0.9948547482,0.0049573057,-40.1013221741,-39.7961349487,33.7534713745,-0.6500442624,0.3807489276,-0.6289254427,-0.3758659661,0.4620502293,-0.3912473023,0.0497775674,0.2796840072,0.0783073902,0.3057222366,0.6554130316,0.6513788700,-0.2300379723,-40.1013221741,-39.7961349487,33.7534713745,-0.6500442624,0.3807489276,-0.6289254427,-0.3758659661,0.4620502293,-0.3912473023,0.0497775674,0.2796840072,0.0783073902,0.3057222366,0.6554130316,0.6513788700,-0.2300379723,0.0000000000,0.0000000000,0.0000000000,0.0000000000,0.0000000000,0.0000000000,-0.4372692108,0.3725699782,-0.3086031675,0.9851525426,-0.1668646187,-0.0462529659,0.2469713390,0.6794915795,0.1241281256,-0.6798026562,
7031.156,0.1831110567,0.0610370189,0.9155552983,0.0659199804,0.0030518509,-1.0116275549,-0.1514938772,-0.0448011719,-0.4410535097,0.0027402118,0.0068284976,-0.0136320591,0.0312668458,0.0975208655,-0.9948520064,0.0049630431,-38.5143585205,-39.9182090759,32.6548042297,-0.6556596756,0.3993041813,-0.6142765880,-0.3808709979,0.4627826810,-0.3878292143,0.0484710932,0.2879509330,0.0871121287,0.3113682866,0.6556557417,0.6488866806,-0.2288131267,-38.5143585205,-39.9182090759,32.6548042297,-0.6556596756,0.3993041813,-0.6142765880,-0.3808709979,0.4627826810,-0.3878292143,0.0484710932,0.2879509330,0.0871121287,0.3113682866,0.6556557417,0.6488866806,-0.2288131267,0.0000000000,0.0000000000,0.0000000000,0.0000000000,0.0000000000,0.0000000000,-0.4345835745,0.5000152588,-0.3125095367,0.9851526618,-0.1668653339,-0.0462536216,0.2475824505,0.6793797612,0.1247384697,-0.6795805693,
7031.169,0.1220740378,0.0610370189,0.9155552983,0.0660420582,0.0046388134,-1.0110172033,-0.1555223316,-0.0443128757,-0.4317758679,0.0028422028,0.0084050503,-0.0130228996,0.0312773213,0.0975281522,-0.9948511124,0.0049590715,-37.6598396301,-39.6130256653,32.1665077209,-0.6595660448,0.4077273011,-0.6074404120,-0.3776970804,0.4632709622,-0.3857539594,0.0487388372,0.2862754166,0.0880467296,0.3169172108,0.6558954716,0.6463658214,-0.2276398689,-37.6598396301,-39.6130256653,32.1665077209,-0.6595660448,0.4077273011,-0.6074404120,-0.3776970804,0.4632709622,-0.3857539594,0.0487388372,0.2862754166,0.0880467296,0.3169172108,0.6558954716,0.6463658214,-0.2276398689,0.0000000000,0.0000000000,0.0000000000,0.0000000000,0.0000000000,0.0000000000,-0.4350718856,0.3745231628,-0.3105563521,0.9851523638,-0.1668658108,-0.0462537408,0.2479145378,0.6793186069,0.1250700653,-0.6794595122,
7031.182,0.1220740378,0.0610370189,0.9765923023,0.0660420582,0.0035401471,-1.0102847815,-0.1543015838,-0.0467543565,-0.4364146888,0.0028220415,0.0073021152,-0.0122917295,0.0312873982,0.0975642204,-0.9948472381,0.0049590673,-36.8663597107,-39.2468032837,31.6782131195,-0.6604205370,0.4151737988,-0.6040223241,-0.3750114441,0.4647358656,-0.3853877485,0.0519036651,0.2838095725,0.0855349898,0.3223591745,0.6561392546,0.6438200474,-0.2265080065,-36.8663597107,-39.2468032837,31.6782131195,-0.6604205370,0.4151737988,-0.6040223241,-0.3750114441,0.4647358656,-0.3853877485,0.0519036651,0.2838095725,0.0855349898,0.3223591745,0.6561392546,0.6438200474,-0.2265080065,0.0000000000,0.0000000000,0.0000000000,0.0000000000,0.0000000000,0.0000000000,-0.4367808998,0.3706167936,-0.3125095367,0.9851522446,-0.1668663621,-0.0462539792,0.2482283860,0.6792607307,0.1253834367,-0.6793450117,
7031.195,0.1220740378,0.0610370189,0.9155552983,0.0666524246,0.0031739250,-1.0113834143,-0.1562547684,-0.0443128757,-0.4314096570,0.0034096688,0.0069328011,-0.0133918524,0.0312988572,0.0975690708,-0.9948463440,0.0049587945,-36.0118408203,-39.8571739197,30.4574718475,-0.6581011415,0.4273812175,-0.5952330232,-0.3724478781,0.4666890502,-0.3890499473,0.0582282543,0.2863560617,0.0882424116,0.3277408779,0.6563431621,0.6412451863,-0.2254955024,-36.0118408203,-39.8571739197,30.4574718475,-0.6581011415,0.4273812175,-0.5952330232,-0.3724478781,0.4666890502,-0.3890499473,0.0582282543,0.2863560617,0.0882424116,0.3277408779,0.6563431621,0.6412451863,-0.2254955024,0.0000000000,0.0000000000,0.0000000000,0.0000000000,0.0000000000,0.0000000000,-0.4358043075,0.3715933859,-0.3066499829,0.9851521254,-0.1668669134,-0.0462542772,0.2485584766,0.6791996956,0.1257130653,-0.6792244315,
7031.208,0.1220740378,0.0000000000,0.9155552983,0.0661641285,0.0042725913,-1.0105289221,-0.1525925547,-0.0458998382,-0.4366588295,0.0029114932,0.0080229566,-0.0125378966,0.0313040167,0.0976046249,-0.9948427081,0.0049561593,-35.7676925659,-40.7116928101,29.6639919281,-0.6511428952,0.4305551350,-0.5899838209,-0.3791619539,0.4653462470,-0.3806268573,0.0691834092,0.2800315619,0.0872385502,0.3331200182,0.6564492583,0.6386936307,-0.2245436609,-35.7676925659,-40.7116928101,29.6639919281,-0.6511428952,0.4305551350,-0.5899838209,-0.3791619539,0.4653462470,-0.3806268573,0.0691834092,0.2800315619,0.0872385502,0.3331200182,0.6564492583,0.6386936307,-0.2245436609,0.0000000000,0.0000000000,0.0000000000,0.0000000000,0.0000000000,0.0000000000,-0.4358043075,0.3691518903,-0.3125095367,0.9851520658,-0.1668674648,-0.0462545156,0.2488655597,0.6791427732,0.1260197163,-0.6791120768,
7031.221,0.1220740378,0.0000000000,0.9765923023,0.0656758323,0.0019531846,-1.0123599768,-0.1512497365,-0.0439466536,-0.4360484779,0.0024163947,0.0057072286,-0.0143694282,0.0313071832,0.0976133347,-0.9948417544,0.0049585984,-35.5845832825,-41.9934692383,28.6263618469,-0.6518753767,0.4373912811,-0.5844904780,-0.3740348518,0.4683980942,-0.3812372088,0.0725144148,0.2775514424,0.0862340927,0.3385081589,0.6564912796,0.6361019015,-0.2237184346,-35.5845832825,-41.9934692383,28.6263618469,-0.6518753767,0.4373912811,-0.5844904780,-0.3740348518,0.4683980942,-0.3812372088,0.0725144148,0.2775514424,0.0862340927,0.3385081589,0.6564912796,0.6361019015,-0.2237184346,0.0000000000,0.0000000000,0.0000000000,0.0000000000,0.0000000000,0.0000000000,-0.4355601668,0.3701284826,-0.3086031675,0.9851519465,-0.1668680161,-0.0462548733,0.2491836101,0.6790836453,0.1263373643,-0.6789955497,
7031.234,0.1220740378,0.0000000000,0.9765923023,0.0650654659,0.0036622211,-1.0102847815,-0.1554002464,-0.0448011719,-0.4337290525,0.0018016025,0.0074114632,-0.0122944713,0.0313095860,0.0976210311,-0.9948409200,0.0049566668,-34.3028030396,-41.9934692383,26.3679924011,-0.6755577326,0.4577776492,-0.5594652891,-0.3769646287,0.4655903876,-0.3759880364,0.0529437661,0.2890403569,0.1045958996,0.3438265026,0.6564021707,0.6335698962,-0.2230532318,-34.3028030396,-41.9934692383,26.3679924011,-0.6755577326,0.4577776492,-0.5594652891,-0.3769646287,0.4655903876,-0.3759880364,0.0529437661,0.2890403569,0.1045958996,0.3438265026,0.6564021707,0.6335698962,-0.2230532318,0.0000000000,0.0000000000,0.0000000000,0.0000000000,0.0000000000,0.0000000000,-0.4360484779,0.3730582595,-0.3105563521,0.9851518869,-0.1668685526,-0.0462551713,0.2495030165,0.6790241003,0.1266563833,-0.6788783669,
7031.247,0.1831110567,0.0610370189,0.9765923023,0.0646992400,0.0029297769,-1.0111392736,-0.1547898799,-0.0445570238,-0.4337290525,0.0014224127,0.0066885054,-0.0131498575,0.0313155502,0.0976274908,-0.9948400259,0.0049622278,-32.9599914551,-39.7961349487,25.2082881927,-0.6848353744,0.4662007391,-0.5580004454,-0.3753776550,0.4699850380,-0.3745231628,0.0474611521,0.2889127433,0.0996301174,0.3488979638,0.6563287973,0.6311037540,-0.2223846465,-32.9599914551,-39.7961349487,25.2082881927,-0.6848353744,0.4662007391,-0.5580004454,-0.3753776550,0.4699850380,-0.3745231628,0.0474611521,0.2889127433,0.0996301174,0.3488979638,0.6563287973,0.6311037540,-0.2223846465,0.0000000000,0.0000000000,0.0000000000,0.0000000000,0.0000000000,0.0000000000,-0.4345835745,0.3715933859,-0.3066499829,0.9851516485,-0.1668690741,-0.0462553501,0.2498273104,0.6789634228,0.1269803345,-0.6787591577,
7031.260,0.1831110567,-0.0610370189,0.9765923023,0.0644550920,0.0030518509,-1.0104068518,-0.1528366953,-0.0441908017,-0.4340952933,0.0011875853,0.0068194084,-0.0124168992,0.0313104317,0.0976350680,-0.9948395491,0.0049664038,-31.8613243103,-36.9273948669,24.4148082733,-0.7097384334,0.4799951315,-0.5583666563,-0.3742789924,0.4709616303,-0.3774529397,0.0259886980,0.2944318354,0.0931254625,0.3537165523,0.6563037634,0.6286934614,-0.2216721773,-31.8613243103,-36.9273948669,24.4148082733,-0.7097384334,0.4799951315,-0.5583666563,-0.3742789924,0.4709616303,-0.3774529397,0.0259886980,0.2944318354,0.0931254625,0.3537165523,0.6563037634,0.6286934614,-0.2216721773,0.0000000000,0.0000000000,0.0000000000,0.0000000000,0.0000000000,0.0000000000,-0.4367808998,0.3725699782,-0.3066499829,0.9851516485,-0.1668696404,-0.0462558270,0.2501513958,0.6789027452,0.1273041070,-0.6786399484,
7031.273,0.1831110567,0.0000000000,0.9765923023,0.0648213178,0.0030518509,-1.0112613440,-0.1568651348,-0.0460219122,-0.4315317273,0.0015509576,0.0068282038,-0.0132715702,0.0313113332,0.0976544097,-0.9948375225,0.0049715317,-29.2367324829,-29.9691772461,23.9875488281,-0.7332987189,0.5034333467,-0.5490890145,-0.3725699782,0.4704733491,-0.3723258078,0.0050449967,0.3099414110,0.0971167684,0.3580145240,0.6564527154,0.6264315844,-0.2207322270,-29.2367324829,-29.9691772461,23.9875488281,-0.7332987189,0.5034333467,-0.5490890145,-0.3725699782,0.4704733491,-0.3723258078,0.0050449967,0.3099414110,0.0971167684,0.3580145240,0.6564527154,0.6264315844,-0.2207322270,0.0000000000,0.0000000000,0.0000000000,0.0000000000,0.0000000000,0.0000000000,-0.4370250702,0.3720816672,-0.3105563521,0.9851515293,-0.1668701619,-0.0462560654,0.2504625916,0.6788442731,0.1276150197,-0.6785252690,
7031.286,0.1831110567,0.0000000000,0.9155552983,0.0626239851,0.0024414808,-1.0095522404,-0.1556444019,-0.0435804315,-0.4380016625,-0.0006389767,0.0062289038,-0.0115620494,0.0313071311,0.0976496190,-0.9948380589,0.0049765296,-27.8939170837,-26.8562889099,23.9875488281,-0.7199926972,0.5042878389,-0.5435956717,-0.3724478781,0.4683980942,-0.3723258078,0.0205183625,0.3030411601,0.0977451801,0.3620342314,0.6567131281,0.6242130995,-0.2196834534,-27.8939170837,-26.8562889099,23.9875488281,-0.7199926972,0.5042878389,-0.5435956717,-0.3724478781,0.4683980942,-0.3723258078,0.0205183625,0.3030411601,0.0977451801,0.3620342314,0.6567131281,0.6242130995,-0.2196834534,0.0000000000,0.0000000000,0.0000000000,0.0000000000,0.0000000000,0.0000000000,-0.3728141189,0.3681752980,-0.3086031675,0.9851514697,-0.1668707132,-0.0462564230,0.2508036494,0.6787800193,0.1279558241,-0.6783993840,
7031.299,0.1831110567,0.0610370189,0.9765923023,0.0644550920,0.0034180731,-1.0100406408,-0.1513718069,-0.0443128757,-0.4327524602,0.0011800081,0.0072123650,-0.0120512247,0.0313127637,0.0976634249,-0.9948366284,0.0049809762,-27.0394001007,-25.2693252563,23.6213264465,-0.7108371258,0.5034333467,-0.5365154147,-0.3713492155,0.4698629677,-0.3708609343,0.0315992236,0.2946065366,0.1001610160,0.3658870757,0.6570116282,0.6220272183,-0.2186056376,-27.0394001007,-25.2693252563,23.6213264465,-0.7108371258,0.5034333467,-0.5365154147,-0.3713492155,0.4698629677,-0.3708609343,0.0315992236,0.2946065366,0.1001610160,0.3658870757,0.6570116282,0.6220272183,-0.2186056376,0.0000000000,0.0000000000,0.0000000000,0.0000000000,0.0000000000,0.0000000000,-0.3733024001,0.3667104244,-0.3105563521,0.9851512909,-0.1668712050,-0.0462566018,0.2511337996,0.6787176132,0.1282857656,-0.6782773137,
7031.312,0.1831110567,0.0610370189,0.9765923023,0.0648213178,0.0024414808,-1.0101627111,-0.1525925547,-0.0411389507,-0.4315317273,0.0015324503,0.0062474352,-0.0121741891,0.0313192271,0.0976316929,-0.9948393106,0.0049864599,-26.4900665283,-24.2927341461,22.4005851746,-0.6881313324,0.5023346543,-0.5283364654,-0.3702505529,0.4734031260,-0.3697622716,0.0560654402,0.2861525416,0.1038153768,0.3696039319,0.6572901607,0.6199107766,-0.2175248116,-26.4900665283,-24.2927341461,22.4005851746,-0.6881313324,0.5023346543,-0.5283364654,-0.3702505529,0.4734031260,-0.3697622716,0.0560654402,0.2861525416,0.1038153768,0.3696039319,0.6572901607,0.6199107766,-0.2175248116,0.0000000000,0.0000000000,0.0000000000,0.0000000000,0.0000000000,0.0000000000,-0.3735465705,0.3696402013,-0.2968840599,0.9851511121,-0.1668717712,-0.0462567806,0.2515048981,0.6786472797,0.1286566854,-0.6781398654,
7031.325,0.1831110567,0.0610370189,0.9155552983,0.0638447255,0.0025635548,-1.0121158361,-0.1535691470,-0.0423596911,-0.4297006130,0.0005474538,0.0063798632,-0.0141279101,0.0313229635,0.0976190343,-0.9948406219,0.0049916254,-26.7952518463,-24.8420658112,21.4239940643,-0.6765342951,0.5031892061,-0.5256507993,-0.3717154562,0.4749900699,-0.3662221134,0.0694339275,0.2797685564,0.1018809676,0.3733257353,0.6574873328,0.6178348660,-0.2164763361,-26.7952518463,-24.8420658112,21.4239940643,-0.6765342951,0.5031892061,-0.5256507993,-0.3717154562,0.4749900699,-0.3662221134,0.0694339275,0.2797685564,0.1018809676,0.3733257353,0.6574873328,0.6178348660,-0.2164763361,0.0000000000,0.0000000000,0.0000000000,0.0000000000,0.0000000000,0.0000000000,-0.3723258078,0.3676870167,-0.3105563521,0.9851511121,-0.1668723226,-0.0462570190,0.2518347204,0.6785846353,0.1289863437,-0.6780175567,
7031.338,0.1220740378,0.0610370189,0.9765923023,0.0654316843,0.0037842952,-1.0095522404,-0.1529587656,-0.0393078402,-0.4408093393,0.0021175444,0.0075948788,-0.0115653872,0.0313319527,0.0975599438,-0.9948459864,0.0049877423,-27.2225112915,-25.7576217651,20.3253269196,-0.6806848645,0.5124667883,-0.5199133158,-0.3700064123,0.4754783809,-0.3631702662,0.0671491623,0.2819184363,0.1028029919,0.3770962954,0.6575877666,0.6157760620,-0.2154999822,-27.2225112915,-25.7576217651,20.3253269196,-0.6806848645,0.5124667883,-0.5199133158,-0.3700064123,0.4754783809,-0.3631702662,0.0671491623,0.2819184363,0.1028029919,0.3770962954,0.6575877666,0.6157760620,-0.2154999822,0.0000000000,0.0000000000,0.0000000000,0.0000000000,0.0000000000,0.0000000000,-0.3735465705,0.3696402013,-0.3086031675,0.9851508737,-0.1668728590,-0.0462572575,0.2521722913,0.6785202622,0.1293237954,-0.6778921485,
7031.351,0.1831110567,0.0610370189,0.9155552983,0.0649433881,0.0036622211,-1.0105289221,-0.1538132876,-0.0421155430,-0.4370250702,0.0016150847,0.0074776928,-0.0125430226,0.0313388556,0.0975420177,-0.9948476553,0.0049903030,-27.2835483551,-25.8796958923,19.4708099365,-0.7104709148,0.5422528982,-0.4984282851,-0.3652455211,0.4740134776,-0.3620716035,0.0393030643,0.3046428263,0.1192826033,0.3809127212,0.6576299667,0.6136954427,-0.2145927250,-27.2835483551,-25.8796958923,19.4708099365,-0.7104709148,0.5422528982,-0.4984282851,-0.3652455211,0.4740134776,-0.3620716035,0.0393030643,0.3046428263,0.1192826033,0.3809127212,0.6576299667,0.6136954427,-0.2145927250,0.0000000000,0.0000000000,0.0000000000,0.0000000000,0.0000000000,0.0000000000,-0.3723258078,0.3696402013,-0.3105563521,0.9851508141,-0.1668734252,-0.0462574959,0.2525039911,0.6784569025,0.1296553761,-0.6777687669,
7031.364,0.1831110567,0.0610370189,0.9765923023,0.0659199804,0.0028077029,-1.0101627111,-0.1516159624,-0.0445570238,-0.4395886064,0.0025727302,0.0066329325,-0.0121780038,0.0313477479,0.0975567922,-0.9948458672,0.0049965535,-26.7342147827,-25.3913993835,19.8370304108,-0.7252418399,0.5583666563,-0.4808496237,-0.3631702662,0.4754783809,-0.3527939618,0.0263957381,0.3137022257,0.1318240166,0.3847111762,0.6576816440,0.6115842462,-0.2136831880,-26.7342147827,-25.3913993835,19.8370304108,-0.7252418399,0.5583666563,-0.4808496237,-0.3631702662,0.4754783809,-0.3527939618,0.0263957381,0.3137022257,0.1318240166,0.3847111762,0.6576816440,0.6115842462,-0.2136831880,0.0000000000,0.0000000000,0.0000000000,0.0000000000,0.0000000000,0.0000000000,-0.3745231628,0.3696402013,-0.3105563521,0.9851506948,-0.1668739468,-0.0462579131,0.2528327405,0.6783939004,0.1299840510,-0.6776463389,
7031.377,0.1831110567,0.0610370189,0.9155552983,0.0646992400,0.0034180731,-1.0102847815,-0.1566209942,-0.0448011719,-0.4372692108,0.0013391525,0.0072493246,-0.0123009086,0.0313538089,0.0975651443,-0.9948447943,0.0050004432,-25.6355476379,-24.4758453369,20.5084381104,-0.7199926972,0.5654469728,-0.4644917250,-0.3661000431,0.4741355777,-0.3635364771,0.0333346725,0.3137505949,0.1432400942,0.3884035051,0.6578544974,0.6093742251,-0.2127835304,-25.6355476379,-24.4758453369,20.5084381104,-0.7199926972,0.5654469728,-0.4644917250,-0.3661000431,0.4741355777,-0.3635364771,0.0333346725,0.3137505949,0.1432400942,0.3884035051,0.6578544974,0.6093742251,-0.2127835304,0.0000000000,0.0000000000,0.0000000000,0.0000000000,0.0000000000,0.0000000000,-0.3718375266,0.3671987057,-0.3105563521,0.9851506948,-0.1668744981,-0.0462582707,0.2531547844,0.6783320308,0.1303060204,-0.6775262356,
7031.390,0.1831110567,0.0610370189,0.9155552983,0.0648213178,0.0034180731,-1.0110172033,-0.1561326981,-0.0460219122,-0.4410535097,0.0014480725,0.0072553307,-0.0130341649,0.0313599482,0.0975896120,-0.9948421717,0.0050048479,-23.8654747009,-23.3161411285,20.9356975555,-0.7130344510,0.5735038519,-0.4504531920,-0.3640247881,0.4746238589,-0.3557237387,0.0417861342,0.3148949444,0.1525069177,0.3919497430,0.6581127048,0.6071338058,-0.2118851990,-23.8654747009,-23.3161411285,20.9356975555,-0.7130344510,0.5735038519,-0.4504531920,-0.3640247881,0.4746238589,-0.3557237387,0.0417861342,0.3148949444,0.1525069177,0.3919497430,0.6581127048,0.6071338058,-0.2118851990,0.0000000000,0.0000000000,0.0000000000,0.0000000000,0.0000000000,0.0000000000,-0.3730582595,0.3642689288,-0.3086031675,0.9851506352,-0.1668750197,-0.0462585688,0.2534713745,0.6782710552,0.1306225955,-0.6774079800,
7031.403,0.1220740378,0.1220740378,0.9765923023,0.0651875362,0.0034180731,-1.0094301701,-0.1534470618,-0.0445570238,-0.4447157085,0.0017883182,0.0072513241,-0.0114488006,0.0313730538,0.0975968763,-0.9948410392,0.0050043548,-23.4992523193,-22.3395481110,20.7525863647,-0.7088839412,0.5724051595,-0.4582659304,-0.3601184189,0.4795068204,-0.3538926244,0.0472488403,0.3070037663,0.1400826275,0.3953744173,0.6584014893,0.6049176455,-0.2109615952,-23.4992523193,-22.3395481110,20.7525863647,-0.7088839412,0.5724051595,-0.4582659304,-0.3601184189,0.4795068204,-0.3538926244,0.0472488403,0.3070037663,0.1400826275,0.3953744173,0.6584014893,0.6049176455,-0.2109615952,0.0000000000,0.0000000000,0.0000000000,0.0000000000,0.0000000000,0.0000000000,-0.3740348518,0.3667104244,-0.3086031675,0.9851503968,-0.1668755412,-0.0462587476,0.2537924349,0.6782090068,0.1309436560,-0.6772878170,
7031.416,0.1220740378,0.1220740378,0.9765923023,0.0653096139,0.0020752586,-1.0107730627,-0.1534470618,-0.0467543565,-0.4398327470,0.0018843487,0.0059111817,-0.0127933621,0.0313857123,0.0976337120,-0.9948371053,0.0050081215,-23.3161411285,-21.0577716827,20.4474010468,-0.7033905983,0.5714285970,-0.4614398777,-0.3596301079,0.4781640172,-0.3480330706,0.0538595915,0.2993408740,0.1324779093,0.3986857831,0.6586926579,0.6027657390,-0.2099779844,-23.3161411285,-21.0577716827,20.4474010468,-0.7033905983,0.5714285970,-0.4614398777,-0.3596301079,0.4781640172,-0.3480330706,0.0538595915,0.2993408740,0.1324779093,0.3986857831,0.6586926579,0.6027657390,-0.2099779844,0.0000000000,0.0000000000,0.0000000000,0.0000000000,0.0000000000,0.0000000000,-0.3720816672,0.3662221134,-0.3066499829,0.9851503968,-0.1668760926,-0.0462591648,0.2541166246,0.6781462431,0.1312678605,-0.6771664023,
7031.429,0.1220740378,0.1220740378,0.9765923023,0.0664082766,0.0023194067,-1.0118716955,-0.1536912173,-0.0458998382,-0.4360484779,0.0029520988,0.0061567975,-0.0138939619,0.0314009227,0.0976594090,-0.9948338866,0.0050111795,-23.0719928741,-19.2876987457,19.1656246185,-0.7053437829,0.5747245550,-0.4603411853,-0.3554795980,0.4760887623,-0.3548692167,0.0528517365,0.2961841226,0.1293661296,0.4018336236,0.6589950323,0.6006852984,-0.2089882195,-23.0719928741,-19.2876987457,19.1656246185,-0.7053437829,0.5747245550,-0.4603411853,-0.3554795980,0.4760887623,-0.3548692167,0.0528517365,0.2961841226,0.1293661296,0.4018336236,0.6589950323,0.6006852984,-0.2089882195,0.0000000000,0.0000000000,0.0000000000,0.0000000000,0.0000000000,0.0000000000,-0.3728141189,0.3676870167,-0.3086031675,0.9851501584,-0.1668765992,-0.0462594032,0.2544377446,0.6780838370,0.1315890551,-0.6770458817,
7031.442,0.1831110567,0.0610370189,0.9765923023,0.0672627985,0.0024414808,-1.0115054846,-0.1497848481,-0.0467543565,-0.4415417910,0.0037821084,0.0062903706,-0.0135293007,0.0314123221,0.0977075920,-0.9948289990,0.0050196238,-22.4616222382,-18.0669574738,18.6773281097,-0.7099826336,0.5750907660,-0.4566789865,-0.3608508706,0.4764549732,-0.3546250761,0.0490260124,0.2902753353,0.1289727092,0.4048625529,0.6592966914,0.5986628532,-0.2079915553,-22.4616222382,-18.0669574738,18.6773281097,-0.7099826336,0.5750907660,-0.4566789865,-0.3608508706,0.4764549732,-0.3546250761,0.0490260124,0.2902753353,0.1289727092,0.4048625529,0.6592966914,0.5986628532,-0.2079915553,0.0000000000,0.0000000000,0.0000000000,0.0000000000,0.0000000000,0.0000000000,-0.3725699782,0.3667104244,-0.3125095367,0.9851502776,-0.1668771952,-0.0462598205,0.2547450364,0.6780241132,0.1318963766,-0.6769304872,
7031.455,0.1831110567,0.0610370189,0.9765923023,0.0670186505,0.0047608875,-1.0096743107,-0.1523483992,-0.0444349498,-0.4398327470,0.0035142377,0.0086097317,-0.0116996765,0.0314241014,0.0977173373,-0.9948275089,0.0050210729,-21.7902164459,-16.4799957275,18.1279945374,-0.7037568092,0.5822931528,-0.4498428404,-0.3560899794,0.4738914073,-0.3497421145,0.0558797121,0.2913406789,0.1319670379,0.4077554047,0.6596244574,0.5966942906,-0.2069555372,-21.7902164459,-16.4799957275,18.1279945374,-0.7037568092,0.5822931528,-0.4498428404,-0.3560899794,0.4738914073,-0.3497421145,0.0558797121,0.2913406789,0.1319670379,0.4077554047,0.6596244574,0.5966942906,-0.2069555372,0.0000000000,0.0000000000,0.0000000000,0.0000000000,0.0000000000,0.0000000000,-0.3745231628,0.3652455211,-0.3125095367,0.9851500392,-0.1668777168,-0.0462599397,0.2550455928,0.6779654026,0.1321970075,-0.6768173575,
7031.468,0.1831110567,0.0000000000,0.9765923023,0.0654316843,0.0042725913,-1.0111392736,-0.1543015838,-0.0424817652,-0.4376354218,0.0019225627,0.0081238355,-0.0131649375,0.0314264372,0.0976961479,-0.9948294759,0.0050218292,-20.6305122375,-13.9774770737,16.7851810455,-0.6776329875,0.5902279615,-0.4329966009,-0.3597521782,0.4729148149,-0.3485213816,0.0823760629,0.2933691442,0.1453342140,0.4104398489,0.6599714756,0.5948501229,-0.2058487833,-20.6305122375,-13.9774770737,16.7851810455,-0.6776329875,0.5902279615,-0.4329966009,-0.3597521782,0.4729148149,-0.3485213816,0.0823760629,0.2933691442,0.1453342140,0.4104398489,0.6599714756,0.5948501229,-0.2058487833,0.0000000000,0.0000000000,0.0000000000,0.0000000000,0.0000000000,0.0000000000,-0.3728141189,0.3667104244,-0.3105563521,0.9851499796,-0.1668782085,-0.0462602973,0.2553544641,0.6779049635,0.1325060129,-0.6767010093,
7031.481,0.1831110567,0.0610370189,0.9155552983,0.0672627985,0.0025635548,-1.0110172033,-0.1527146250,-0.0454115421,-0.4397106767,0.0037292540,0.0064249500,-0.0130444765,0.0314379744,0.0977226868,-0.9948266149,0.0050289175,-20.5084381104,-13.7333288193,15.9916992188,-0.6693319678,0.5918149352,-0.4261604548,-0.3588976860,0.4746238589,-0.3466902673,0.0910249352,0.2891750038,0.1487078667,0.4130840302,0.6602844000,0.5930449367,-0.2047618479,-20.5084381104,-13.7333288193,15.9916992188,-0.6693319678,0.5918149352,-0.4261604548,-0.3588976860,0.4746238589,-0.3466902673,0.0910249352,0.2891750038,0.1487078667,0.4130840302,0.6602844000,0.5930449367,-0.2047618479,0.0000000000,0.0000000000,0.0000000000,0.0000000000,0.0000000000,0.0000000000,-0.3730582595,0.3662221134,-0.3125095367,0.9851498604,-0.1668787450,-0.0462605953,0.2556554377,0.6778459549,0.1328071207,-0.6765874624,
7031.494,0.1220740378,0.0000000000,0.9765923023,0.0660420582,0.0030518509,-1.0108951330,-0.1541795135,-0.0429700613,-0.4354380965,0.0025008917,0.0069109779,-0.0129228830,0.0314419605,0.0977083370,-0.9948277473,0.0050277095,-20.5084381104,-13.9164400101,15.2592544556,-0.6665242314,0.5930356979,-0.4224982560,-0.3554795980,0.4742576480,-0.3418073058,0.0942036510,0.2847374082,0.1488631666,0.4157151878,0.6605486870,0.5912694931,-0.2037158459,-20.5084381104,-13.9164400101,15.2592544556,-0.6665242314,0.5930356979,-0.4224982560,-0.3554795980,0.4742576480,-0.3418073058,0.0942036510,0.2847374082,0.1488631666,0.4157151878,0.6605486870,0.5912694931,-0.2037158459,0.0000000000,0.0000000000,0.0000000000,0.0000000000,0.0000000000,0.0000000000,-0.3728141189,0.3613391519,-0.3125095367,0.9851498008,-0.1668792963,-0.0462608337,0.2559416592,0.6777896881,0.1330934614,-0.6764793396,
7031.507,0.1220740378,0.0000000000,0.9765923023,0.0651875362,0.0035401471,-1.0106509924,-0.1528366953,-0.0427259132,-0.4420301020,0.0016428605,0.0073946030,-0.0126789212,0.0314440057,0.0976933390,-0.9948292971,0.0050250809,-20.3863639832,-14.3436994553,14.0995512009,-0.6865444183,0.6015808582,-0.4165166318,-0.3563341200,0.4765770435,-0.3465681970,0.0746752620,0.2878362536,0.1512153447,0.4183417261,0.6607497931,0.5895076990,-0.2027911097,-20.3863639832,-14.3436994553,14.0995512009,-0.6865444183,0.6015808582,-0.4165166318,-0.3563341200,0.4765770435,-0.3465681970,0.0746752620,0.2878362536,0.1512153447,0.4183417261,0.6607497931,0.5895076990,-0.2027911097,0.0000000000,0.0000000000,0.0000000000,0.0000000000,0.0000000000,0.0000000000,-0.3720816672,0.3613391519,-0.3125095367,0.9851496220,-0.1668798178,-0.0462610722,0.2562268376,0.6777334809,0.1333787888,-0.6763714552,
7031.520,0.1220740378,0.0000000000,0.9765923023,0.0644550920,0.0031739250,-1.0108951330,-0.1533249915,-0.0449232459,-0.4340952933,0.0009106621,0.0070255459,-0.0129230618,0.0314439572,0.0977075472,-0.9948277473,0.0050241081,-19.8980674744,-13.6722927094,13.7943658829,-0.6932584643,0.6068300605,-0.4156621099,-0.3571886420,0.4754783809,-0.3383892477,0.0683819652,0.2877634764,0.1485298872,0.4208999574,0.6609318852,0.5877997279,-0.2018594295,-19.8980674744,-13.6722927094,13.7943658829,-0.6932584643,0.6068300605,-0.4156621099,-0.3571886420,0.4754783809,-0.3383892477,0.0683819652,0.2877634764,0.1485298872,0.4208999574,0.6609318852,0.5877997279,-0.2018594295,0.0000000000,0.0000000000,0.0000000000,0.0000000000,0.0000000000,0.0000000000,-0.3747673035,0.3667104244,-0.3086031675,0.9851495624,-0.1668803245,-0.0462614298,0.2565334737,0.6776729226,0.1336856335,-0.6762553453,
7031.533,0.1831110567,0.0610370189,0.9765923023,0.0646992400,0.0024414808,-1.0108951330,-0.1514938772,-0.0471205786,-0.4373912811,0.0011431500,0.0063045355,-0.0129238963,0.0314489566,0.0977555066,-0.9948230982,0.0050318856,-19.2876987457,-12.5736255646,13.5502185822,-0.6975310445,0.6125675440,-0.4135868549,-0.3547471464,0.4758445919,-0.3427838981,0.0644127727,0.2882967293,0.1472197771,0.4233456254,0.6611674428,0.5860925913,-0.2009357065,-19.2876987457,-12.5736255646,13.5502185822,-0.6975310445,0.6125675440,-0.4135868549,-0.3547471464,0.4758445919,-0.3427838981,0.0644127727,0.2882967293,0.1472197771,0.4233456254,0.6611674428,0.5860925913,-0.2009357065,0.0000000000,0.0000000000,0.0000000000,0.0000000000,0.0000000000,0.0000000000,-0.3730582595,0.3588976860,-0.3105563521,0.9851493239,-0.1668808311,-0.0462616086,0.2568131387,0.6776174903,0.1339654922,-0.6761492491,
7031.546,0.1220740378,0.0000000000,0.9155552983,0.0653096139,0.0023194067,-1.0105289221,-0.1535691470,-0.0449232459,-0.4294564724,0.0017494634,0.0061831246,-0.0125579238,0.0314508565,0.0977749601,-0.9948209524,0.0050330316,-17.9448833466,-10.6814785004,12.8177738190,-0.6786095500,0.6187933087,-0.4047975242,-0.3485213816,0.4784081578,-0.3424176872,0.0834355950,0.2895078063,0.1529421508,0.4255991876,0.6614748836,0.5844349265,-0.1999887526,-17.9448833466,-10.6814785004,12.8177738190,-0.6786095500,0.6187933087,-0.4047975242,-0.3485213816,0.4784081578,-0.3424176872,0.0834355950,0.2895078063,0.1529421508,0.4255991876,0.6614748836,0.5844349265,-0.1999887526,0.0000000000,0.0000000000,0.0000000000,0.0000000000,0.0000000000,0.0000000000,-0.3728141189,0.3642689288,-0.3105563521,0.9851493835,-0.1668813527,-0.0462620854,0.2571063936,0.6775593758,0.1342589706,-0.6760379672,
7031.559,0.1220740378,0.0000000000,0.9765923023,0.0629902035,0.0053712577,-1.0112613440,-0.1545457393,-0.0467543565,-0.4366588295,-0.0005623400,0.0092212530,-0.0132898092,0.0314475708,0.0978081077,-0.9948178530,0.0050268751,-17.6396980286,-10.5594043732,12.3294782639,-0.6769005656,0.6187933087,-0.4055299461,-0.3530381322,0.4762108326,-0.3346049488,0.0852330327,0.2846211195,0.1491754353,0.4278154969,0.6617356539,0.5828396082,-0.1990507394,-17.6396980286,-10.5594043732,12.3294782639,-0.6769005656,0.6187933087,-0.4055299461,-0.3530381322,0.4762108326,-0.3346049488,0.0852330327,0.2846211195,0.1491754353,0.4278154969,0.6617356539,0.5828396082,-0.1990507394,0.0000000000,0.0000000000,0.0000000000,0.0000000000,0.0000000000,0.0000000000,-0.3715933859,0.3632923365,-0.3105563521,0.9851491451,-0.1668818444,-0.0462622046,0.2573961318,0.6775016785,0.1345489770,-0.6759277582,
7031.572,0.1220740378,0.0610370189,0.9155552983,0.0636005774,0.0040284432,-1.0113834143,-0.1536912173,-0.0432142094,-0.4360484779,0.0000419691,0.0078707375,-0.0134122372,0.0314509943,0.0978032202,-0.9948182106,0.0050231847,-17.7007350922,-10.9256267548,11.8411817551,-0.6758018732,0.6186712384,-0.4047975242,-0.3518173695,0.4756004512,-0.3348490894,0.0864597559,0.2797034681,0.1468147337,0.4300284982,0.6619703174,0.5812441111,-0.1981649399,-17.7007350922,-10.9256267548,11.8411817551,-0.6758018732,0.6186712384,-0.4047975242,-0.3518173695,0.4756004512,-0.3348490894,0.0864597559,0.2797034681,0.1468147337,0.4300284982,0.6619703174,0.5812441111,-0.1981649399,0.0000000000,0.0000000000,0.0000000000,0.0000000000,0.0000000000,0.0000000000,-0.3728141189,0.3628040552,-0.3125095367,0.9851492643,-0.1668824106,-0.0462627411,0.2576775551,0.6774456501,0.1348306388,-0.6758207083,
7031.585,0.1831110567,0.0610370189,0.9155552983,0.0636005774,0.0025635548,-1.0101627111,-0.1541795135,-0.0448011719,-0.4354380965,0.0000355318,0.0064160391,-0.0121919513,0.0314536244,0.0978177860,-0.9948167801,0.0050290329,-17.8838462830,-11.9022188187,11.1087369919,-0.6804406643,0.6331980228,-0.3892941177,-0.3524277508,0.4785302281,-0.3332621157,0.0820878148,0.2894860208,0.1590053141,0.4323200583,0.6621282101,0.5796371698,-0.1973567456,-17.8838462830,-11.9022188187,11.1087369919,-0.6804406643,0.6331980228,-0.3892941177,-0.3524277508,0.4785302281,-0.3332621157,0.0820878148,0.2894860208,0.1590053141,0.4323200583,0.6621282101,0.5796371698,-0.1973567456,0.0000000000,0.0000000000,0.0000000000,0.0000000000,0.0000000000,0.0000000000,-0.3735465705,0.3657338321,-0.3105563521,0.9851489663,-0.1668829173,-0.0462628007,0.2579699457,0.6773871779,0.1351233274,-0.6757091880,
7031.598,0.1831110567,0.1220740378,0.9155552983,0.0643330216,0.0021973327,-1.0099185705,-0.1536912173,-0.0434583575,-0.4345835745,0.0007473007,0.0060617654,-0.0119491816,0.0314633548,0.0978163481,-0.9948164225,0.0050359508,-17.8228092194,-12.5125885010,11.1697740555,-0.6972869039,0.6410107613,-0.3816034496,-0.3510849476,0.4763329029,-0.3342387080,0.0655812621,0.2925881147,0.1632408798,0.4346446395,0.6622787118,0.5779727101,-0.1966261864,-17.8228092194,-12.5125885010,11.1697740555,-0.6972869039,0.6410107613,-0.3816034496,-0.3510849476,0.4763329029,-0.3342387080,0.0655812621,0.2925881147,0.1632408798,0.4346446395,0.6622787118,0.5779727101,-0.1966261864,0.0000000000,0.0000000000,0.0000000000,0.0000000000,0.0000000000,0.0000000000,-0.3735465705,0.3642689288,-0.3125095367,0.9851490259,-0.1668834537,-0.0462632775,0.2582520247,0.6773307323,0.1354057044,-0.6756016016,
7031.611,0.1831110567,0.1220740378,0.9155552983,0.0627460554,0.0031739250,-1.0107730627,-0.1552781761,-0.0412610248,-0.4349497855,-0.0008522049,0.0070454320,-0.0128045082,0.0314694270,0.0977815911,-0.9948197603,0.0050389874,-17.3955497742,-12.3905143738,11.5359964371,-0.7086398005,0.6445509195,-0.3752555847,-0.3490096629,0.4764549732,-0.3286233246,0.0545414090,0.2914497852,0.1661291718,0.4369500577,0.6624406576,0.5762883425,-0.1959139258,-17.3955497742,-12.3905143738,11.5359964371,-0.7086398005,0.6445509195,-0.3752555847,-0.3490096629,0.4764549732,-0.3286233246,0.0545414090,0.2914497852,0.1661291718,0.4369500577,0.6624406576,0.5762883425,-0.1959139258,0.0000000000,0.0000000000,0.0000000000,0.0000000000,0.0000000000,0.0000000000,-0.3713492155,0.3623157442,-0.3066499829,0.9851487875,-0.1668839306,-0.0462633371,0.2585432231,0.6772722006,0.1356972605,-0.6754902601,
7031.624,0.1220740378,0.1831110567,0.9155552983,0.0657979101,0.0020752586,-1.0108951330,-0.1519821733,-0.0433362834,-0.4408093393,0.0021615922,0.0059486032,-0.0129290223,0.0314882994,0.0977820382,-0.9948190451,0.0050417837,-16.1137733459,-12.0853300095,12.3905143738,-0.7123020291,0.6495559812,-0.3652455211,-0.3508407772,0.4773094952,-0.3285012245,0.0511060357,0.2917957902,0.1727514863,0.4391883612,0.6626903415,0.5745289922,-0.1952308416,-16.1137733459,-12.0853300095,12.3905143738,-0.7123020291,0.6495559812,-0.3652455211,-0.3508407772,0.4773094952,-0.3285012245,0.0511060357,0.2917957902,0.1727514863,0.4391883612,0.6626903415,0.5745289922,-0.1952308416,0.0000000000,0.0000000000,0.0000000000,0.0000000000,0.0000000000,0.0000000000,-0.3745231628,0.3632923365,-0.3086031675,0.9851487875,-0.1668844819,-0.0462638140,0.2588289082,0.6772148013,0.1359832734,-0.6753810048,
7031.637,0.1831110567,0.1831110567,0.9155552983,0.0665303543,0.0026856288,-1.0111392736,-0.1532029212,-0.0429700613,-0.4359263778,0.0028526485,0.0065684323,-0.0131757855,0.0315084979,0.0977753475,-0.9948190451,0.0050483113,-15.4423656464,-12.0242929459,12.7567367554,-0.7108371258,0.6527298689,-0.3601184189,-0.3474227190,0.4802392721,-0.3265480399,0.0527466536,0.2903377414,0.1745202839,0.4413866997,0.6629846692,0.5727252960,-0.1945724189,-15.4423656464,-12.0242929459,12.7567367554,-0.7108371258,0.6527298689,-0.3601184189,-0.3474227190,0.4802392721,-0.3265480399,0.0527466536,0.2903377414,0.1745202839,0.4413866997,0.6629846692,0.5727252960,-0.1945724189,0.0000000000,0.0000000000,0.0000000000,0.0000000000,0.0000000000,0.0000000000,-0.3740348518,0.3647572398,-0.3105563521,0.9851484895,-0.1668849587,-0.0462638736,0.2591124773,0.6771575212,0.1362672299,-0.6752722859,
7031.650,0.1831110567,0.1831110567,0.9155552983,0.0672627985,0.0017090365,-1.0118716955,-0.1539353579,-0.0437025055,-0.4328745306,0.0035405532,0.0056060855,-0.0139111280,0.0315299891,0.0977766067,-0.9948181510,0.0050576278,-14.8319959641,-11.6580705643,13.0008850098,-0.7059541345,0.6559038162,-0.3576769233,-0.3486434519,0.4774315655,-0.3305765092,0.0577204823,0.2889125049,0.1736860275,0.4435193241,0.6633443236,0.5708758831,-0.1939307153,-14.8319959641,-11.6580705643,13.0008850098,-0.7059541345,0.6559038162,-0.3576769233,-0.3486434519,0.4774315655,-0.3305765092,0.0577204823,0.2889125049,0.1736860275,0.4435193241,0.6633443236,0.5708758831,-0.1939307153,0.0000000000,0.0000000000,0.0000000000,0.0000000000,0.0000000000,0.0000000000,-0.3750114441,0.3647572398,-0.3125095367,0.9851485491,-0.1668855399,-0.0462643504,0.2593892515,0.6771016717,0.1365443468,-0.6751661897,
7031.663,0.1831110567,0.1831110567,0.9155552983,0.0668965727,0.0037842952,-1.0097965002,-0.1534470618,-0.0460219122,-0.4416638613,0.0031311288,0.0076852511,-0.0118387341,0.0315511674,0.0978073552,-0.9948144555,0.0050626667,-14.2216253281,-11.3528852463,13.2450332642,-0.6985076666,0.6621295810,-0.3547471464,-0.3496200442,0.4803613424,-0.3303323388,0.0651712418,0.2905542552,0.1734156907,0.4456007779,0.6637476683,0.5690024495,-0.1932835430,-14.2216253281,-11.3528852463,13.2450332642,-0.6985076666,0.6621295810,-0.3547471464,-0.3496200442,0.4803613424,-0.3303323388,0.0651712418,0.2905542552,0.1734156907,0.4456007779,0.6637476683,0.5690024495,-0.1932835430,0.0000000000,0.0000000000,0.0000000000,0.0000000000,0.0000000000,0.0000000000,-0.3735465705,0.3642689288,-0.3066499829,0.9851483107,-0.1668860316,-0.0462645292,0.2596787512,0.6770429611,0.1368342787,-0.6750549674,
7031.676,0.1831110567,0.2441480756,0.9155552983,0.0678731650,0.0013428144,-1.0118716955,-0.1528366953,-0.0441908017,-0.4373912811,0.0040499792,0.0052597462,-0.0139176846,0.0315791070,0.0978168026,-0.9948126078,0.0050737527,-13.4891815186,-10.8035526276,13.8554029465,-0.7030243874,0.6643269062,-0.3554795980,-0.3468123376,0.4791406095,-0.3281350136,0.0605503321,0.2881909609,0.1695981622,0.4476083815,0.6642183065,0.5670946836,-0.1926339716,-13.4891815186,-10.8035526276,13.8554029465,-0.7030243874,0.6643269062,-0.3554795980,-0.3468123376,0.4791406095,-0.3281350136,0.0605503321,0.2881909609,0.1695981622,0.4476083815,0.6642183065,0.5670946836,-0.1926339716,0.0000000000,0.0000000000,0.0000000000,0.0000000000,0.0000000000,0.0000000000,-0.3725699782,0.3623157442,-0.3066499829,0.9851483703,-0.1668865383,-0.0462650657,0.2599620223,0.6769855022,0.1371179819,-0.6749461293,
7031.689,0.1831110567,0.1831110567,0.9155552983,0.0678731650,0.0041505173,-1.0107730627,-0.1512497365,-0.0469985045,-0.4419080317,0.0040028095,0.0080694817,-0.0128220320,0.0316022597,0.0978668332,-0.9948069453,0.0050786687,-13.1839962006,-10.3762931824,14.2826623917,-0.7061983347,0.6672567129,-0.3562120497,-0.3421735168,0.4829249084,-0.3216650784,0.0571835041,0.2865626514,0.1658538878,0.4495774209,0.6647095084,0.5651881695,-0.1919561476,-13.1839962006,-10.3762931824,14.2826623917,-0.7061983347,0.6672567129,-0.3562120497,-0.3421735168,0.4829249084,-0.3216650784,0.0571835041,0.2865626514,0.1658538878,0.4495774209,0.6647095084,0.5651881695,-0.1919561476,0.0000000000,0.0000000000,0.0000000000,0.0000000000,0.0000000000,0.0000000000,-0.3745231628,0.3637806475,-0.2968840599,0.9851481915,-0.1668870598,-0.0462651253,0.2602717280,0.6769224405,0.1374282241,-0.6748268008,
7031.702,0.1220740378,0.1831110567,0.9155552983,0.0684835389,0.0026856288,-1.0117496252,-0.1558885425,-0.0478530228,-0.4311655164,0.0045635700,0.0066032340,-0.0138018131,0.0316268019,0.0979149789,-0.9948013425,0.0050819595,-12.8177738190,-9.8269596100,14.8319959641,-0.7147434950,0.6721396446,-0.3514511585,-0.3469344079,0.4796288908,-0.3288674653,0.0483567715,0.2868772447,0.1676681042,0.4514983296,0.6652674675,0.5632247925,-0.1912841052,-12.8177738190,-9.8269596100,14.8319959641,-0.7147434950,0.6721396446,-0.3514511585,-0.3469344079,0.4796288908,-0.3288674653,0.0483567715,0.2868772447,0.1676681042,0.4514983296,0.6652674675,0.5632247925,-0.1912841052,0.0000000000,0.0000000000,0.0000000000,0.0000000000,0.0000000000,0.0000000000,-0.3740348518,0.3623157442,-0.3105563521,0.9851481915,-0.1668875962,-0.0462655425,0.2605413198,0.6768674850,0.1376982331,-0.6747229099,
7031.715,0.1831110567,0.1220740378,0.9765923023,0.0687276870,0.0045167394,-1.0106509924,-0.1536912173,-0.0455336161,-0.4307992756,0.0047674477,0.0084352596,-0.0127057433,0.0316467173,0.0979350805,-0.9947987199,0.0050850324,-11.9022188187,-8.6062192917,16.1748104095,-0.7055879235,0.6798303127,-0.3430280387,-0.3391216695,0.4826807380,-0.3225196004,0.0569935441,0.2898780704,0.1733460724,0.4533386230,0.6659398079,0.5612081885,-0.1905177534,-11.9022188187,-8.6062192917,16.1748104095,-0.7055879235,0.6798303127,-0.3430280387,-0.3391216695,0.4826807380,-0.3225196004,0.0569935441,0.2898780704,0.1733460724,0.4533386230,0.6659398079,0.5612081885,-0.1905177534,0.0000000000,0.0000000000,0.0000000000,0.0000000000,0.0000000000,0.0000000000,-0.3730582595,0.3593859673,-0.3086031675,0.9851479530,-0.1668880582,-0.0462657809,0.2608068585,0.6768131852,0.1379642338,-0.6746203899,
7031.728,0.1831110567,0.1220740378,0.9765923023,0.0673848689,0.0031739250,-1.0104068518,-0.1508835107,-0.0458998382,-0.4351939559,0.0033910871,0.0070999889,-0.0124638081,0.0316628963,0.0979675576,-0.9947950840,0.0050914693,-11.5359964371,-8.6672563553,16.6020698547,-0.6985076666,0.6843470335,-0.3355815411,-0.3380230069,0.4795068204,-0.3210547268,0.0635016561,0.2896721363,0.1780431867,0.4551701546,0.6666476727,0.5591393113,-0.1897571236,-11.5359964371,-8.6672563553,16.6020698547,-0.6985076666,0.6843470335,-0.3355815411,-0.3380230069,0.4795068204,-0.3210547268,0.0635016561,0.2896721363,0.1780431867,0.4551701546,0.6666476727,0.5591393113,-0.1897571236,0.0000000000,0.0000000000,0.0000000000,0.0000000000,0.0000000000,0.0000000000,-0.3750114441,0.3618274629,-0.3105563521,0.9851480126,-0.1668885946,-0.0462661386,0.2610718012,0.6767589450,0.1382296383,-0.6745180488,
7031.741,0.1831110567,0.1220740378,0.9155552983,0.0668965727,0.0014648885,-1.0105289221,-0.1474654377,-0.0430921353,-0.4382458031,0.0028718337,0.0054062260,-0.0125879049,0.0316775218,0.0979777873,-0.9947934747,0.0051009203,-11.1087369919,-9.0945158005,16.9682903290,-0.6853236556,0.6843470335,-0.3283791542,-0.3383892477,0.4784081578,-0.3242286444,0.0760883093,0.2849298716,0.1824592352,0.4569967985,0.6674008369,0.5569908619,-0.1890362352,-11.1087369919,-9.0945158005,16.9682903290,-0.6853236556,0.6843470335,-0.3283791542,-0.3383892477,0.4784081578,-0.3242286444,0.0760883093,0.2849298716,0.1824592352,0.4569967985,0.6674008369,0.5569908619,-0.1890362352,0.0000000000,0.0000000000,0.0000000000,0.0000000000,0.0000000000,0.0000000000,-0.3742789924,0.3603625596,-0.3086031675,0.9851478934,-0.1668891162,-0.0462664962,0.2613366544,0.6767045856,0.1384949535,-0.6744155884,
7031.754,0.1220740378,0.0610370189,0.9765923023,0.0677510947,0.0036622211,-1.0116275549,-0.1550340354,-0.0437025055,-0.4371471405,0.0037023872,0.0075979759,-0.0136880279,0.0316897929,0.0979676992,-0.9947940707,0.0050989985,-10.7425155640,-11.7191076279,17.3345127106,-0.6455275416,0.6820276380,-0.3150731027,-0.3415631652,0.4797509611,-0.3293557465,0.1154087186,0.2777732015,0.1926611364,0.4589357376,0.6681759357,0.5546634793,-0.1884432584,-10.7425155640,-11.7191076279,17.3345127106,-0.6455275416,0.6820276380,-0.3150731027,-0.3415631652,0.4797509611,-0.3293557465,0.1154087186,0.2777732015,0.1926611364,0.4589357376,0.6681759357,0.5546634793,-0.1884432584,0.0000000000,0.0000000000,0.0000000000,0.0000000000,0.0000000000,0.0000000000,-0.3742789924,0.3593859673,-0.3125095367,0.9851475954,-0.1668895632,-0.0462665558,0.2615876496,0.6766529083,0.1387464255,-0.6743183136,
7031.767,0.1831110567,0.0610370189,0.9155552983,0.0657979101,0.0024414808,-1.0101627111,-0.1541795135,-0.0479750969,-0.4364146888,0.0017344356,0.0063876421,-0.0122241974,0.0316963680,0.0980209634,-0.9947885871,0.0051066019,-10.8035526276,-14.3436994553,17.4565868378,-0.6776329875,0.6889858842,-0.3045747280,-0.3398541212,0.4803613424,-0.3221533895,0.0831069350,0.2799499929,0.1996138692,0.4610297084,0.6688505411,0.5522471666,-0.1880354285,-10.8035526276,-14.3436994553,17.4565868378,-0.6776329875,0.6889858842,-0.3045747280,-0.3398541212,0.4803613424,-0.3221533895,0.0831069350,0.2799499929,0.1996138692,0.4610297084,0.6688505411,0.5522471666,-0.1880354285,0.0000000000,0.0000000000,0.0000000000,0.0000000000,0.0000000000,0.0000000000,-0.3750114441,0.3569445014,-0.3086031675,0.9851476550,-0.1668901294,-0.0462670326,0.2618399262,0.6766009927,0.1389991641,-0.6742205620,
7031.780,0.1220740378,0.0610370189,0.9765923023,0.0655537620,0.0030518509,-1.0097965002,-0.1503952146,-0.0457777642,-0.4348277152,0.0014767200,0.0069953962,-0.0118588209,0.0317030922,0.0980526283,-0.9947852492,0.0051069758,-10.3152561188,-14.9540700912,17.7617721558,-0.6810510755,0.6900845170,-0.3155613840,-0.3337504268,0.4787743688,-0.3223975301,0.0794796944,0.2763245106,0.1850769818,0.4630868435,0.6695721745,0.5497596860,-0.1877003014,-10.3152561188,-14.9540700912,17.7617721558,-0.6810510755,0.6900845170,-0.3155613840,-0.3337504268,0.4787743688,-0.3223975301,0.0794796944,0.2763245106,0.1850769818,0.4630868435,0.6695721745,0.5497596860,-0.1877003014,0.0000000000,0.0000000000,0.0000000000,0.0000000000,0.0000000000,0.0000000000,-0.3733024001,0.3549913168,-0.3105563521,0.9851474762,-0.1668906361,-0.0462672114,0.2620815337,0.6765511036,0.1392412335,-0.6741267443,
7031.793,0.1220740378,0.1220740378,0.9765923023,0.0664082766,0.0015869625,-1.0096743107,-0.1530808508,-0.0444349498,-0.4360484779,0.0023028553,0.0055351467,-0.0117384791,0.0317169800,0.0980575830,-0.9947842956,0.0051108394,-9.3386640549,-15.1371803284,18.5552539825,-0.6870326996,0.6900845170,-0.3277688026,-0.3342387080,0.4776757061,-0.3205664158,0.0732091665,0.2716456354,0.1694095135,0.4650712907,0.6703664660,0.5472125411,-0.1874020696,-9.3386640549,-15.1371803284,18.5552539825,-0.6870326996,0.6900845170,-0.3277688026,-0.3342387080,0.4776757061,-0.3205664158,0.0732091665,0.2716456354,0.1694095135,0.4650712907,0.6703664660,0.5472125411,-0.1874020696,0.0000000000,0.0000000000,0.0000000000,0.0000000000,0.0000000000,0.0000000000,-0.3735465705,0.3618274629,-0.3105563521,0.9851475358,-0.1668911725,-0.0462675691,0.2623408437,0.6764975190,0.1395010650,-0.6740260124,
7031.806,0.1220740378,0.1220740378,0.9765923023,0.0654316843,0.0040284432,-1.0105289221,-0.1528366953,-0.0421155430,-0.4377574921,0.0013031065,0.0079691932,-0.0125945210,0.0317290090,0.0980326235,-0.9947863817,0.0051074815,-8.7893304825,-14.2826623917,18.7383651733,-0.6828821898,0.6944792271,-0.3302102685,-0.3359477520,0.4806054831,-0.3281350136,0.0769338012,0.2713970542,0.1636800766,0.4669586122,0.6712369323,0.5446372628,-0.1870947927,-8.7893304825,-14.2826623917,18.7383651733,-0.6828821898,0.6944792271,-0.3302102685,-0.3359477520,0.4806054831,-0.3281350136,0.0769338012,0.2713970542,0.1636800766,0.4669586122,0.6712369323,0.5446372628,-0.1870947927,0.0000000000,0.0000000000,0.0000000000,0.0000000000,0.0000000000,0.0000000000,-0.3735465705,0.3593859673,-0.3086031675,0.9851473570,-0.1668916494,-0.0462677479,0.2625969350,0.6764444113,0.1397577077,-0.6739263535,
7031.819,0.1831110567,0.1220740378,0.9765923023,0.0651875362,0.0045167394,-1.0107730627,-0.1527146250,-0.0429700613,-0.4377574921,0.0010371953,0.0084583219,-0.0128400922,0.0317398794,0.0980195776,-0.9947873354,0.0051085502,-8.2399978638,-13.1839962006,18.7994022369,-0.6792199612,0.6992400885,-0.3295999169,-0.3348490894,0.4771874249,-0.3217871785,0.0800299644,0.2715618610,0.1611942351,0.4687574506,0.6721342802,0.5421034098,-0.1867334545,-8.2399978638,-13.1839962006,18.7994022369,-0.6792199612,0.6992400885,-0.3295999169,-0.3348490894,0.4771874249,-0.3217871785,0.0800299644,0.2715618610,0.1611942351,0.4687574506,0.6721342802,0.5421034098,-0.1867334545,0.0000000000,0.0000000000,0.0000000000,0.0000000000,0.0000000000,0.0000000000,-0.3747673035,0.3588976860,-0.2968840599,0.9851472378,-0.1668921858,-0.0462681651,0.2628796399,0.6763857007,0.1400410533,-0.6738162637,
7031.832,0.1831110567,0.0610370189,0.9765923023,0.0664082766,0.0064699240,-1.0111392736,-0.1536912173,-0.0423596911,-0.4394665360,0.0022410303,0.0104027055,-0.0132073760,0.0317488611,0.0979954600,-0.9947894216,0.0051042307,-7.2023682594,-10.9256267548,19.4097728729,-0.6917935610,0.7116916180,-0.3274025619,-0.3300881982,0.4770653546,-0.3203222752,0.0666404963,0.2794471383,0.1606462300,0.4703968763,0.6731342673,0.5395905972,-0.1862857193,-7.2023682594,-10.9256267548,19.4097728729,-0.6917935610,0.7116916180,-0.3274025619,-0.3300881982,0.4770653546,-0.3203222752,0.0666404963,0.2794471383,0.1606462300,0.4703968763,0.6731342673,0.5395905972,-0.1862857193,0.0000000000,0.0000000000,0.0000000000,0.0000000000,0.0000000000,0.0000000000,-0.3733024001,0.3569445014,-0.3086031675,0.9851472378,-0.1668927073,-0.0462685823,0.2631263733,0.6763343811,0.1402883083,-0.6737201214,
7031.845,0.1831110567,0.0610370189,0.9155552983,0.0662862062,0.0035401471,-1.0105289221,-0.1563768387,-0.0428479873,-0.4391003251,0.0021025017,0.0074779438,-0.0125980973,0.0317569226,0.0979752168,-0.9947911501,0.0051068906,-6.7140722275,-9.8879966736,20.2032527924,-0.6905728579,0.7174291015,-0.3170262873,-0.3289895356,0.4770653546,-0.3192236125,0.0668807030,0.2805519104,0.1684146821,0.4719820321,0.6741973758,0.5370491147,-0.1857752949,-6.7140722275,-9.8879966736,20.2032527924,-0.6905728579,0.7174291015,-0.3170262873,-0.3289895356,0.4770653546,-0.3192236125,0.0668807030,0.2805519104,0.1684146821,0.4719820321,0.6741973758,0.5370491147,-0.1857752949,0.0000000000,0.0000000000,0.0000000000,0.0000000000,0.0000000000,0.0000000000,-0.3730582595,0.3608508706,-0.3125095367,0.9851469994,-0.1668931991,-0.0462685823,0.2633730471,0.6762828827,0.1405355483,-0.6736237407,
7031.858,0.1831110567,0.1220740378,0.9155552983,0.0661641285,0.0032959990,-1.0108951330,-0.1539353579,-0.0430921353,-0.4455702305,0.0019541308,0.0072400011,-0.0129659772,0.0317697786,0.0979636833,-0.9947918653,0.0051109036,-6.2257757187,-9.3997011185,21.0577716827,-0.6853236556,0.7210913301,-0.3084810972,-0.3277688026,0.4782860875,-0.3177587092,0.0710173249,0.2795065045,0.1744299531,0.4735362232,0.6753168702,0.5344588161,-0.1852239668,-6.2257757187,-9.3997011185,21.0577716827,-0.6853236556,0.7210913301,-0.3084810972,-0.3277688026,0.4782860875,-0.3177587092,0.0710173249,0.2795065045,0.1744299531,0.4735362232,0.6753168702,0.5344588161,-0.1852239668,0.0000000000,0.0000000000,0.0000000000,0.0000000000,0.0000000000,0.0000000000,-0.3715933859,0.3559679091,-0.3125095367,0.9851469398,-0.1668937504,-0.0462689996,0.2636058033,0.6762343049,0.1407687962,-0.6735328436,
7031.871,0.1831110567,0.1220740378,0.9155552983,0.0655537620,0.0012207404,-1.0101627111,-0.1577196568,-0.0437025055,-0.4397106767,0.0013203770,0.0051811649,-0.0122351646,0.0317806974,0.0979502201,-0.9947928190,0.0051197982,-5.4322948456,-9.7048864365,22.4005851746,-0.6704306006,0.7260963917,-0.3009124994,-0.3289895356,0.4779198468,-0.3211767972,0.0846678019,0.2796643376,0.1794810891,0.4750784338,0.6765421629,0.5317246318,-0.1846718639,-5.4322948456,-9.7048864365,22.4005851746,-0.6704306006,0.7260963917,-0.3009124994,-0.3289895356,0.4779198468,-0.3211767972,0.0846678019,0.2796643376,0.1794810891,0.4750784338,0.6765421629,0.5317246318,-0.1846718639,0.0000000000,0.0000000000,0.0000000000,0.0000000000,0.0000000000,0.0000000000,-0.3735465705,0.3559679091,-0.3086031675,0.9851467609,-0.1668942273,-0.0462692976,0.2638459206,0.6761839986,0.1410094798,-0.6734389067,
7031.884,0.1831110567,0.1831110567,0.9765923023,0.0661641285,0.0025635548,-1.0111392736,-0.1530808508,-0.0460219122,-0.4369029701,0.0018941835,0.0065343832,-0.0132141113,0.0317982696,0.0979760364,-0.9947896600,0.0051275990,-5.1881465912,-10.0100708008,22.9499187469,-0.6653035283,0.7292702794,-0.3024994731,-0.3259376884,0.4792626798,-0.3200781345,0.0884912610,0.2779538035,0.1753718555,0.4766152799,0.6777969003,0.5289332867,-0.1841255277,-5.1881465912,-10.0100708008,22.9499187469,-0.6653035283,0.7292702794,-0.3024994731,-0.3259376884,0.4792626798,-0.3200781345,0.0884912610,0.2779538035,0.1753718555,0.4766152799,0.6777969003,0.5289332867,-0.1841255277,0.0000000000,0.0000000000,0.0000000000,0.0000000000,0.0000000000,0.0000000000,-0.3735465705,0.3569445014,-0.3125095367,0.9851467609,-0.1668947935,-0.0462695956,0.2640778422,0.6761354208,0.1412419379,-0.6733481288,
7031.897,0.1831110567,0.1831110567,0.9155552983,0.0677510947,0.0029297769,-1.0105289221,-0.1564989239,-0.0452894680,-0.4348277152,0.0034367368,0.0069084638,-0.0126066208,0.0318199545,0.0979874432,-0.9947878122,0.0051340591,-5.0660724640,-10.4373302460,23.6213264465,-0.6585894227,0.7302469015,-0.3037202060,-0.3267922103,0.4797509611,-0.3202002048,0.0938403606,0.2739846706,0.1716004610,0.4781604409,0.6790794134,0.5260750651,-0.1835817844,-5.0660724640,-10.4373302460,23.6213264465,-0.6585894227,0.7302469015,-0.3037202060,-0.3267922103,0.4797509611,-0.3202002048,0.0938403606,0.2739846706,0.1716004610,0.4781604409,0.6790794134,0.5260750651,-0.1835817844,0.0000000000,0.0000000000,0.0000000000,0.0000000000,0.0000000000,0.0000000000,-0.3725699782,0.3569445014,-0.3066499829,0.9851466417,-0.1668952852,-0.0462698340,0.2643238008,0.6760837436,0.1414885074,-0.6732516885,
7031.910,0.1831110567,0.1220740378,0.9155552983,0.0660420582,0.0023194067,-1.0118716955,-0.1535691470,-0.0438245796,-0.4322641790,0.0017029867,0.0063089482,-0.0139510632,0.0318317302,0.0979892462,-0.9947872162,0.0051407353,-5.6764426231,-14.8930330276,25.4524364471,-0.6288033724,0.7322000861,-0.2830896974,-0.3222754598,0.4795068204,-0.3200781345,0.1224159002,0.2706239223,0.1890058517,0.4799974859,0.6803564429,0.5228828192,-0.1831792742,-5.6764426231,-14.8930330276,25.4524364471,-0.6288033724,0.7322000861,-0.2830896974,-0.3222754598,0.4795068204,-0.3200781345,0.1224159002,0.2706239223,0.1890058517,0.4799974859,0.6803564429,0.5228828192,-0.1831792742,0.0000000000,0.0000000000,0.0000000000,0.0000000000,0.0000000000,0.0000000000,-0.3747673035,0.3598742783,-0.3066499829,0.9851466417,-0.1668957770,-0.0462703109,0.2645753920,0.6760308146,0.1417407542,-0.6731530428,
7031.923,0.1831110567,0.1220740378,0.9155552983,0.0657979101,0.0019531846,-1.0094301701,-0.1539353579,-0.0430921353,-0.4351939559,0.0014346689,0.0059553147,-0.0115111470,0.0318432078,0.0979795605,-0.9947877526,0.0051478804,-6.2868127823,-19.2876987457,26.4900665283,-0.6084170341,0.7323221564,-0.2793053985,-0.3223975301,0.4756004512,-0.3173924983,0.1417881846,0.2652236819,0.1889575720,0.4820780456,0.6815870404,0.5194364190,-0.1829461604,-6.2868127823,-19.2876987457,26.4900665283,-0.6084170341,0.7323221564,-0.2793053985,-0.3223975301,0.4756004512,-0.3173924983,0.1417881846,0.2652236819,0.1889575720,0.4820780456,0.6815870404,0.5194364190,-0.1829461604,0.0000000000,0.0000000000,0.0000000000,0.0000000000,0.0000000000,0.0000000000,-0.3713492155,0.3579210937,-0.3105563521,0.9851463437,-0.1668962389,-0.0462704301,0.2648124099,0.6759807467,0.1419784129,-0.6730598807,
7031.936,0.1831110567,0.1220740378,0.9155552983,0.0668965727,0.0032959990,-1.0108951330,-0.1530808508,-0.0445570238,-0.4399548471,0.0025043488,0.0073040416,-0.0129780173,0.0318573043,0.0979904011,-0.9947862029,0.0051525957,-7.0802941322,-24.5368824005,27.5276947021,-0.5837580562,0.7281716466,-0.2844325006,-0.3189794719,0.4760887623,-0.3202002048,0.1656655073,0.2553423047,0.1793112755,0.4844186306,0.6827821732,0.5156784058,-0.1829390973,-7.0802941322,-24.5368824005,27.5276947021,-0.5837580562,0.7281716466,-0.2844325006,-0.3189794719,0.4760887623,-0.3202002048,0.1656655073,0.2553423047,0.1793112755,0.4844186306,0.6827821732,0.5156784058,-0.1829390973,0.0000000000,0.0000000000,0.0000000000,0.0000000000,0.0000000000,0.0000000000,-0.3750114441,0.3593859673,-0.3105563521,0.9851463437,-0.1668967307,-0.0462708473,0.2650502026,0.6759305596,0.1422168463,-0.6729664207,
7031.949,0.1831110567,0.1831110567,0.9155552983,0.0677510947,0.0047608875,-1.0113834143,-0.1535691470,-0.0435804315,-0.4359263778,0.0033153594,0.0087675964,-0.0134691000,0.0318790637,0.0979880020,-0.9947857261,0.0051539945,-11.3528852463,-41.7493209839,29.6639919281,-0.4447157085,0.6959440708,-0.2758873403,-0.3181249499,0.4779198468,-0.3162938356,0.3047398031,0.2164695263,0.1809336841,0.4877824485,0.6837061048,0.5110775828,-0.1834605336,-11.3528852463,-41.7493209839,29.6639919281,-0.4447157085,0.6959440708,-0.2758873403,-0.3181249499,0.4779198468,-0.3162938356,0.3047398031,0.2164695263,0.1809336841,0.4877824485,0.6837061048,0.5110775828,-0.1834605336,0.0000000000,0.0000000000,0.0000000000,0.0000000000,0.0000000000,0.0000000000,-0.3713492155,0.3613391519,-0.3086031675,0.9851460457,-0.1668972373,-0.0462708473,0.2652992010,0.6758778095,0.1424665451,-0.6728683114,
7031.962,0.1831110567,0.1220740378,0.9155552983,0.0678731650,0.0061037019,-1.0104068518,-0.1518601030,-0.0444349498,-0.4337290525,0.0034038499,0.0101024359,-0.0124946833,0.0318961143,0.0980026424,-0.9947837591,0.0051521449,-16.1748104095,-59.9383544922,30.5185089111,-0.3469344079,0.6754356623,-0.2345042229,-0.3197118938,0.4756004512,-0.3258156180,0.4035864174,0.1885173917,0.2125970721,0.4922685027,0.6842662096,0.5055442452,-0.1847188920,-16.1748104095,-59.9383544922,30.5185089111,-0.3469344079,0.6754356623,-0.2345042229,-0.3197118938,0.4756004512,-0.3258156180,0.4035864174,0.1885173917,0.2125970721,0.4922685027,0.6842662096,0.5055442452,-0.1847188920,0.0000000000,0.0000000000,0.0000000000,0.0000000000,0.0000000000,0.0000000000,-0.3740348518,0.3588976860,-0.3105563521,0.9851461649,-0.1668978035,-0.0462713838,0.2655337751,0.6758281589,0.1427017450,-0.6727759838,
7031.975,0.1831110567,0.1220740378,0.8545182943,0.0650654659,0.0070802942,-1.0113834143,-0.1544236541,-0.0461439863,-0.4361705482,0.0005768090,0.0110656135,-0.0134724379,0.0319062360,0.0980361924,-0.9947801828,0.0051474944,-22.4005851746,-84.7193832397,31.1288795471,-0.3071382940,0.6684774160,-0.1877498776,-0.3188574016,0.4749900699,-0.3165379763,0.4460673034,0.1733915806,0.2456658930,0.4982839823,0.6841271520,0.4989220202,-0.1870967299,-22.4005851746,-84.7193832397,31.1288795471,-0.3071382940,0.6684774160,-0.1877498776,-0.3188574016,0.4749900699,-0.3165379763,0.4460673034,0.1733915806,0.2456658930,0.4982839823,0.6841271520,0.4989220202,-0.1870967299,0.0000000000,0.0000000000,0.0000000000,0.0000000000,0.0000000000,0.0000000000,-0.3737907112,0.3593859673,-0.3066499829,0.9851460457,-0.1668982804,-0.0462716818,0.2657783926,0.6757761836,0.1429470778,-0.6726794839,
7031.988,0.1220740378,0.0610370189,0.6714072227,0.0601825006,0.0042725913,-1.0095522404,-0.1502731442,-0.0428479873,-0.4401989877,-0.0042914264,0.0082456879,-0.0116402507,0.0318994001,0.0980539098,-0.9947786927,0.0051412531,-36.1339149475,-139.4695892334,32.6548042297,-0.1905575693,0.6534623504,-0.1617480963,-0.3151951730,0.4743797183,-0.3172704279,0.5685282946,0.1486112475,0.2495981008,0.5074557662,0.6826394200,0.4898206592,-0.1918738186,-36.1339149475,-139.4695892334,32.6548042297,-0.1905575693,0.6534623504,-0.1617480963,-0.3151951730,0.4743797183,-0.3172704279,0.5685282946,0.1486112475,0.2495981008,0.5074557662,0.6826394200,0.4898206592,-0.1918738186,0.0000000000,0.0000000000,0.0000000000,0.0000000000,0.0000000000,0.0000000000,-0.3742789924,0.3579210937,-0.3086031675,0.9851459265,-0.1668987721,-0.0462719202,0.2660124898,0.6757263541,0.1431818604,-0.6725870371,
7032.001,0.1220740378,0.0610370189,0.6714072227,0.0607928708,0.0025635548,-1.0105289221,-0.1525925547,-0.0428479873,-0.4388561547,-0.0036690980,0.0065329536,-0.0126161575,0.0318935700,0.0980648324,-0.9947777390,0.0051391749,-43.4583587646,-167.1193542480,34.6690254211,-0.5697195530,0.7247535586,-0.0163579211,-0.3184911609,0.4745017886,-0.3131199181,0.1976135969,0.2105225325,0.3671447039,0.5184077024,0.6797918677,0.4794623554,-0.1987514347,-43.4583587646,-167.1193542480,34.6690254211,-0.5697195530,0.7247535586,-0.0163579211,-0.3184911609,0.4745017886,-0.3131199181,0.1976135969,0.2105225325,0.3671447039,0.5184077024,0.6797918677,0.4794623554,-0.1987514347,0.0000000000,0.0000000000,0.0000000000,0.0000000000,0.0000000000,0.0000000000,-0.3747673035,0.3603625596,-0.2949308753,0.9851457477,-0.1668992937,-0.0462721586,0.2662869990,0.6756678224,0.1434572339,-0.6724784970,
7032.014,0.0610370189,-0.0610370189,0.6714072227,0.0637226477,-0.0078127384,-1.0083315372,-0.1518601030,-0.0443128757,-0.4345835745,-0.0007212758,-0.0038062977,-0.0104177594,0.0318825878,0.0980973020,-0.9947749376,0.0051577659,-44.1908035278,-169.9880981445,39.0636940002,-0.4432508349,0.7341532707,-0.1424604058,-0.3164159060,0.4737693369,-0.3132419884,0.3306173682,0.2098519802,0.2132900655,0.5291333795,0.6772068143,0.4685255587,-0.2052867413,-44.1908035278,-169.9880981445,39.0636940002,-0.4432508349,0.7341532707,-0.1424604058,-0.3164159060,0.4737693369,-0.3132419884,0.3306173682,0.2098519802,0.2132900655,0.5291333795,0.6772068143,0.4685255587,-0.2052867413,0.0000000000,0.0000000000,0.0000000000,0.0000000000,0.0000000000,0.0000000000,-0.3733024001,0.3618274629,-0.2968840599,0.9851458073,-0.1668998599,-0.0462726951,0.2665598989,0.6756095886,0.1437310129,-0.6723705530,
7032.027,0.0610370189,0.0000000000,0.8545182943,0.0676290169,-0.0098879971,-1.0077211857,-0.1529587656,-0.0449232459,-0.4353160262,0.0031731203,-0.0058323522,-0.0098083615,0.0318860374,0.0981176868,-0.9947726130,0.0051835030,-35.5235443115,-148.1978759766,48.4633941650,-1.1595813036,0.9632862210,-0.0610370189,-0.3129978478,0.4752342403,-0.3193456829,-0.3811529279,0.4295489192,0.2698811293,0.5384413600,0.6752843857,0.4579290748,-0.2112387568,-35.5235443115,-148.1978759766,48.4633941650,-1.1595813036,0.9632862210,-0.0610370189,-0.3129978478,0.4752342403,-0.3193456829,-0.3811529279,0.4295489192,0.2698811293,0.5384413600,0.6752843857,0.4579290748,-0.2112387568,0.0000000000,0.0000000000,0.0000000000,0.0000000000,0.0000000000,0.0000000000,-0.3733024001,0.3618274629,-0.2968840599,0.9851455092,-0.1669003516,-0.0462727547,0.2668313682,0.6755514145,0.1440033764,-0.6722629070,
7032.040,0.0610370189,0.0610370189,1.0376293659,0.0711691678,-0.0139164403,-1.0091860294,-0.1488082558,-0.0472426526,-0.4378795624,0.0066739023,-0.0097899381,-0.0112760067,0.0319019295,0.0981646255,-0.9947672486,0.0052222186,-26.5511035919,-112.3081130981,47.3647270203,-0.9308145642,0.9262977839,-0.2065492719,-0.3151951730,0.4724265337,-0.3169042170,-0.1508247256,0.3837081194,0.1057838053,0.5454292297,0.6745290160,0.4488029182,-0.2152682543,-26.5511035919,-112.3081130981,47.3647270203,-0.9308145642,0.9262977839,-0.2065492719,-0.3151951730,0.4724265337,-0.3169042170,-0.1508247256,0.3837081194,0.1057838053,0.5454292297,0.6745290160,0.4488029182,-0.2152682543,0.0000000000,0.0000000000,0.0000000000,0.0000000000,0.0000000000,0.0000000000,-0.3728141189,0.3652455211,-0.3105563521,0.9851455688,-0.1669009030,-0.0462732911,0.2670763135,0.6754989028,0.1442490965,-0.6721658111,
7032.053,0.0610370189,0.1831110567,1.2207404375,0.0742210150,0.0041505173,-1.0145573616,-0.1525925547,-0.0476088747,-0.4364146888,0.0096523315,0.0082603619,-0.0166520476,0.0319392011,0.0981889442,-0.9947637916,0.0052183229,-24.7810287476,-97.6592330933,41.8713951111,-0.9516891837,0.9282509685,-0.1757866144,-0.3143406510,0.4735251963,-0.3261818290,-0.1707686782,0.3777930737,0.1200276613,0.5515360236,0.6738445759,0.4405529201,-0.2188627273,-24.7810287476,-97.6592330933,41.8713951111,-0.9516891837,0.9282509685,-0.1757866144,-0.3143406510,0.4735251963,-0.3261818290,-0.1707686782,0.3777930737,0.1200276613,0.5515360236,0.6738445759,0.4405529201,-0.2188627273,0.0000000000,0.0000000000,0.0000000000,0.0000000000,0.0000000000,0.0000000000,-0.3723258078,0.3637806475,-0.3066499829,0.9851454496,-0.1669014096,-0.0462735891,0.2673260868,0.6754451990,0.1444996893,-0.6720666289,
7032.066,0.0000000000,0.1220740378,1.1597033739,0.0770287216,0.0135502182,-1.0163884163,-0.1519821733,-0.0455336161,-0.4361705482,0.0123845488,0.0175860897,-0.0184876919,0.0319804288,0.0981940478,-0.9947619438,0.0051853848,-18.5552539825,-69.3380508423,31.7392501831,-0.8308358788,0.8745384216,-0.1424604058,-0.3115329444,0.4745017886,-0.3193456829,-0.0498417020,0.3178592324,0.1412769556,0.5559519529,0.6735703945,0.4340695143,-0.2214695364,-18.5552539825,-69.3380508423,31.7392501831,-0.8308358788,0.8745384216,-0.1424604058,-0.3115329444,0.4745017886,-0.3193456829,-0.0498417020,0.3178592324,0.1412769556,0.5559519529,0.6735703945,0.4340695143,-0.2214695364,0.0000000000,0.0000000000,0.0000000000,0.0000000000,0.0000000000,0.0000000000,-0.3737907112,0.3618274629,-0.3066499829,0.9851450920,-0.1669018865,-0.0462736487,0.2675683200,0.6753929853,0.1447427571,-0.6719702482,
7032.079,0.0000000000,0.0000000000,0.9155552983,0.0800805688,0.0163579211,-1.0150456429,-0.1508835107,-0.0462660603,-0.4342173636,0.0153669044,0.0203035884,-0.0171490312,0.0320192724,0.0982345492,-0.9947570562,0.0051452084,-14.4047365189,-54.1398353577,29.3588066101,-0.7586901188,0.8357188702,-0.1109653041,-0.3134861290,0.4727927446,-0.3254493773,0.0216517448,0.2733156681,0.1631225944,0.5594764352,0.6736905575,0.4282866120,-0.2234774530,-14.4047365189,-54.1398353577,29.3588066101,-0.7586901188,0.8357188702,-0.1109653041,-0.3134861290,0.4727927446,-0.3254493773,0.0216517448,0.2733156681,0.1631225944,0.5594764352,0.6736905575,0.4282866120,-0.2234774530,0.0000000000,0.0000000000,0.0000000000,0.0000000000,0.0000000000,0.0000000000,-0.3740348518,0.3628040552,-0.2968840599,0.9851452112,-0.1669024378,-0.0462740660,0.2678369582,0.6753351092,0.1450123340,-0.6718633771,
7032.092,0.0000000000,-0.2441480756,0.7324442267,0.0805688649,0.0086672567,-1.0123599768,-0.1517380327,-0.0439466536,-0.4334849119,0.0158250406,0.0125587862,-0.0144651532,0.0320368409,0.0982576758,-0.9947542548,0.0051204907,-10.3152561188,-39.9182090759,28.5653247833,-0.6942350268,0.8137455583,-0.0863063484,-0.3072603643,0.4721823931,-0.3223975301,0.0846750140,0.2458495498,0.1804354042,0.5622179508,0.6742359400,0.4231085479,-0.2248112112,-10.3152561188,-39.9182090759,28.5653247833,-0.6942350268,0.8137455583,-0.0863063484,-0.3072603643,0.4721823931,-0.3223975301,0.0846750140,0.2458495498,0.1804354042,0.5622179508,0.6742359400,0.4231085479,-0.2248112112,0.0000000000,0.0000000000,0.0000000000,0.0000000000,0.0000000000,0.0000000000,-0.3725699782,0.3603625596,-0.2910245061,0.9851450920,-0.1669029891,-0.0462744236,0.2681138515,0.6752752662,0.1452902406,-0.6717530489,
7032.105,0.0610370189,-0.3662221134,0.7324442267,0.0778832361,0.0058595538,-1.0105289221,-0.1518601030,-0.0441908017,-0.4306772053,0.0131431371,0.0097216275,-0.0126337409,0.0320362970,0.0982844979,-0.9947516918,0.0051065087,-3.7842950821,-19.5318470001,29.0536212921,-0.5984069109,0.8155766726,-0.0185552537,-0.3079927862,0.4693746865,-0.3204443455,0.1778619289,0.2421514988,0.2440278828,0.5639499426,0.6754921079,0.4186236858,-0.2250975370,-3.7842950821,-19.5318470001,29.0536212921,-0.5984069109,0.8155766726,-0.0185552537,-0.3079927862,0.4693746865,-0.3204443455,0.1778619289,0.2421514988,0.2440278828,0.5639499426,0.6754921079,0.4186236858,-0.2250975370,0.0000000000,0.0000000000,0.0000000000,0.0000000000,0.0000000000,0.0000000000,-0.3742789924,0.3618274629,-0.3066499829,0.9851450920,-0.1669035256,-0.0462747812,0.2683518529,0.6752237678,0.1455290765,-0.6716581583,
7032.118,0.0610370189,-0.4882961512,0.7934812307,0.0705587938,0.0012207404,-1.0110172033,-0.1485641003,-0.0458998382,-0.4321421087,0.0058798492,0.0050770952,-0.0131180286,0.0320058241,0.0983385444,-0.9947474599,0.0051023844,-1.4038513899,-14.2826623917,29.4198436737,-0.5799737573,0.8167973757,-0.0074465163,-0.3076265752,0.4694967568,-0.3182470202,0.1933056712,0.2378870249,0.2519041598,0.5653653741,0.6769595742,0.4143004119,-0.2251369357,-1.4038513899,-14.2826623917,29.4198436737,-0.5799737573,0.8167973757,-0.0074465163,-0.3076265752,0.4694967568,-0.3182470202,0.1933056712,0.2378870249,0.2519041598,0.5653653741,0.6769595742,0.4143004119,-0.2251369357,0.0000000000,0.0000000000,0.0000000000,0.0000000000,0.0000000000,0.0000000000,-0.3713492155,0.3623157442,-0.2949308753,0.9851449728,-0.1669040322,-0.0462750793,0.2686218023,0.6751651764,0.1458000541,-0.6715503335,
7032.131,0.1220740378,-0.4272591472,0.9155552983,0.0604266487,0.0014648885,-1.0089418888,-0.1507614404,-0.0467543565,-0.4370250702,-0.0041527487,0.0053263349,-0.0110362768,0.0319557376,0.0983847007,-0.9947443604,0.0051014903,0.6103702188,-11.2918481827,29.6639919281,-0.5824152231,0.8242439032,-0.0080568865,-0.3034760654,0.4716940820,-0.3220313191,0.1876769066,0.2399483323,0.2486900091,0.5665400028,0.6785786152,0.4100586772,-0.2250754684,0.6103702188,-11.2918481827,29.6639919281,-0.5824152231,0.8242439032,-0.0080568865,-0.3034760654,0.4716940820,-0.3220313191,0.1876769066,0.2399483323,0.2486900091,0.5665400028,0.6785786152,0.4100586772,-0.2250754684,0.0000000000,0.0000000000,0.0000000000,0.0000000000,0.0000000000,0.0000000000,-0.3715933859,0.3603625596,-0.2949308753,0.9851447940,-0.1669045389,-0.0462753177,0.2688848972,0.6751079559,0.1460641474,-0.6714451313,
7032.144,0.1220740378,-0.3051851094,0.9765923023,0.0546891689,0.0035401471,-1.0082094669,-0.1513718069,-0.0461439863,-0.4337290525,-0.0097843483,0.0073970407,-0.0102970004,0.0319030359,0.0984164849,-0.9947430491,0.0050950157,4.1505174637,-7.1413311958,29.6639919281,-0.5793634057,0.8430433273,-0.0207525864,-0.3006683588,0.4703512788,-0.3217871785,0.1872802377,0.2535316944,0.2343880534,0.5673260689,0.6804610491,0.4059394598,-0.2248795331,4.1505174637,-7.1413311958,29.6639919281,-0.5793634057,0.8430433273,-0.0207525864,-0.3006683588,0.4703512788,-0.3217871785,0.1872802377,0.2535316944,0.2343880534,0.5673260689,0.6804610491,0.4059394598,-0.2248795331,0.0000000000,0.0000000000,0.0000000000,0.0000000000,0.0000000000,0.0000000000,-0.3715933859,0.3598742783,-0.2910245061,0.9851447940,-0.1669051051,-0.0462757349,0.2691557109,0.6750490069,0.1463360190,-0.6713367701,
7032.157,0.1220740378,-0.1220740378,0.9155552983,0.0544450209,0.0029297769,-1.0083315372,-0.1513718069,-0.0427259132,-0.4344615042,-0.0099538118,0.0067844572,-0.0104142427,0.0318659768,0.0984083116,-0.9947450161,0.0050899647,5.4933319092,-5.7374796867,28.8705101013,-0.5721610188,0.8506119251,-0.0280770287,-0.3027436137,0.4696188271,-0.3178808093,0.1909964681,0.2560668588,0.2258333266,0.5679498315,0.6824011207,0.4019050300,-0.2246726453,5.4933319092,-5.7374796867,28.8705101013,-0.5721610188,0.8506119251,-0.0280770287,-0.3027436137,0.4696188271,-0.3178808093,0.1909964681,0.2560668588,0.2258333266,0.5679498315,0.6824011207,0.4019050300,-0.2246726453,0.0000000000,0.0000000000,0.0000000000,0.0000000000,0.0000000000,0.0000000000,-0.3740348518,0.3593859673,-0.2968840599,0.9851444960,-0.1669055372,-0.0462757945,0.2694067657,0.6749941111,0.1465880722,-0.6712360978,
7032.170,0.1831110567,0.0610370189,0.9155552983,0.0509048738,0.0026856288,-1.0068666935,-0.1492965519,-0.0463881344,-0.4380016625,-0.0134344511,0.0065499227,-0.0089455843,0.0318356156,0.0984543860,-0.9947413802,0.0050932863,6.4088869095,-4.3946652412,27.7108058929,-0.5627613068,0.8526871800,-0.0366222113,-0.2968840599,0.4685201645,-0.3182470202,0.1969198585,0.2533243895,0.2163857371,0.5684288144,0.6843676567,0.3979807794,-0.2244653702,6.4088869095,-4.3946652412,27.7108058929,-0.5627613068,0.8526871800,-0.0366222113,-0.2968840599,0.4685201645,-0.3182470202,0.1969198585,0.2533243895,0.2163857371,0.5684288144,0.6843676567,0.3979807794,-0.2244653702,0.0000000000,0.0000000000,0.0000000000,0.0000000000,0.0000000000,0.0000000000,-0.3713492155,0.3559679091,-0.2949308753,0.9851444960,-0.1669061035,-0.0462762713,0.2696538866,0.6749401093,0.1468361318,-0.6711370349,
7032.183,0.1831110567,0.1831110567,0.9155552983,0.0509048738,0.0029297769,-1.0068666935,-0.1495406926,-0.0450453199,-0.4336069822,-0.0133965053,0.0068024117,-0.0089432001,0.0318161547,0.0984828323,-0.9947391748,0.0050964742,7.0802941322,-2.9908139706,24.6589565277,-0.5334635377,0.8371837735,-0.0449232459,-0.2983489633,0.4624164701,-0.3208105862,0.2229291201,0.2334306240,0.2074984312,0.5687332153,0.6863081455,0.3942534029,-0.2243472338,7.0802941322,-2.9908139706,24.6589565277,-0.5334635377,0.8371837735,-0.0449232459,-0.2983489633,0.4624164701,-0.3208105862,0.2229291201,0.2334306240,0.2074984312,0.5687332153,0.6863081455,0.3942534029,-0.2243472338,0.0000000000,0.0000000000,0.0000000000,0.0000000000,0.0000000000,0.0000000000,-0.3713492155,0.3588976860,-0.2968840599,0.9851443768,-0.1669066101,-0.0462765694,0.2699026763,0.6748855710,0.1470859200,-0.6710371375,
7032.196,0.1831110567,0.3662221134,0.9155552983,0.0557878353,0.0042725913,-1.0088198185,-0.1510055810,-0.0465102084,-0.4366588295,-0.0085313134,0.0081469007,-0.0108974576,0.0318247080,0.0985248908,-0.9947348237,0.0050995303,6.7751092911,-3.1739249229,22.9499187469,-0.5175939202,0.8308358788,-0.0478530228,-0.2984710336,0.4663228393,-0.3162938356,0.2356542945,0.2229090333,0.2039538920,0.5690278411,0.6881508827,0.3906347454,-0.2242851853,6.7751092911,-3.1739249229,22.9499187469,-0.5175939202,0.8308358788,-0.0478530228,-0.2984710336,0.4663228393,-0.3162938356,0.2356542945,0.2229090333,0.2039538920,0.5690278411,0.6881508827,0.3906347454,-0.2242851853,0.0000000000,0.0000000000,0.0000000000,0.0000000000,0.0000000000,0.0000000000,-0.3720816672,0.3608508706,-0.2949308753,0.9851443172,-0.1669071764,-0.0462769866,0.2701603174,0.6748290658,0.1473446190,-0.6709336042,
7032.209,0.1831110567,0.4272591472,0.9155552983,0.0593279824,0.0037842952,-1.0097965002,-0.1507614404,-0.0446790978,-0.4386120141,-0.0050366297,0.0076627084,-0.0118770599,0.0318470672,0.0985428467,-0.9947321415,0.0051043965,6.1037020683,-3.9063692093,20.9967346191,-0.4983062148,0.8221686482,-0.0439466536,-0.2944425941,0.4637592733,-0.3187353015,0.2519940734,0.2102839351,0.2070743442,0.5693516731,0.6898718476,0.3870800436,-0.2243394405,6.1037020683,-3.9063692093,20.9967346191,-0.4983062148,0.8221686482,-0.0439466536,-0.2944425941,0.4637592733,-0.3187353015,0.2519940734,0.2102839351,0.2070743442,0.5693516731,0.6898718476,0.3870800436,-0.2243394405,0.0000000000,0.0000000000,0.0000000000,0.0000000000,0.0000000000,0.0000000000,-0.3745231628,0.3618274629,-0.2910245061,0.9851440191,-0.1669076532,-0.0462771058,0.2704282105,0.6747700572,0.1476136595,-0.6708257198,
7032.222,0.1831110567,0.4272591472,0.9155552983,0.0639667958,0.0029297769,-1.0102847815,-0.1508835107,-0.0483413190,-0.4365367591,-0.0004657879,0.0068165190,-0.0123698115,0.0318801813,0.0986086726,-0.9947247505,0.0051140110,4.0284433365,-7.8127384186,17.3955497742,-0.5091708302,0.8371837735,-0.0222174749,-0.2920010984,0.4640034139,-0.3183690906,0.2387552857,0.2217385769,0.2271810472,0.5698968768,0.6912406087,0.3835745454,-0.2247627079,4.0284433365,-7.8127384186,17.3955497742,-0.5091708302,0.8371837735,-0.0222174749,-0.2920010984,0.4640034139,-0.3183690906,0.2387552857,0.2217385769,0.2271810472,0.5698968768,0.6912406087,0.3835745454,-0.2247627079,0.0000000000,0.0000000000,0.0000000000,0.0000000000,0.0000000000,0.0000000000,-0.3740348518,0.3574327826,-0.2949308753,0.9851440191,-0.1669081599,-0.0462775230,0.2706725895,0.6747162342,0.1478590518,-0.6707273126,
7032.235,0.1831110567,0.4272591472,0.9765923023,0.0765404254,0.0021973327,-1.0113834143,-0.1507614404,-0.0462660603,-0.4373912811,0.0119788796,0.0060966951,-0.0134767890,0.0319436528,0.0986416638,-0.9947192073,0.0051277350,3.2349619865,-9.3386640549,16.3579216003,-0.5156407356,0.8486587405,-0.0236823633,-0.2878505886,0.4659565985,-0.3223975301,0.2300778031,0.2297803760,0.2238257825,0.5705087185,0.6924928427,0.3800677359,-0.2253125310,3.2349619865,-9.3386640549,16.3579216003,-0.5156407356,0.8486587405,-0.0236823633,-0.2878505886,0.4659565985,-0.3223975301,0.2300778031,0.2297803760,0.2238257825,0.5705087185,0.6924928427,0.3800677359,-0.2253125310,0.0000000000,0.0000000000,0.0000000000,0.0000000000,0.0000000000,0.0000000000,-0.3745231628,0.3613391519,-0.2949308753,0.9851440787,-0.1669087112,-0.0462780595,0.2709262073,0.6746603251,0.1481137574,-0.6706250906,
7032.248,0.2441480756,0.4272591472,1.0376293659,0.0804467946,0.0020752586,-1.0128482580,-0.1512497365,-0.0463881344,-0.4383678734,0.0157383382,0.0059991432,-0.0149512291,0.0320155025,0.0986688733,-0.9947142005,0.0051480876,2.4414808750,-10.3762931824,15.6254768372,-0.5244300961,0.8561052084,-0.0250251777,-0.2898037732,0.4637592733,-0.3191015422,0.2192056775,0.2338944077,0.2203871012,0.5711743832,0.6936447620,0.3765722215,-0.2259506136,2.4414808750,-10.3762931824,15.6254768372,-0.5244300961,0.8561052084,-0.0250251777,-0.2898037732,0.4637592733,-0.3191015422,0.2192056775,0.2338944077,0.2203871012,0.5711743832,0.6936447620,0.3765722215,-0.2259506136,0.0000000000,0.0000000000,0.0000000000,0.0000000000,0.0000000000,0.0000000000,-0.3750114441,0.3628040552,-0.2968840599,0.9851437807,-0.1669091880,-0.0462781191,0.2711771131,0.6746047735,0.1483657807,-0.6705237031,
7032.261,0.2441480756,0.3051851094,1.0986663103,0.0805688649,0.0028077029,-1.0133365393,-0.1514938772,-0.0479750969,-0.4328745306,0.0157351717,0.0067531005,-0.0154477358,0.0320766233,0.0987117216,-0.9947077036,0.0051663797,1.2207404375,-11.2308111191,14.1605882645,-0.5284585357,0.8601336479,-0.0297860652,-0.2912686467,0.4655903876,-0.3140965104,0.2132809758,0.2347609997,0.2133197039,0.5718987584,0.6946536899,0.3731659651,-0.2266692221,1.2207404375,-11.2308111191,14.1605882645,-0.5284585357,0.8601336479,-0.0297860652,-0.2912686467,0.4655903876,-0.3140965104,0.2132809758,0.2347609997,0.2133197039,0.5718987584,0.6946536899,0.3731659651,-0.2266692221,0.0000000000,0.0000000000,0.0000000000,0.0000000000,0.0000000000,0.0000000000,-0.3723258078,0.3613391519,-0.3066499829,0.9851437807,-0.1669097543,-0.0462784767,0.2713993192,0.6745555997,0.1485889256,-0.6704339385,
7032.274,0.2441480756,0.1831110567,1.0986663103,0.0804467946,0.0020752586,-1.0129703283,-0.1507614404,-0.0432142094,-0.4343394339,0.0155101866,0.0060456945,-0.0150883198,0.0321267582,0.0986936390,-0.9947079420,0.0051833554,0.7324442267,-11.1697740555,13.3060703278,-0.5294350982,0.8633075953,-0.0371105075,-0.2902920544,0.4687643051,-0.3180028796,0.2104807496,0.2348895073,0.2036902159,0.5726096034,0.6956101060,0.3698248863,-0.2274156660,0.7324442267,-11.1697740555,13.3060703278,-0.5294350982,0.8633075953,-0.0371105075,-0.2902920544,0.4687643051,-0.3180028796,0.2104807496,0.2348895073,0.2036902159,0.5726096034,0.6956101060,0.3698248863,-0.2274156660,0.0000000000,0.0000000000,0.0000000000,0.0000000000,0.0000000000,0.0000000000,-0.3728141189,0.3579210937,-0.3066499829,0.9851436615,-0.1669102460,-0.0462787747,0.2716106176,0.6745086908,0.1488011181,-0.6703484654,
7032.287,0.3051851094,0.1220740378,1.1597033739,0.0792260543,0.0025635548,-1.0133365393,-0.1522263288,-0.0457777642,-0.4355601668,0.0142038614,0.0065678437,-0.0154602528,0.0321677029,0.0986990482,-0.9947059155,0.0052046198,0.3051851094,-10.5594043732,12.5125885010,-0.5327311158,0.8633075953,-0.0466322824,-0.2883388698,0.4646137953,-0.3188574016,0.2054153085,0.2319687009,0.1919509172,0.5732777119,0.6965365410,0.3665679097,-0.2281689197,0.3051851094,-10.5594043732,12.5125885010,-0.5327311158,0.8633075953,-0.0466322824,-0.2883388698,0.4646137953,-0.3188574016,0.2054153085,0.2319687009,0.1919509172,0.5732777119,0.6965365410,0.3665679097,-0.2281689197,0.0000000000,0.0000000000,0.0000000000,0.0000000000,0.0000000000,0.0000000000,-0.3737907112,0.3598742783,-0.3086031675,0.9851436615,-0.1669107676,-0.0462791920,0.2718207836,0.6744620204,0.1490121931,-0.6702634096,
7032.300,0.2441480756,0.0000000000,1.0986663103,0.0759300515,0.0032959990,-1.0128482580,-0.1532029212,-0.0429700613,-0.4353160262,0.0108598992,0.0073190467,-0.0149751902,0.0321908295,0.0986698344,-0.9947080016,0.0052153873,-0.1831110567,-8.9114046097,11.4139223099,-0.5368816257,0.8664815426,-0.0476088747,-0.2883388698,0.4637592733,-0.3180028796,0.1995465159,0.2323720455,0.1889296472,0.5738878846,0.6974251270,0.3634706438,-0.2288742512,-0.1831110567,-8.9114046097,11.4139223099,-0.5368816257,0.8664815426,-0.0476088747,-0.2883388698,0.4637592733,-0.3180028796,0.1995465159,0.2323720455,0.1889296472,0.5738878846,0.6974251270,0.3634706438,-0.2288742512,0.0000000000,0.0000000000,0.0000000000,0.0000000000,0.0000000000,0.0000000000,-0.3737907112,0.3574327826,-0.3105563521,0.9851434827,-0.1669112295,-0.0462794304,0.2720181942,0.6744180322,0.1492104381,-0.6701834202,
7032.313,0.2441480756,-0.1831110567,1.0986663103,0.0697042793,0.0043946654,-1.0124820471,-0.1488082558,-0.0450453199,-0.4358043075,0.0046487078,0.0084309578,-0.0146080852,0.0321828499,0.0986816064,-0.9947070479,0.0052216393,-0.1220740378,-7.9348125458,11.3528852463,-0.5442060828,0.8684347272,-0.0529801324,-0.2880947292,0.4627826810,-0.3181249499,0.1904773116,0.2316077352,0.1816782951,0.5744397640,0.6983284354,0.3604305089,-0.2295425087,-0.1220740378,-7.9348125458,11.3528852463,-0.5442060828,0.8684347272,-0.0529801324,-0.2880947292,0.4627826810,-0.3181249499,0.1904773116,0.2316077352,0.1816782951,0.5744397640,0.6983284354,0.3604305089,-0.2295425087,0.0000000000,0.0000000000,0.0000000000,0.0000000000,0.0000000000,0.0000000000,-0.3750114441,0.3642689288,-0.2949308753,0.9851433635,-0.1669117510,-0.0462797284,0.2722726762,0.6743612885,0.1494661123,-0.6700801849,
7032.326,0.1831110567,-0.2441480756,1.0376293659,0.0654316843,0.0028077029,-1.0107730627,-0.1505172849,-0.0445570238,-0.4350718856,0.0004216433,0.0068536415,-0.0128961205,0.0321596600,0.0986865759,-0.9947072864,0.0052243471,-0.1220740378,-7.0192570686,11.6580705643,-0.5392010212,0.8703879118,-0.0518814661,-0.2883388698,0.4600970447,-0.3173924983,0.1936460733,0.2308060527,0.1810210645,0.5749625564,0.6992551088,0.3574030399,-0.2301451713,-0.1220740378,-7.0192570686,11.6580705643,-0.5392010212,0.8703879118,-0.0518814661,-0.2883388698,0.4600970447,-0.3173924983,0.1936460733,0.2308060527,0.1810210645,0.5749625564,0.6992551088,0.3574030399,-0.2301451713,0.0000000000,0.0000000000,0.0000000000,0.0000000000,0.0000000000,0.0000000000,-0.3718375266,0.3579210937,-0.3086031675,0.9851433635,-0.1669123024,-0.0462800860,0.2724752128,0.6743161082,0.1496695280,-0.6699979901,
7032.339,0.1220740378,-0.3051851094,0.9765923023,0.0615253150,0.0050050355,-1.0105289221,-0.1539353579,-0.0471205786,-0.4375133514,-0.0034097061,0.0090383776,-0.0126470923,0.0321227275,0.0987187773,-0.9947054386,0.0052154004,-0.3051851094,-6.9582200050,12.0853300095,-0.5141758323,0.8741722107,-0.0413830988,-0.2856532633,0.4609515667,-0.3145847917,0.2167155147,0.2317057252,0.1897208542,0.5755296946,0.7001740932,0.3543327451,-0.2306807190,-0.3051851094,-6.9582200050,12.0853300095,-0.5141758323,0.8741722107,-0.0413830988,-0.2856532633,0.4609515667,-0.3145847917,0.2167155147,0.2317057252,0.1897208542,0.5755296946,0.7001740932,0.3543327451,-0.2306807190,0.0000000000,0.0000000000,0.0000000000,0.0000000000,0.0000000000,0.0000000000,-0.3725699782,0.3579210937,-0.3086031675,0.9851431847,-0.1669127792,-0.0462802649,0.2726762593,0.6742711067,0.1498714685,-0.6699162722,
7032.352,0.1831110567,-0.2441480756,0.9155552983,0.0603045747,0.0024414808,-1.0100406408,-0.1533249915,-0.0480971709,-0.4298226833,-0.0045605749,0.0064848801,-0.0121542811,0.0320871361,0.0987727866,-0.9947011471,0.0052186884,-0.5493331552,-7.8127384186,12.2074041367,-0.5095370412,0.8769798875,-0.0357676931,-0.2895596325,0.4618060887,-0.3170262873,0.2194017172,0.2316024303,0.1933861375,0.5761409998,0.7010584474,0.3511941731,-0.2312674671,-0.5493331552,-7.8127384186,12.2074041367,-0.5095370412,0.8769798875,-0.0357676931,-0.2895596325,0.4618060887,-0.3170262873,0.2194017172,0.2316024303,0.1933861375,0.5761409998,0.7010584474,0.3511941731,-0.2312674671,0.0000000000,0.0000000000,0.0000000000,0.0000000000,0.0000000000,0.0000000000,-0.3733024001,0.3598742783,-0.2968840599,0.9851430058,-0.1669133157,-0.0462805033,0.2729112208,0.6742184758,0.1501075327,-0.6698206663,
7032.365,0.1220740378,-0.2441480756,0.9155552983,0.0607928708,0.0024414808,-1.0097965002,-0.1547898799,-0.0461439863,-0.4348277152,-0.0040052459,0.0064842384,-0.0119057894,0.0320536494,0.0987952501,-0.9947000146,0.0052157706,-0.6714072227,-8.6672563553,12.3294782639,-0.5044099092,0.8753929138,-0.0323496200,-0.2878505886,0.4593645930,-0.3154393137,0.2225823402,0.2270913124,0.1947271377,0.5767865777,0.7019107342,0.3479989767,-0.2319027036,-0.6714072227,-8.6672563553,12.3294782639,-0.5044099092,0.8753929138,-0.0323496200,-0.2878505886,0.4593645930,-0.3154393137,0.2225823402,0.2270913124,0.1947271377,0.5767865777,0.7019107342,0.3479989767,-0.2319027036,0.0000000000,0.0000000000,0.0000000000,0.0000000000,0.0000000000,0.0000000000,-0.3718375266,0.3564561903,-0.3086031675,0.9851430655,-0.1669138372,-0.0462809801,0.2731064260,0.6741747260,0.1503036022,-0.6697412729,
7032.378,0.1831110567,-0.0610370189,0.9155552983,0.0589617603,0.0007324442,-1.0082094669,-0.1521042585,-0.0423596911,-0.4358043075,-0.0057929866,0.0047936277,-0.0103160143,0.0320312269,0.0987763405,-0.9947025180,0.0052221837,-0.9765923023,-10.9866638184,12.6346626282,-0.5014801621,0.8736838698,-0.0312509537,-0.2877285182,0.4610736370,-0.3175145686,0.2236114144,0.2224233150,0.1934266090,0.5775195956,0.7026987672,0.3446694613,-0.2326635867,-0.9765923023,-10.9866638184,12.6346626282,-0.5014801621,0.8736838698,-0.0312509537,-0.2877285182,0.4610736370,-0.3175145686,0.2236114144,0.2224233150,0.1934266090,0.5775195956,0.7026987672,0.3446694613,-0.2326635867,0.0000000000,0.0000000000,0.0000000000,0.0000000000,0.0000000000,0.0000000000,-0.3747673035,0.3579210937,-0.2968840599,0.9851427078,-0.1669143438,-0.0462810397,0.2733328938,0.6741237640,0.1505311728,-0.6696488857,
7032.391,0.1220740378,0.0000000000,0.9155552983,0.0609149449,0.0023194067,-1.0099185705,-0.1547898799,-0.0434583575,-0.4299447536,-0.0038164146,0.0063804444,-0.0120236278,0.0320196413,0.0987652466,-0.9947040081,0.0052205948,-0.9765923023,-11.7191076279,12.7567367554,-0.5081942081,0.8801538348,-0.0367442854,-0.2829676270,0.4581438601,-0.3175145686,0.2150071859,0.2259552479,0.1854780465,0.5782546401,0.7034690976,0.3413003087,-0.2334746569,-0.9765923023,-11.7191076279,12.7567367554,-0.5081942081,0.8801538348,-0.0367442854,-0.2829676270,0.4581438601,-0.3175145686,0.2150071859,0.2259552479,0.1854780465,0.5782546401,0.7034690976,0.3413003087,-0.2334746569,0.0000000000,0.0000000000,0.0000000000,0.0000000000,0.0000000000,0.0000000000,-0.3747673035,0.3598742783,-0.3066499829,0.9851428866,-0.1669148803,-0.0462816358,0.2735386789,0.6740775704,0.1507379115,-0.6695650816,
7032.404,0.1220740378,0.0610370189,0.9155552983,0.0616473891,0.0009765923,-1.0090639591,-0.1513718069,-0.0452894680,-0.4273812175,-0.0030752085,0.0050441185,-0.0111684799,0.0320148282,0.0987891853,-0.9947018623,0.0052241604,-0.7934812307,-11.4749593735,13.1229591370,-0.5111240149,0.8884548545,-0.0385753959,-0.2840662897,0.4605853558,-0.3209326565,0.2101215124,0.2312980294,0.1812641770,0.5789638758,0.7042579055,0.3379112184,-0.2342670113,-0.7934812307,-11.4749593735,13.1229591370,-0.5111240149,0.8884548545,-0.0385753959,-0.2840662897,0.4605853558,-0.3209326565,0.2101215124,0.2312980294,0.1812641770,0.5789638758,0.7042579055,0.3379112184,-0.2342670113,0.0000000000,0.0000000000,0.0000000000,0.0000000000,0.0000000000,0.0000000000,-0.3750114441,0.3593859673,-0.2929776907,0.9851425886,-0.1669153720,-0.0462816358,0.2737771571,0.6740237474,0.1509775966,-0.6694676280,
7032.417,0.1831110567,0.1831110567,0.9765923023,0.0653096139,0.0013428144,-1.0101627111,-0.1525925547,-0.0463881344,-0.4286019504,0.0005568489,0.0054263123,-0.0122691989,0.0320289247,0.0988179147,-0.9946983457,0.0052345321,-0.9155552983,-12.0242929459,13.5502185822,-0.4840235710,0.8902859688,-0.0157475509,-0.2817468941,0.4594866931,-0.3206884861,0.2351682186,0.2300363779,0.2015419900,0.5797471404,0.7050165534,0.3344247639,-0.2350499630,-0.9155552983,-12.0242929459,13.5502185822,-0.4840235710,0.8902859688,-0.0157475509,-0.2817468941,0.4594866931,-0.3206884861,0.2351682186,0.2300363779,0.2015419900,0.5797471404,0.7050165534,0.3344247639,-0.2350499630,0.0000000000,0.0000000000,0.0000000000,0.0000000000,0.0000000000,0.0000000000,-0.3742789924,0.3603625596,-0.2949308753,0.9851425886,-0.1669159383,-0.0462822318,0.2740124464,0.6739706397,0.1512140483,-0.6693715453,
7032.430,0.1831110567,0.2441480756,0.9155552983,0.0671407208,0.0012207404,-1.0095522404,-0.1527146250,-0.0455336161,-0.4265266955,0.0023380145,0.0053200461,-0.0116620064,0.0320529044,0.0988406762,-0.9946953654,0.0052456097,-1.4038513899,-13.6112556458,13.3060703278,-0.4817041457,0.8885769248,-0.0170903653,-0.2841883600,0.4541154206,-0.3180028796,0.2355072200,0.2252684236,0.1974144131,0.5805830359,0.7057070136,0.3308679163,-0.2359469086,-1.4038513899,-13.6112556458,13.3060703278,-0.4817041457,0.8885769248,-0.0170903653,-0.2841883600,0.4541154206,-0.3180028796,0.2355072200,0.2252684236,0.1974144131,0.5805830359,0.7057070136,0.3308679163,-0.2359469086,0.0000000000,0.0000000000,0.0000000000,0.0000000000,0.0000000000,0.0000000000,-0.3713492155,0.3569445014,-0.3066499829,0.9851424098,-0.1669163853,-0.0462824106,0.2742085755,0.6739262342,0.1514111310,-0.6692913175,
7032.443,0.1831110567,0.3662221134,0.9155552983,0.0700704977,0.0000000000,-1.0101627111,-0.1533249915,-0.0424817652,-0.4300668240,0.0051826388,0.0041210800,-0.0122781396,0.0320943631,0.0988203511,-0.9946959615,0.0052600154,-1.9531846046,-14.6488847733,13.0008850098,-0.4841456413,0.8849146962,-0.0214850307,-0.2832117677,0.4561906755,-0.3225196004,0.2311577797,0.2186061740,0.1900761724,0.5814519525,0.7063313127,0.3272924125,-0.2369240969,-1.9531846046,-14.6488847733,13.0008850098,-0.4841456413,0.8849146962,-0.0214850307,-0.2832117677,0.4561906755,-0.3225196004,0.2311577797,0.2186061740,0.1900761724,0.5814519525,0.7063313127,0.3272924125,-0.2369240969,0.0000000000,0.0000000000,0.0000000000,0.0000000000,0.0000000000,0.0000000000,-0.3720816672,0.3623157442,-0.2968840599,0.9851424098,-0.1669169515,-0.0462828279,0.2744432092,0.6738731265,0.1516469568,-0.6691952944,
7032.456,0.1220740378,0.3051851094,1.0376293659,0.0730002746,0.0026856288,-1.0119937658,-0.1508835107,-0.0462660603,-0.4290902317,0.0080246553,0.0068058898,-0.0141149163,0.0321379900,0.0988467932,-0.9946918488,0.0052648145,-2.5025177002,-30.8236942291,12.0242929459,-0.4653462470,0.8790551424,-0.0158696249,-0.2841883600,0.4560686052,-0.3256935477,0.2486954629,0.2098189592,0.1906594336,0.5827937722,0.7065560222,0.3229348063,-0.2389286309,-2.5025177002,-30.8236942291,12.0242929459,-0.4653462470,0.8790551424,-0.0158696249,-0.2841883600,0.4560686052,-0.3256935477,0.2486954629,0.2098189592,0.1906594336,0.5827937722,0.7065560222,0.3229348063,-0.2389286309,0.0000000000,0.0000000000,0.0000000000,0.0000000000,0.0000000000,0.0000000000,-0.3720816672,0.3608508706,-0.2968840599,0.9851422906,-0.1669174433,-0.0462831259,0.2746725976,0.6738210320,0.1518775225,-0.6691012979,
7032.469,0.1220740378,0.2441480756,0.9765923023,0.0727561265,0.0032959990,-1.0115054846,-0.1512497365,-0.0448011719,-0.4259163141,0.0077047870,0.0074117547,-0.0136315227,0.0321758762,0.0988587961,-0.9946895242,0.0052667148,-3.7842950821,-17.4565868378,11.4139223099,-0.4613177776,0.8791772127,-0.0130619220,-0.2838221490,0.4555803239,-0.3249610960,0.2510178089,0.2070563436,0.1899653822,0.5838094354,0.7069621682,0.3193148375,-0.2401101589,-3.7842950821,-17.4565868378,11.4139223099,-0.4613177776,0.8791772127,-0.0130619220,-0.2838221490,0.4555803239,-0.3249610960,0.2510178089,0.2070563436,0.1899653822,0.5838094354,0.7069621682,0.3193148375,-0.2401101589,0.0000000000,0.0000000000,0.0000000000,0.0000000000,0.0000000000,0.0000000000,-0.3725699782,0.3574327826,-0.3086031675,0.9851421118,-0.1669179201,-0.0462834239,0.2748610973,0.6737781763,0.1520669758,-0.6690239906,
7032.482,0.1831110567,0.1831110567,0.9765923023,0.0722678304,0.0034180731,-1.0116275549,-0.1524704695,-0.0451673940,-0.4284798801,0.0071542487,0.0075393892,-0.0137577057,0.0322065540,0.0988711417,-0.9946871996,0.0052729710,-4.3336281776,-18.5552539825,10.8035526276,-0.4613177776,0.8797875643,-0.0098879971,-0.2790612578,0.4543595612,-0.3234961927,0.2494083643,0.2048597336,0.1894387454,0.5848689675,0.7072801590,0.3156927526,-0.2413812727,-4.3336281776,-18.5552539825,10.8035526276,-0.4613177776,0.8797875643,-0.0098879971,-0.2790612578,0.4543595612,-0.3234961927,0.2494083643,0.2048597336,0.1894387454,0.5848689675,0.7072801590,0.3156927526,-0.2413812727,0.0000000000,0.0000000000,0.0000000000,0.0000000000,0.0000000000,0.0000000000,-0.3737907112,0.3574327826,-0.2968840599,0.9851422310,-0.1669184268,-0.0462839603,0.2750779092,0.6737288833,0.1522849202,-0.6689350605,
7032.495,0.1831110567,0.0610370189,0.9765923023,0.0716574639,0.0035401471,-1.0113834143,-0.1512497365,-0.0395519882,-0.4293344021,0.0065061152,0.0076664016,-0.0135160685,0.0322254375,0.0988127366,-0.9946923852,0.0052754106,-4.6998505592,-19.2266616821,10.1931819916,-0.4632709622,0.8796654940,-0.0113528855,-0.2784508765,0.4572893381,-0.3221533895,0.2459298968,0.2020252943,0.1841715723,0.5859397650,0.7075325847,0.3120953143,-0.2427186966,-4.6998505592,-19.2266616821,10.1931819916,-0.4632709622,0.8796654940,-0.0113528855,-0.2784508765,0.4572893381,-0.3221533895,0.2459298968,0.2020252943,0.1841715723,0.5859397650,0.7075325847,0.3120953143,-0.2427186966,0.0000000000,0.0000000000,0.0000000000,0.0000000000,0.0000000000,0.0000000000,-0.3733024001,0.3584093750,-0.2968840599,0.9851417542,-0.1669189036,-0.0462839603,0.2752965689,0.6736789346,0.1525047421,-0.6688451171,
7032.508,0.1220740378,0.0000000000,0.9155552983,0.0712912381,0.0040284432,-1.0111392736,-0.1507614404,-0.0468764305,-0.4289681613,0.0061146170,0.0081458744,-0.0132734776,0.0322382264,0.0988581181,-0.9946874976,0.0052737431,-5.4322948456,-19.9591045380,8.9114046097,-0.4633930624,0.8790551424,-0.0093997009,-0.2784508765,0.4577776492,-0.3214209378,0.2444454730,0.1988595724,0.1821537465,0.5870352983,0.7076816559,0.3085564971,-0.2441573888,-5.4322948456,-19.9591045380,8.9114046097,-0.4633930624,0.8790551424,-0.0093997009,-0.2784508765,0.4577776492,-0.3214209378,0.2444454730,0.1988595724,0.1821537465,0.5870352983,0.7076816559,0.3085564971,-0.2441573888,0.0000000000,0.0000000000,0.0000000000,0.0000000000,0.0000000000,0.0000000000,-0.3720816672,0.3598742783,-0.3066499829,0.9851419330,-0.1669194549,-0.0462845564,0.2754939497,0.6736339927,0.1527031213,-0.6687640548,
7032.521,0.1220740378,0.0000000000,0.9155552983,0.0703146458,0.0041505173,-1.0111392736,-0.1491744816,-0.0434583575,-0.4270149767,0.0051176772,0.0082585700,-0.0132747889,0.0322487988,0.0988637432,-0.9946865439,0.0052702664,-5.6764426231,-19.7149562836,8.2399978638,-0.4669331908,0.8863795996,-0.0107425153,-0.2796716094,0.4566789865,-0.3192236125,0.2395959496,0.2037267685,0.1768665910,0.5881047845,0.7077968121,0.3050764799,-0.2456179857,-5.6764426231,-19.7149562836,8.2399978638,-0.4669331908,0.8863795996,-0.0107425153,-0.2796716094,0.4566789865,-0.3192236125,0.2395959496,0.2037267685,0.1768665910,0.5881047845,0.7077968121,0.3050764799,-0.2456179857,0.0000000000,0.0000000000,0.0000000000,0.0000000000,0.0000000000,0.0000000000,-0.3725699782,0.3574327826,-0.3066499829,0.9851417542,-0.1669199318,-0.0462847948,0.2756831944,0.6735906601,0.1528933495,-0.6686861515,
7032.534,0.1220740378,-0.1220740378,0.9155552983,0.0687276870,0.0029297769,-1.0118716955,-0.1522263288,-0.0443128757,-0.4304330647,0.0035397783,0.0070345346,-0.0140066147,0.0322444141,0.0988702476,-0.9946860671,0.0052683880,-5.7985167503,-18.6773281097,7.5685901642,-0.4754783809,0.8921170831,-0.0144047365,-0.2779625952,0.4535050392,-0.3215430081,0.2297861874,0.2071260810,0.1694073975,0.5891103148,0.7079057693,0.3016937673,-0.2470687479,-5.7985167503,-18.6773281097,7.5685901642,-0.4754783809,0.8921170831,-0.0144047365,-0.2779625952,0.4535050392,-0.3215430081,0.2297861874,0.2071260810,0.1694073975,0.5891103148,0.7079057693,0.3016937673,-0.2470687479,0.0000000000,0.0000000000,0.0000000000,0.0000000000,0.0000000000,0.0000000000,-0.3750114441,0.3584093750,-0.2929776907,0.9851415753,-0.1669204384,-0.0462849736,0.2759080827,0.6735391617,0.1531194746,-0.6685934663,
7032.547,0.1220740378,-0.1220740378,0.9765923023,0.0693380535,0.0031739250,-1.0111392736,-0.1500289887,-0.0426038392,-0.4328745306,0.0041559488,0.0072748824,-0.0132737756,0.0322417878,0.0988550410,-0.9946876764,0.0052657151,-5.4322948456,-13.4281444550,5.9205908775,-0.4737693369,0.8929715753,-0.0155034028,-0.2794274688,0.4554582238,-0.3221533895,0.2302418053,0.2058731914,0.1652254462,0.5899029970,0.7080968618,0.2986748517,-0.2482942641,-5.4322948456,-13.4281444550,5.9205908775,-0.4737693369,0.8929715753,-0.0155034028,-0.2794274688,0.4554582238,-0.3221533895,0.2302418053,0.2058731914,0.1652254462,0.5899029970,0.7080968618,0.2986748517,-0.2482942641,0.0000000000,0.0000000000,0.0000000000,0.0000000000,0.0000000000,0.0000000000,-0.3730582595,0.3554795980,-0.3066499829,0.9851415157,-0.1669209003,-0.0462853909,0.2760894895,0.6734975576,0.1533018351,-0.6685187221,
7032.560,0.1220740378,-0.1220740378,0.9155552983,0.0670186505,0.0023194067,-1.0102847815,-0.1478316635,-0.0426038392,-0.4367808998,0.0018534064,0.0064200955,-0.0124182105,0.0322334208,0.0988509282,-0.9946883917,0.0052646114,-5.2491836548,-10.9256267548,4.6388134956,-0.4626606107,0.8867458105,-0.0069582202,-0.2837000787,0.4576555789,-0.3232520521,0.2401483655,0.1976928115,0.1709916592,0.5905959606,0.7083050013,0.2958422303,-0.2494423538,-5.2491836548,-10.9256267548,4.6388134956,-0.4626606107,0.8867458105,-0.0069582202,-0.2837000787,0.4576555789,-0.3232520521,0.2401483655,0.1976928115,0.1709916592,0.5905959606,0.7083050013,0.2958422303,-0.2494423538,0.0000000000,0.0000000000,0.0000000000,0.0000000000,0.0000000000,0.0000000000,-0.3740348518,0.3593859673,-0.2929776907,0.9851413369,-0.1669214368,-0.0462855697,0.2763155997,0.6734456420,0.1535292119,-0.6684253812,
7032.573,0.1220740378,-0.1220740378,0.9155552983,0.0649433881,0.0069582202,-1.0101627111,-0.1488082558,-0.0430921353,-0.4328745306,-0.0001949221,0.0110357106,-0.0122942328,0.0322211422,0.0988517627,-0.9946888685,0.0052517545,-5.0660724640,-9.2165899277,3.4180731773,-0.4670552611,0.8871120214,0.0002441481,-0.2822351754,0.4586321712,-0.3222754598,0.2346579432,0.1962847710,0.1756230593,0.5912082195,0.7085051537,0.2931778729,-0.2505661547,-5.0660724640,-9.2165899277,3.4180731773,-0.4670552611,0.8871120214,0.0002441481,-0.2822351754,0.4586321712,-0.3222754598,0.2346579432,0.1962847710,0.1756230593,0.5912082195,0.7085051537,0.2931778729,-0.2505661547,0.0000000000,0.0000000000,0.0000000000,0.0000000000,0.0000000000,0.0000000000,-0.3742789924,0.3579210937,-0.2929776907,0.9851413965,-0.1669219583,-0.0462860465,0.2765363753,0.6733949184,0.1537512243,-0.6683342457,
7032.586,0.1831110567,-0.1220740378,0.9155552983,0.0655537620,0.0025635548,-1.0091860294,-0.1499069184,-0.0446790978,-0.4354380965,0.0004389659,0.0066502984,-0.0113161206,0.0322088748,0.0988694951,-0.9946873188,0.0052557695,-4.5167393684,-6.4699239731,2.2583696842,-0.4745017886,0.9000518918,0.0119632557,-0.2810144424,0.4583880007,-0.3267922103,0.2261781096,0.2076185346,0.1851282716,0.5916987062,0.7087430358,0.2907046676,-0.2516150177,-4.5167393684,-6.4699239731,2.2583696842,-0.4745017886,0.9000518918,0.0119632557,-0.2810144424,0.4583880007,-0.3267922103,0.2261781096,0.2076185346,0.1851282716,0.5916987062,0.7087430358,0.2907046676,-0.2516150177,0.0000000000,0.0000000000,0.0000000000,0.0000000000,0.0000000000,0.0000000000,-0.3730582595,0.3618274629,-0.3066499829,0.9851411581,-0.1669224799,-0.0462862253,0.2767322063,0.6733497977,0.1539481282,-0.6682532430,
7032.599,0.1220740378,-0.0610370189,0.9765923023,0.0646992400,0.0012207404,-1.0106509924,-0.1507614404,-0.0433362834,-0.4305551350,-0.0003981069,0.0053134002,-0.0127799511,0.0321999229,0.0988623872,-0.9946884513,0.0052576172,-4.2725911140,-5.5543684959,1.9531846046,-0.4768211842,0.9009063840,0.0157475509,-0.2783288062,0.4531388283,-0.3212988675,0.2228412628,0.2069280148,0.1868313998,0.5921415687,0.7089926004,0.2882960737,-0.2526389658,-4.2725911140,-5.5543684959,1.9531846046,-0.4768211842,0.9009063840,0.0157475509,-0.2783288062,0.4531388283,-0.3212988675,0.2228412628,0.2069280148,0.1868313998,0.5921415687,0.7089926004,0.2882960737,-0.2526389658,0.0000000000,0.0000000000,0.0000000000,0.0000000000,0.0000000000,0.0000000000,-0.3747673035,0.3584093750,-0.3105563521,0.9851412177,-0.1669229865,-0.0462866426,0.2769068182,0.6733095646,0.1541236788,-0.6681810617,
7032.612,0.1220740378,-0.0610370189,0.9765923023,0.0642109439,0.0020752586,-1.0101627111,-0.1489303261,-0.0437025055,-0.4348277152,-0.0008667633,0.0061695734,-0.0122904181,0.0321900472,0.0988648087,-0.9946884513,0.0052575460,-4.1505174637,-5.0660724640,1.5869624615,-0.4756004512,0.8980987072,0.0186773278,-0.2773522139,0.4594866931,-0.3272804916,0.2230767310,0.2026348114,0.1877483875,0.5925559402,0.7092371583,0.2859401107,-0.2536571324,-4.1505174637,-5.0660724640,1.5869624615,-0.4756004512,0.8980987072,0.0186773278,-0.2773522139,0.4594866931,-0.3272804916,0.2230767310,0.2026348114,0.1877483875,0.5925559402,0.7092371583,0.2859401107,-0.2536571324,0.0000000000,0.0000000000,0.0000000000,0.0000000000,0.0000000000,0.0000000000,-0.3718375266,0.3579210937,-0.2929776907,0.9851409793,-0.1669234782,-0.0462868810,0.2771260142,0.6732589006,0.1543441415,-0.6680902839,
7032.625,0.1831110567,0.0000000000,0.9155552983,0.0640888736,0.0036622211,-1.0107730627,-0.1503952146,-0.0478530228,-0.4329966009,-0.0009792000,0.0077602896,-0.0129001737,0.0321847498,0.0989232808,-0.9946827888,0.0052608280,-3.9063692093,-4.4557023048,0.6103702188,-0.4734031260,0.8906521797,0.0170903653,-0.2785729468,0.4615619481,-0.3259376884,0.2243932784,0.1938470602,0.1842679083,0.5929086804,0.7094770670,0.2836804390,-0.2546969056,-3.9063692093,-4.4557023048,0.6103702188,-0.4734031260,0.8906521797,0.0170903653,-0.2785729468,0.4615619481,-0.3259376884,0.2243932784,0.1938470602,0.1842679083,0.5929086804,0.7094770670,0.2836804390,-0.2546969056,0.0000000000,0.0000000000,0.0000000000,0.0000000000,0.0000000000,0.0000000000,-0.3747673035,0.3559679091,-0.2929776907,0.9851409793,-0.1669240296,-0.0462873578,0.2773369551,0.6732101440,0.1545562744,-0.6680029035,
7032.638,0.1831110567,0.1220740378,0.9155552983,0.0634784997,0.0034180731,-1.0096743107,-0.1496627778,-0.0476088747,-0.4306772053,-0.0015985668,0.0075210603,-0.0118019581,0.0321886837,0.0989812836,-0.9946768284,0.0052656005,-3.7842950821,-4.1505174637,0.2441480756,-0.4713278711,0.8905301094,0.0178228095,-0.2793053985,0.4577776492,-0.3292336762,0.2256179154,0.1924359798,0.1831635237,0.5932279825,0.7097216845,0.2814409137,-0.2557541728,-3.7842950821,-4.1505174637,0.2441480756,-0.4713278711,0.8905301094,0.0178228095,-0.2793053985,0.4577776492,-0.3292336762,0.2256179154,0.1924359798,0.1831635237,0.5932279825,0.7097216845,0.2814409137,-0.2557541728,0.0000000000,0.0000000000,0.0000000000,0.0000000000,0.0000000000,0.0000000000,-0.3728141189,0.3554795980,-0.2968840599,0.9851408005,-0.1669245511,-0.0462875366,0.2775363028,0.6731639504,0.1547567546,-0.6679201722,
7032.651,0.1831110567,0.1220740378,0.9155552983,0.0640888736,0.0036622211,-1.0099185705,-0.1500289887,-0.0479750969,-0.4369029701,-0.0010000989,0.0077689029,-0.0120470524,0.0321941152,0.0990408435,-0.9946708083,0.0052699577,-3.5401470661,-3.8453321457,-0.1831110567,-0.4627826810,0.8921170831,0.0246589556,-0.2800378501,0.4583880007,-0.3259376884,0.2333318591,0.1927716136,0.1882063150,0.5935268402,0.7099632025,0.2792299390,-0.2568116188,-3.5401470661,-3.8453321457,-0.1831110567,-0.4627826810,0.8921170831,0.0246589556,-0.2800378501,0.4583880007,-0.3259376884,0.2333318591,0.1927716136,0.1882063150,0.5935268402,0.7099632025,0.2792299390,-0.2568116188,0.0000000000,0.0000000000,0.0000000000,0.0000000000,0.0000000000,0.0000000000,-0.3745231628,0.3564561903,-0.2949308753,0.9851408005,-0.1669250727,-0.0462880135,0.2777414918,0.6731163859,0.1549631357,-0.6678350568,
7032.664,0.1831110567,0.1220740378,0.9765923023,0.0665303543,0.0030518509,-1.0101627111,-0.1503952146,-0.0443128757,-0.4355601668,0.0014176667,0.0071659256,-0.0122928023,0.0322055407,0.0990457609,-0.9946698546,0.0052749757,-3.3570361137,-4.2115545273,-0.9765923023,-0.4770653546,0.9090853333,0.0339365825,-0.2771080732,0.4599749744,-0.3277688026,0.2183463275,0.2086104155,0.1956328154,0.5938127041,0.7101632953,0.2770554423,-0.2579502761,-3.3570361137,-4.2115545273,-0.9765923023,-0.4770653546,0.9090853333,0.0339365825,-0.2771080732,0.4599749744,-0.3277688026,0.2183463275,0.2086104155,0.1956328154,0.5938127041,0.7101632953,0.2770554423,-0.2579502761,0.0000000000,0.0000000000,0.0000000000,0.0000000000,0.0000000000,0.0000000000,-0.3728141189,0.3579210937,-0.2968840599,0.9851406217,-0.1669255197,-0.0462882519,0.2779455483,0.6730689406,0.1551684141,-0.6677502394,
7032.677,0.1831110567,0.1831110567,0.9765923023,0.0692159832,0.0008545183,-1.0105289221,-0.1516159624,-0.0458998382,-0.4382458031,0.0040559694,0.0049868138,-0.0126621127,0.0322281085,0.0990666300,-0.9946669936,0.0052870736,-3.0518510342,-3.7232582569,-0.9155552983,-0.4876857698,0.9138462543,0.0360118411,-0.2785729468,0.4519180954,-0.3274025619,0.2070265114,0.2122740746,0.1959514767,0.5940533876,0.7103876472,0.2748869359,-0.2590960264,-3.0518510342,-3.7232582569,-0.9155552983,-0.4876857698,0.9138462543,0.0360118411,-0.2785729468,0.4519180954,-0.3274025619,0.2070265114,0.2122740746,0.1959514767,0.5940533876,0.7103876472,0.2748869359,-0.2590960264,0.0000000000,0.0000000000,0.0000000000,0.0000000000,0.0000000000,0.0000000000,-0.3713492155,0.3559679091,-0.2968840599,0.9851406813,-0.1669260859,-0.0462886691,0.2781440616,0.6730228066,0.1553680748,-0.6676677465,
7032.690,0.1831110567,0.1220740378,0.9765923023,0.0693380535,0.0013428144,-1.0118716955,-0.1527146250,-0.0450453199,-0.4348277152,0.0041414276,0.0054908441,-0.0140073299,0.0322455317,0.0990735888,-0.9946656823,0.0052969507,-2.5025177002,-2.9297769070,-0.6714072227,-0.4901272655,0.9106723070,0.0390636921,-0.2761314809,0.4587542415,-0.3266701400,0.2038474679,0.2080076933,0.1974027753,0.5942501426,0.7106444836,0.2727588713,-0.2601869106,-2.5025177002,-2.9297769070,-0.6714072227,-0.4901272655,0.9106723070,0.0390636921,-0.2761314809,0.4587542415,-0.3266701400,0.2038474679,0.2080076933,0.1974027753,0.5942501426,0.7106444836,0.2727588713,-0.2601869106,0.0000000000,0.0000000000,0.0000000000,0.0000000000,0.0000000000,0.0000000000,-0.3725699782,0.3574327826,-0.2968840599,0.9851404428,-0.1669265479,-0.0462888479,0.2783448696,0.6729759574,0.1555700898,-0.6675841212,
7032.703,0.1831110567,0.1220740378,0.9765923023,0.0695822015,0.0023194067,-1.0115054846,-0.1492965519,-0.0458998382,-0.4378795624,0.0043478385,0.0064782752,-0.0136436224,0.0322636515,0.0991017446,-0.9946622252,0.0053051361,-1.4038513899,-1.7700735331,-0.6714072227,-0.4780419469,0.8988311291,0.0401623584,-0.2729575634,0.4587542415,-0.3243507147,0.2151486874,0.1950953603,0.1971759349,0.5943546891,0.7109766603,0.2706704438,-0.2612196505,-1.4038513899,-1.7700735331,-0.6714072227,-0.4780419469,0.8988311291,0.0401623584,-0.2729575634,0.4587542415,-0.3243507147,0.2151486874,0.1950953603,0.1971759349,0.5943546891,0.7109766603,0.2706704438,-0.2612196505,0.0000000000,0.0000000000,0.0000000000,0.0000000000,0.0000000000,0.0000000000,-0.3730582595,0.3554795980,-0.2929776907,0.9851403236,-0.1669270992,-0.0462892056,0.2785492539,0.6729282737,0.1557756960,-0.6674990058,
7032.716,0.1220740378,0.0610370189,0.9765923023,0.0701925755,0.0039063692,-1.0108951330,-0.1518601030,-0.0456556901,-0.4394665360,0.0049280822,0.0080575561,-0.0130352378,0.0322789587,0.0991177708,-0.9946601391,0.0053033312,-1.0376293659,-1.6479995251,-0.8545182943,-0.4692526162,0.8946806192,0.0427259132,-0.2768639326,0.4588763118,-0.3250831664,0.2231561840,0.1898930669,0.1984674633,0.5944294930,0.7113235593,0.2685756385,-0.2622647882,-1.0376293659,-1.6479995251,-0.8545182943,-0.4692526162,0.8946806192,0.0427259132,-0.2768639326,0.4588763118,-0.3250831664,0.2231561840,0.1898930669,0.1984674633,0.5944294930,0.7113235593,0.2685756385,-0.2622647882,0.0000000000,0.0000000000,0.0000000000,0.0000000000,0.0000000000,0.0000000000,-0.3713492155,0.3559679091,-0.2949308753,0.9851403236,-0.1669276059,-0.0462896228,0.2787498236,0.6728814244,0.1559774727,-0.6674154401,
7032.729,0.1220740378,0.0610370189,0.9765923023,0.0709250197,0.0019531846,-1.0117496252,-0.1555223316,-0.0452894680,-0.4322641790,0.0056272447,0.0061063860,-0.0138919353,0.0322954319,0.0991193131,-0.9946594238,0.0053060390,-0.6714072227,-1.8921475410,-1.0986663103,-0.4653462470,0.8956572413,0.0427259132,-0.2790612578,0.4580217898,-0.3259376884,0.2263056338,0.1898515224,0.1972168684,0.5944764614,0.7116779685,0.2664644420,-0.2633481920,-0.6714072227,-1.8921475410,-1.0986663103,-0.4653462470,0.8956572413,0.0427259132,-0.2790612578,0.4580217898,-0.3259376884,0.2263056338,0.1898515224,0.1972168684,0.5944764614,0.7116779685,0.2664644420,-0.2633481920,0.0000000000,0.0000000000,0.0000000000,0.0000000000,0.0000000000,0.0000000000,-0.3745231628,0.3574327826,-0.2949308753,0.9851400256,-0.1669280827,-0.0462897420,0.2789514959,0.6728341579,0.1561803967,-0.6673312187,
7032.742,0.1831110567,0.0000000000,0.9155552983,0.0715353861,0.0025635548,-1.0111392736,-0.1506393701,-0.0444349498,-0.4391003251,0.0062118769,0.0067256847,-0.0132833123,0.0323077627,0.0991285294,-0.9946580529,0.0053120628,0.0000000000,-2.0752587318,-1.4648884535,-0.4817041457,0.9032257795,0.0354014710,-0.2775963545,0.4557023942,-0.3271584213,0.2092750967,0.1965104342,0.1887426376,0.5944508314,0.7120555043,0.2643691897,-0.2644950151,0.0000000000,-2.0752587318,-1.4648884535,-0.4817041457,0.9032257795,0.0354014710,-0.2775963545,0.4557023942,-0.3271584213,0.2092750967,0.1965104342,0.1887426376,0.5944508314,0.7120555043,0.2643691897,-0.2644950151,0.0000000000,0.0000000000,0.0000000000,0.0000000000,0.0000000000,0.0000000000,-0.3747673035,0.3588976860,-0.2910245061,0.9851399660,-0.1669286042,-0.0462902784,0.2791664600,0.6727837920,0.1563967019,-0.6672415137,
7032.755,0.1220740378,-0.0610370189,0.9765923023,0.0709250197,0.0014648885,-1.0121158361,-0.1522263288,-0.0454115421,-0.4342173636,0.0055899248,0.0056313998,-0.0142606497,0.0323132537,0.0991411731,-0.9946566224,0.0053152307,0.3662221134,-1.2207404375,-1.4648884535,-0.4873195589,0.9033479095,0.0286873989,-0.2745445073,0.4570451975,-0.3265480399,0.2029782832,0.1957584620,0.1810638160,0.5943670273,0.7124696374,0.2623328269,-0.2655929625,0.3662221134,-1.2207404375,-1.4648884535,-0.4873195589,0.9033479095,0.0286873989,-0.2745445073,0.4570451975,-0.3265480399,0.2029782832,0.1957584620,0.1810638160,0.5943670273,0.7124696374,0.2623328269,-0.2655929625,0.0000000000,0.0000000000,0.0000000000,0.0000000000,0.0000000000,0.0000000000,-0.3750114441,0.3574327826,-0.3086031675,0.9851399660,-0.1669291258,-0.0462906361,0.2793307304,0.6727452874,0.1565619260,-0.6671729088,
7032.768,0.1220740378,-0.1220740378,0.9765923023,0.0703146458,0.0024414808,-1.0110172033,-0.1522263288,-0.0432142094,-0.4334849119,0.0049812719,0.0066075227,-0.0131618977,0.0323125049,0.0991252810,-0.9946582317,0.0053143953,0.6714072227,-0.2441480756,-1.5259255171,-0.4845118523,0.9013947248,0.0297860652,-0.2789391875,0.4610736370,-0.3237403631,0.2050836682,0.1929466128,0.1813519597,0.5942410231,0.7129130960,0.2603482008,-0.2666358352,0.6714072227,-0.2441480756,-1.5259255171,-0.4845118523,0.9013947248,0.0297860652,-0.2789391875,0.4610736370,-0.3237403631,0.2050836682,0.1929466128,0.1813519597,0.5942410231,0.7129130960,0.2603482008,-0.2666358352,0.0000000000,0.0000000000,0.0000000000,0.0000000000,0.0000000000,0.0000000000,-0.3745231628,0.3574327826,-0.2949308753,0.9851397872,-0.1669296026,-0.0462909937,0.2795294821,0.6726985574,0.1567619294,-0.6670897603,
7032.781,0.1220740378,-0.2441480756,0.9765923023,0.0706808716,0.0017090365,-1.0104068518,-0.1529587656,-0.0430921353,-0.4316537976,0.0053684637,0.0058782226,-0.0125501752,0.0323020034,0.0991061330,-0.9946604967,0.0053142952,1.0376293659,0.1831110567,-1.8311105967,-0.4672994316,0.8965117335,0.0366222113,-0.2804040611,0.4597308338,-0.3194677532,0.2215823233,0.1872112155,0.1874462515,0.5940923691,0.7133699059,0.2583769858,-0.2676606774,1.0376293659,0.1831110567,-1.8311105967,-0.4672994316,0.8965117335,0.0366222113,-0.2804040611,0.4597308338,-0.3194677532,0.2215823233,0.1872112155,0.1874462515,0.5940923691,0.7133699059,0.2583769858,-0.2676606774,0.0000000000,0.0000000000,0.0000000000,0.0000000000,0.0000000000,0.0000000000,-0.3737907112,0.3584093750,-0.2949308753,0.9851397276,-0.1669301093,-0.0462914705,0.2797303796,0.6726512909,0.1569640934,-0.6670057178,
7032.794,0.1220740378,-0.1831110567,0.9765923023,0.0677510947,0.0024414808,-1.0102847815,-0.1525925547,-0.0450453199,-0.4264046252,0.0024632737,0.0066101709,-0.0124264956,0.0322897248,0.0991151109,-0.9946600199,0.0053131166,0.9155552983,-0.3662221134,-2.1973326206,-0.4637592733,0.8934598565,0.0347911008,-0.2800378501,0.4603411853,-0.3243507147,0.2244638503,0.1833480000,0.1848035753,0.5939481258,0.7137991786,0.2563987672,-0.2687366307,0.9155552983,-0.3662221134,-2.1973326206,-0.4637592733,0.8934598565,0.0347911008,-0.2800378501,0.4603411853,-0.3243507147,0.2244638503,0.1833480000,0.1848035753,0.5939481258,0.7137991786,0.2563987672,-0.2687366307,0.0000000000,0.0000000000,0.0000000000,0.0000000000,0.0000000000,0.0000000000,-0.3737907112,0.3593859673,-0.2968840599,0.9851395488,-0.1669306010,-0.0462917089,0.2799277902,0.6726047397,0.1571627706,-0.6669229865,
7032.807,0.1220740378,-0.1831110567,0.9765923023,0.0676290169,0.0023194067,-1.0102847815,-0.1532029212,-0.0440687276,-0.4342173636,0.0023662895,0.0064882012,-0.0124248862,0.0322772637,0.0991074443,-0.9946611524,0.0053116726,0.8545182943,-0.9155552983,-2.5635547638,-0.4715720117,0.8930936456,0.0283211768,-0.2768639326,0.4614398777,-0.3226416707,0.2160747945,0.1822443008,0.1774823070,0.5937962532,0.7142002583,0.2544440925,-0.2698619068,0.8545182943,-0.9155552983,-2.5635547638,-0.4715720117,0.8930936456,0.0283211768,-0.2768639326,0.4614398777,-0.3226416707,0.2160747945,0.1822443008,0.1774823070,0.5937962532,0.7142002583,0.2544440925,-0.2698619068,0.0000000000,0.0000000000,0.0000000000,0.0000000000,0.0000000000,0.0000000000,-0.3735465705,0.3613391519,-0.2929776907,0.9851396084,-0.1669311076,-0.0462922454,0.2801400423,0.6725546718,0.1573763937,-0.6668340564,
7032.820,0.1220740378,-0.1831110567,0.9765923023,0.0665303543,0.0030518509,-1.0105289221,-0.1530808508,-0.0444349498,-0.4369029701,0.0012980476,0.0072171297,-0.0126670003,0.0322622918,0.0991043746,-0.9946619868,0.0053083096,0.9155552983,-0.2441480756,-2.9297769070,-0.4879299402,0.8973662257,0.0178228095,-0.2783288062,0.4614398777,-0.3302102685,0.1992073059,0.1858752370,0.1662732661,0.5935818553,0.7146210074,0.2525578141,-0.2709895968,0.9155552983,-0.2441480756,-2.9297769070,-0.4879299402,0.8973662257,0.0178228095,-0.2783288062,0.4614398777,-0.3302102685,0.1992073059,0.1858752370,0.1662732661,0.5935818553,0.7146210074,0.2525578141,-0.2709895968,0.0000000000,0.0000000000,0.0000000000,0.0000000000,0.0000000000,0.0000000000,-0.3747673035,0.3593859673,-0.2929776907,0.9851393104,-0.1669315547,-0.0462923050,0.2803450525,0.6725061536,0.1575827748,-0.6667479277,
7032.833,0.1220740378,-0.1831110567,1.0376293659,0.0660420582,0.0035401471,-1.0097965002,-0.1529587656,-0.0449232459,-0.4361705482,0.0008422509,0.0077001932,-0.0119324327,0.0322463699,0.0991030335,-0.9946626425,0.0053040455,1.0376293659,0.4882961512,-2.9297769070,-0.4917142391,0.9001739621,0.0196539201,-0.2811365128,0.4589983821,-0.3293557465,0.1949036717,0.1880539656,0.1674911976,0.5933381915,0.7150601149,0.2507012784,-0.2720866501,1.0376293659,0.4882961512,-2.9297769070,-0.4917142391,0.9001739621,0.0196539201,-0.2811365128,0.4589983821,-0.3293557465,0.1949036717,0.1880539656,0.1674911976,0.5933381915,0.7150601149,0.2507012784,-0.2720866501,0.0000000000,0.0000000000,0.0000000000,0.0000000000,0.0000000000,0.0000000000,-0.3728141189,0.3584093750,-0.2949308753,0.9851394296,-0.1669320911,-0.0462928414,0.2805424035,0.6724595428,0.1577814072,-0.6666651368,
7032.846,0.1220740378,-0.1220740378,0.9765923023,0.0645771697,0.0041505173,-1.0100406408,-0.1485641003,-0.0437025055,-0.4353160262,-0.0005937144,0.0083016418,-0.0121746659,0.0322323851,0.0991049781,-0.9946630597,0.0052982285,1.0986663103,0.7324442267,-2.8687398434,-0.4875636995,0.8980987072,0.0250251777,-0.2827234864,0.4641254842,-0.3250831664,0.1985166371,0.1853364706,0.1722634435,0.5931001306,0.7154929042,0.2488626242,-0.2731539607,1.0986663103,0.7324442267,-2.8687398434,-0.4875636995,0.8980987072,0.0250251777,-0.2827234864,0.4641254842,-0.3250831664,0.1985166371,0.1853364706,0.1722634435,0.5931001306,0.7154929042,0.2488626242,-0.2731539607,0.0000000000,0.0000000000,0.0000000000,0.0000000000,0.0000000000,0.0000000000,-0.3737907112,0.3569445014,-0.2968840599,0.9851390719,-0.1669325680,-0.0462929606,0.2807289064,0.6724152565,0.1579691470,-0.6665866375,
7032.859,0.1220740378,-0.1220740378,0.9765923023,0.0643330216,0.0045167394,-1.0099185705,-0.1475875080,-0.0463881344,-0.4342173636,-0.0008078814,0.0086571686,-0.0120505691,0.0322177634,0.0991462469,-0.9946592450,0.0052927523,0.8545182943,-0.6103702188,-3.2349619865,-0.4698629677,0.8884548545,0.0352793969,-0.2810144424,0.4605853558,-0.3266701400,0.2157288492,0.1750505567,0.1816812307,0.5929173231,0.7158604264,0.2469576299,-0.2743138969,0.8545182943,-0.6103702188,-3.2349619865,-0.4698629677,0.8884548545,0.0352793969,-0.2810144424,0.4605853558,-0.3266701400,0.2157288492,0.1750505567,0.1816812307,0.5929173231,0.7158604264,0.2469576299,-0.2743138969,0.0000000000,0.0000000000,0.0000000000,0.0000000000,0.0000000000,0.0000000000,-0.3745231628,0.3608508706,-0.3066499829,0.9851392508,-0.1669331193,-0.0462935567,0.2808999419,0.6723747849,0.1581412405,-0.6665148139,
7032.872,0.1220740378,-0.1220740378,0.9765923023,0.0643330216,0.0031739250,-1.0107730627,-0.1479537338,-0.0462660603,-0.4332407713,-0.0007778257,0.0073103616,-0.0129030943,0.0322027765,0.0991847515,-0.9946560264,0.0052905148,0.6103702188,-2.1362955570,-3.6011841297,-0.4709616303,0.8876003027,0.0358897671,-0.2791833282,0.4597308338,-0.3316751719,0.2142325640,0.1735991836,0.1812421978,0.5927683711,0.7161659002,0.2450020164,-0.2755892873,0.6103702188,-2.1362955570,-3.6011841297,-0.4709616303,0.8876003027,0.0358897671,-0.2791833282,0.4597308338,-0.3316751719,0.2142325640,0.1735991836,0.1812421978,0.5927683711,0.7161659002,0.2450020164,-0.2755892873,0.0000000000,0.0000000000,0.0000000000,0.0000000000,0.0000000000,0.0000000000,-0.3715933859,0.3574327826,-0.2929776907,0.9851388931,-0.1669335812,-0.0462935567,0.2810975611,0.6723277569,0.1583402157,-0.6664314866,
7032.885,0.1220740378,-0.1220740378,0.9765923023,0.0666524246,0.0024414808,-1.0104068518,-0.1518601030,-0.0446790978,-0.4320200086,0.0015599802,0.0065775523,-0.0125356913,0.0321935974,0.0991897881,-0.9946557879,0.0052895802,0.4272591472,-3.1739249229,-3.7842950821,-0.4823145270,0.8930936456,0.0274666585,-0.2816247940,0.4594866931,-0.3278908730,0.2025524974,0.1785448194,0.1716679335,0.5926242471,0.7164373398,0.2430262268,-0.2769401670,0.4272591472,-3.1739249229,-3.7842950821,-0.4823145270,0.8930936456,0.0274666585,-0.2816247940,0.4594866931,-0.3278908730,0.2025524974,0.1785448194,0.1716679335,0.5926242471,0.7164373398,0.2430262268,-0.2769401670,0.0000000000,0.0000000000,0.0000000000,0.0000000000,0.0000000000,0.0000000000,-0.3720816672,0.3618274629,-0.2968840599,0.9851389527,-0.1669341028,-0.0462940931,0.2812958062,0.6722806692,0.1585397869,-0.6663480401,
7032.898,0.1220740378,-0.0610370189,1.0376293659,0.0687276870,0.0030518509,-1.0110172033,-0.1491744816,-0.0430921353,-0.4395886064,0.0036329627,0.0071852431,-0.0131461620,0.0321949497,0.0991749913,-0.9946572185,0.0052878819,0.6103702188,-1.7090365887,-3.6622211933,-0.5018463731,0.9006622434,0.0163579211,-0.2824793160,0.4596087635,-0.3293557465,0.1826821566,0.1856090426,0.1596637964,0.5924061537,0.7167623639,0.2411390692,-0.2782121599,0.6103702188,-1.7090365887,-3.6622211933,-0.5018463731,0.9006622434,0.0163579211,-0.2824793160,0.4596087635,-0.3293557465,0.1826821566,0.1856090426,0.1596637964,0.5924061537,0.7167623639,0.2411390692,-0.2782121599,0.0000000000,0.0000000000,0.0000000000,0.0000000000,0.0000000000,0.0000000000,-0.3715933859,0.3579210937,-0.2968840599,0.9851387739,-0.1669345945,-0.0462943316,0.2814825177,0.6722361445,0.1587277502,-0.6662693024,
7032.911,0.1220740378,-0.0610370189,1.0376293659,0.0686056092,0.0042725913,-1.0111392736,-0.1538132876,-0.0465102084,-0.4323862493,0.0035092309,0.0083972961,-0.0132682920,0.0321961083,0.0991925299,-0.9946555495,0.0052842065,0.8545182943,-0.4882961512,-3.4791100025,-0.5058748126,0.9021271467,0.0144047365,-0.2784508765,0.4596087635,-0.3263038993,0.1782718301,0.1865668297,0.1570044756,0.5921474695,0.7171263099,0.2393185496,-0.2793948948,0.8545182943,-0.4882961512,-3.4791100025,-0.5058748126,0.9021271467,0.0144047365,-0.2784508765,0.4596087635,-0.3263038993,0.1782718301,0.1865668297,0.1570044756,0.5921474695,0.7171263099,0.2393185496,-0.2793948948,0.0000000000,0.0000000000,0.0000000000,0.0000000000,0.0000000000,0.0000000000,-0.3723258078,0.3579210937,-0.2949308753,0.9851387143,-0.1669351161,-0.0462948084,0.2816730142,0.6721907258,0.1589195132,-0.6661889553,
7032.924,0.1220740378,-0.0610370189,1.0376293659,0.0686056092,0.0034180731,-1.0112613440,-0.1564989239,-0.0451673940,-0.4326303899,0.0035076514,0.0075383512,-0.0133904219,0.0321971588,0.0991843268,-0.9946562648,0.0052818172,0.9155552983,0.5493331552,-3.3570361137,-0.5042878389,0.9011505246,0.0159916990,-0.2822351754,0.4607074261,-0.3289895356,0.1794346571,0.1850697994,0.1580128968,0.5918626785,0.7175177336,0.2375342697,-0.2805137336,0.9155552983,0.5493331552,-3.3570361137,-0.5042878389,0.9011505246,0.0159916990,-0.2822351754,0.4607074261,-0.3289895356,0.1794346571,0.1850697994,0.1580128968,0.5918626785,0.7175177336,0.2375342697,-0.2805137336,0.0000000000,0.0000000000,0.0000000000,0.0000000000,0.0000000000,0.0000000000,-0.3745231628,0.3579210937,-0.2968840599,0.9851387143,-0.1669356972,-0.0462951660,0.2818561196,0.6721470356,0.1591038257,-0.6661116481,
7032.937,0.1220740378,0.0000000000,1.0376293659,0.0684835389,0.0018311106,-1.0100406408,-0.1541795135,-0.0433362834,-0.4316537976,0.0033735558,0.0059548081,-0.0121705532,0.0322031118,0.0991595909,-0.9946585298,0.0052833166,0.6714072227,0.8545182943,-3.1739249229,-0.4897610545,0.8912625313,0.0247810297,-0.2805261314,0.4593645930,-0.3315531015,0.1934856772,0.1746068001,0.1661905795,0.5916078687,0.7178947330,0.2357444912,-0.2815943062,0.6714072227,0.8545182943,-3.1739249229,-0.4897610545,0.8912625313,0.0247810297,-0.2805261314,0.4593645930,-0.3315531015,0.1934856772,0.1746068001,0.1661905795,0.5916078687,0.7178947330,0.2357444912,-0.2815943062,0.0000000000,0.0000000000,0.0000000000,0.0000000000,0.0000000000,0.0000000000,-0.3745231628,0.3623157442,-0.2949308753,0.9851385951,-0.1669361889,-0.0462954640,0.2820554376,0.6720993519,0.1593045443,-0.6660273671,
7032.950,0.1220740378,-0.0610370189,0.9765923023,0.0682393909,0.0031739250,-1.0108951330,-0.1535691470,-0.0454115421,-0.4309213459,0.0031295195,0.0072937105,-0.0130249858,0.0322031975,0.0991693661,-0.9946575761,0.0052816803,0.2441480756,0.0610370189,-3.2959990501,-0.4852443039,0.8878445029,0.0268562883,-0.2808923721,0.4624164701,-0.3269142807,0.1975562274,0.1706122756,0.1674983650,0.5914005637,0.7182168365,0.2339428812,-0.2827089131,0.2441480756,0.0610370189,-3.2959990501,-0.4852443039,0.8878445029,0.0268562883,-0.2808923721,0.4624164701,-0.3269142807,0.1975562274,0.1706122756,0.1674983650,0.5914005637,0.7182168365,0.2339428812,-0.2827089131,0.0000000000,0.0000000000,0.0000000000,0.0000000000,0.0000000000,0.0000000000,-0.3742789924,0.3593859673,-0.2929776907,0.9851383567,-0.1669366956,-0.0462957025,0.2822510302,0.6720525026,0.1595014930,-0.6659445763,
7032.963,0.1220740378,-0.1220740378,0.9765923023,0.0676290169,0.0028077029,-1.0110172033,-0.1538132876,-0.0432142094,-0.4315317273,0.0025329292,0.0069254045,-0.0131461620,0.0321965367,0.0991496593,-0.9946597815,0.0052793189,-0.1831110567,-0.9765923023,-3.4180731773,-0.4887844622,0.8876003027,0.0274666585,-0.2808923721,0.4611957073,-0.3276467323,0.1936227977,0.1698096991,0.1671645641,0.5912318230,0.7184827328,0.2321093976,-0.2838943005,-0.1831110567,-0.9765923023,-3.4180731773,-0.4887844622,0.8876003027,0.0274666585,-0.2808923721,0.4611957073,-0.3276467323,0.1936227977,0.1698096991,0.1671645641,0.5912318230,0.7184827328,0.2321093976,-0.2838943005,0.0000000000,0.0000000000,0.0000000000,0.0000000000,0.0000000000,0.0000000000,-0.3747673035,0.3569445014,-0.2949308753,0.9851384759,-0.1669372469,-0.0462962389,0.2824334800,0.6720088124,0.1596851796,-0.6658674479,
7032.976,0.1220740378,-0.1220740378,0.9765923023,0.0683614612,0.0032959990,-1.0102847815,-0.1505172849,-0.0419934690,-0.4311655164,0.0032752529,0.0074092033,-0.0124130845,0.0321919769,0.0991239622,-0.9946625233,0.0052757575,-0.6103702188,-1.9531846046,-3.3570361137,-0.4919583797,0.8929715753,0.0238044374,-0.2823572457,0.4591204524,-0.3324075937,0.1900712252,0.1746103764,0.1624107063,0.5910952687,0.7187095881,0.2302233130,-0.2851372659,-0.6103702188,-1.9531846046,-3.3570361137,-0.4919583797,0.8929715753,0.0238044374,-0.2823572457,0.4591204524,-0.3324075937,0.1900712252,0.1746103764,0.1624107063,0.5910952687,0.7187095881,0.2302233130,-0.2851372659,0.0000000000,0.0000000000,0.0000000000,0.0000000000,0.0000000000,0.0000000000,-0.3733024001,0.3588976860,-0.2929776907,0.9851380587,-0.1669376642,-0.0462962389,0.2826263309,0.6719623804,0.1598794311,-0.6657856107,
7032.989,0.1220740378,-0.1220740378,0.9765923023,0.0676290169,0.0025635548,-1.0108951330,-0.1492965519,-0.0406506546,-0.4338511229,0.0025564358,0.0066759065,-0.0130225420,0.0321854427,0.0990834013,-0.9946667552,0.0052733431,-0.7324442267,-2.0142216682,-3.4791100025,-0.4895168841,0.8923612237,0.0223395489,-0.2827234864,0.4574114084,-0.3304544091,0.1921458542,0.1734392047,0.1598432511,0.5909583569,0.7189259529,0.2283439338,-0.2863849998,-0.7324442267,-2.0142216682,-3.4791100025,-0.4895168841,0.8923612237,0.0223395489,-0.2827234864,0.4574114084,-0.3304544091,0.1921458542,0.1734392047,0.1598432511,0.5909583569,0.7189259529,0.2283439338,-0.2863849998,0.0000000000,0.0000000000,0.0000000000,0.0000000000,0.0000000000,0.0000000000,-0.3730582595,0.3603625596,-0.2929776907,0.9851382375,-0.1669382304,-0.0462970138,0.2828224897,0.6719152927,0.1600769460,-0.6657025814,
7033.002,0.1220740378,-0.1220740378,0.9765923023,0.0664082766,0.0028077029,-1.0104068518,-0.1518601030,-0.0418713950,-0.4304330647,0.0013550967,0.0069179926,-0.0125330091,0.0321760401,0.0990526453,-0.9946701527,0.0052703568,-0.7934812307,-1.8921475410,-3.6622211933,-0.4931791127,0.8891872764,0.0168462172,-0.2854090929,0.4609515667,-0.3309427202,0.1881507337,0.1697471142,0.1532855630,0.5908017755,0.7191393971,0.2264983952,-0.2876344621,-0.7934812307,-1.8921475410,-3.6622211933,-0.4931791127,0.8891872764,0.0168462172,-0.2854090929,0.4609515667,-0.3309427202,0.1881507337,0.1697471142,0.1532855630,0.5908017755,0.7191393971,0.2264983952,-0.2876344621,0.0000000000,0.0000000000,0.0000000000,0.0000000000,0.0000000000,0.0000000000,-0.3735465705,0.3559679091,-0.2968840599,0.9851379991,-0.1669387221,-0.0462971926,0.2829948664,0.6718737483,0.1602505296,-0.6656293869,
7033.015,0.1220740378,-0.1220740378,0.9765923023,0.0666524246,0.0028077029,-1.0099185705,-0.1516159624,-0.0379650258,-0.4293344021,0.0016172007,0.0069159265,-0.0120435357,0.0321676284,0.0989711657,-0.9946784973,0.0052658017,-0.9155552983,-0.6103702188,-3.9063692093,-0.4961088896,0.8885769248,0.0157475509,-0.2855311632,0.4616840184,-0.3272804916,0.1848987937,0.1686579585,0.1512688696,0.5906159282,0.7193682790,0.2247516960,-0.2888116241,-0.9155552983,-0.6103702188,-3.9063692093,-0.4961088896,0.8885769248,0.0157475509,-0.2855311632,0.4616840184,-0.3272804916,0.1848987937,0.1686579585,0.1512688696,0.5906159282,0.7193682790,0.2247516960,-0.2888116241,0.0000000000,0.0000000000,0.0000000000,0.0000000000,0.0000000000,0.0000000000,-0.3730582595,0.3608508706,-0.2910245061,0.9851378202,-0.1669392437,-0.0462973714,0.2831956148,0.6718253493,0.1604527384,-0.6655440927,
7033.028,0.1220740378,-0.1220740378,0.9765923023,0.0657979101,0.0026856288,-1.0108951330,-0.1500289887,-0.0411389507,-0.4305551350,0.0007850379,0.0067924121,-0.0130186081,0.0321567394,0.0989366844,-0.9946824312,0.0052628587,-1.0986663103,-0.1220740378,-4.0284433365,-0.4980620742,0.8877224326,0.0134281442,-0.2880947292,0.4611957073,-0.3298440576,0.1826344132,0.1673462987,0.1480815709,0.5904158354,0.7195993662,0.2230397910,-0.2899697125,-1.0986663103,-0.1220740378,-4.0284433365,-0.4980620742,0.8877224326,0.0134281442,-0.2880947292,0.4611957073,-0.3298440576,0.1826344132,0.1673462987,0.1480815709,0.5904158354,0.7195993662,0.2230397910,-0.2899697125,0.0000000000,0.0000000000,0.0000000000,0.0000000000,0.0000000000,0.0000000000,-0.3747673035,0.3579210937,-0.2910245061,0.9851379395,-0.1669397503,-0.0462979674,0.2833862901,0.6717793941,0.1606447846,-0.6654631495,
7033.041,0.1220740378,-0.0610370189,0.9765923023,0.0656758323,0.0026856288,-1.0094301701,-0.1499069184,-0.0479750969,-0.4309213459,0.0006747395,0.0067909607,-0.0115529299,0.0321506485,0.0989931077,-0.9946769476,0.0052633760,-1.2207404375,0.2441480756,-4.0894804001,-0.4958647490,0.8868678808,0.0155034028,-0.2888271809,0.4613177776,-0.3266701400,0.1845164299,0.1660358906,0.1493109614,0.5902169943,0.7198253870,0.2213563919,-0.2911015749,-1.2207404375,0.2441480756,-4.0894804001,-0.4958647490,0.8868678808,0.0155034028,-0.2888271809,0.4613177776,-0.3266701400,0.1845164299,0.1660358906,0.1493109614,0.5902169943,0.7198253870,0.2213563919,-0.2911015749,0.0000000000,0.0000000000,0.0000000000,0.0000000000,0.0000000000,0.0000000000,-0.3723258078,0.3598742783,-0.2929776907,0.9851375222,-0.1669402272,-0.0462980270,0.2835775614,0.6717330813,0.1608374864,-0.6653816700,
7033.054,0.1220740378,-0.0610370189,0.9765923023,0.0657979101,0.0034180731,-1.0101627111,-0.1555223316,-0.0440687276,-0.4361705482,0.0008081496,0.0075183455,-0.0122846961,0.0321453251,0.0989793763,-0.9946784973,0.0052598510,-1.5869624615,0.4272591472,-4.3946652412,-0.4970854819,0.8862575293,0.0220954008,-0.2905362248,0.4630268216,-0.3250831664,0.1830230653,0.1650021076,0.1550047100,0.5900371671,0.7200160623,0.2197152078,-0.2922353446,-1.5869624615,0.4272591472,-4.3946652412,-0.4970854819,0.8862575293,0.0220954008,-0.2905362248,0.4630268216,-0.3250831664,0.1830230653,0.1650021076,0.1550047100,0.5900371671,0.7200160623,0.2197152078,-0.2922353446,0.0000000000,0.0000000000,0.0000000000,0.0000000000,0.0000000000,0.0000000000,-0.3733024001,0.3593859673,-0.2929776907,0.9851377010,-0.1669407487,-0.0462986827,0.2837660313,0.6716875434,0.1610273272,-0.6653015614,
7033.067,0.1831110567,-0.0610370189,0.9765923023,0.0655537620,0.0037842952,-1.0101627111,-0.1513718069,-0.0400402844,-0.4382458031,0.0005764812,0.0078883525,-0.0122838616,0.0321392082,0.0989248157,-0.9946841002,0.0052593523,-1.7090365887,0.3051851094,-4.3946652412,-0.5030671358,0.8895534873,0.0244148076,-0.2846766710,0.4569231272,-0.3261818290,0.1767862439,0.1678850055,0.1563882679,0.5898639560,0.7201898098,0.2180757225,-0.2933833301,-1.7090365887,0.3051851094,-4.3946652412,-0.5030671358,0.8895534873,0.0244148076,-0.2846766710,0.4569231272,-0.3261818290,0.1767862439,0.1678850055,0.1563882679,0.5898639560,0.7201898098,0.2180757225,-0.2933833301,0.0000000000,0.0000000000,0.0000000000,0.0000000000,0.0000000000,0.0000000000,-0.3742789924,0.3588976860,-0.3066499829,0.9851374626,-0.1669412404,-0.0462988019,0.2839163244,0.6716510653,0.1611786634,-0.6652374864,
7033.080,0.1220740378,0.0000000000,0.9765923023,0.0651875362,0.0021973327,-1.0101627111,-0.1503952146,-0.0428479873,-0.4309213459,0.0002138466,0.0063023665,-0.0122836828,0.0321374387,0.0989121050,-0.9946854115,0.0052592494,-1.7090365887,0.1220740378,-4.2725911140,-0.5105136037,0.8933377862,0.0281991027,-0.2899258435,0.4581438601,-0.3253273070,0.1690911651,0.1712585092,0.1592018604,0.5896928310,0.7203521729,0.2164195925,-0.2945521772,-1.7090365887,0.1220740378,-4.2725911140,-0.5105136037,0.8933377862,0.0281991027,-0.2899258435,0.4581438601,-0.3253273070,0.1690911651,0.1712585092,0.1592018604,0.5896928310,0.7203521729,0.2164195925,-0.2945521772,0.0000000000,0.0000000000,0.0000000000,0.0000000000,0.0000000000,0.0000000000,-0.3728141189,0.3603625596,-0.3105563521,0.9851373434,-0.1669417173,-0.0462991595,0.2840610147,0.6716159582,0.1613243371,-0.6651758552,
7033.093,0.1220740378,-0.0610370189,0.9155552983,0.0666524246,0.0029297769,-1.0108951330,-0.1538132876,-0.0421155430,-0.4323862493,0.0016859248,0.0070314799,-0.0130155683,0.0321341679,0.0988846719,-0.9946882725,0.0052563483,-1.5869624615,-0.1831110567,-3.6622211933,-0.5106356740,0.8923612237,0.0343028046,-0.2852870226,0.4603411853,-0.3275246322,0.1686560512,0.1698035598,0.1642890722,0.5895465612,0.7205078006,0.2147205621,-0.2957054675,-1.5869624615,-0.1831110567,-3.6622211933,-0.5106356740,0.8923612237,0.0343028046,-0.2852870226,0.4603411853,-0.3275246322,0.1686560512,0.1698035598,0.1642890722,0.5895465612,0.7205078006,0.2147205621,-0.2957054675,0.0000000000,0.0000000000,0.0000000000,0.0000000000,0.0000000000,0.0000000000,-0.3730582595,0.3608508706,-0.3066499829,0.9851373434,-0.1669422239,-0.0462995768,0.2842159569,0.6715783477,0.1614803523,-0.6651098132,
7033.106,0.1220740378,-0.0610370189,0.9155552983,0.0681173131,0.0018311106,-1.0116275549,-0.1530808508,-0.0446790978,-0.4306772053,0.0031510070,0.0059349309,-0.0137480497,0.0321339183,0.0988933593,-0.9946873784,0.0052576736,-1.5259255171,-0.4272591472,-3.4180731773,-0.5127109885,0.8911404610,0.0310068056,-0.2835779786,0.4624164701,-0.3227637708,0.1662500501,0.1680894494,0.1599753201,0.5894026756,0.7206606865,0.2130157053,-0.2968505323,-1.5259255171,-0.4272591472,-3.4180731773,-0.5127109885,0.8911404610,0.0310068056,-0.2835779786,0.4624164701,-0.3227637708,0.1662500501,0.1680894494,0.1599753201,0.5894026756,0.7206606865,0.2130157053,-0.2968505323,0.0000000000,0.0000000000,0.0000000000,0.0000000000,0.0000000000,0.0000000000,-0.3718375266,0.3608508706,-0.2949308753,0.9851371646,-0.1669427603,-0.0462999344,0.2844008803,0.6715334058,0.1616666466,-0.6650308967,
7033.119,0.1220740378,0.0000000000,0.9765923023,0.0682393909,0.0014648885,-1.0105289221,-0.1555223316,-0.0450453199,-0.4281136394,0.0032617226,0.0055733090,-0.0126501918,0.0321393460,0.0988945588,-0.9946870804,0.0052605658,-1.5259255171,-0.4882961512,-3.1739249229,-0.5153965950,0.8924832940,0.0285653248,-0.2885830402,0.4640034139,-0.3267922103,0.1632098556,0.1689198613,0.1565250754,0.5892517567,0.7208199501,0.2112860531,-0.2979975045,-1.5259255171,-0.4882961512,-3.1739249229,-0.5153965950,0.8924832940,0.0285653248,-0.2885830402,0.4640034139,-0.3267922103,0.1632098556,0.1689198613,0.1565250754,0.5892517567,0.7208199501,0.2112860531,-0.2979975045,0.0000000000,0.0000000000,0.0000000000,0.0000000000,0.0000000000,0.0000000000,-0.3747673035,0.3574327826,-0.2949308753,0.9851369858,-0.1669432670,-0.0463001728,0.2845737040,0.6714913249,0.1618407518,-0.6649570465,
7033.132,0.1220740378,0.0000000000,0.9765923023,0.0688497573,0.0020752586,-1.0112613440,-0.1511276662,-0.0417493209,-0.4355601668,0.0038580149,0.0061852499,-0.0133835077,0.0321464390,0.0988640562,-0.9946900010,0.0052610594,-1.5869624615,-0.4272591472,-2.7466659546,-0.5130771995,0.8901638985,0.0274666585,-0.2889492512,0.4613177776,-0.3285012245,0.1651167274,0.1660375595,0.1544268578,0.5891059041,0.7209866047,0.2095273882,-0.2991222441,-1.5869624615,-0.4272591472,-2.7466659546,-0.5130771995,0.8901638985,0.0274666585,-0.2889492512,0.4613177776,-0.3285012245,0.1651167274,0.1660375595,0.1544268578,0.5891059041,0.7209866047,0.2095273882,-0.2991222441,0.0000000000,0.0000000000,0.0000000000,0.0000000000,0.0000000000,0.0000000000,-0.3723258078,0.3603625596,-0.2968840599,0.9851369858,-0.1669437438,-0.0463005900,0.2847500741,0.6714483500,0.1620184332,-0.6648817062,
7033.145,0.1220740378,-0.0610370189,0.9765923023,0.0687276870,0.0037842952,-1.0113834143,-0.1525925547,-0.0457777642,-0.4315317273,0.0037332326,0.0078874184,-0.0135056973,0.0321480297,0.0988832489,-0.9946879745,0.0052583958,-1.6479995251,-0.3051851094,-2.5635547638,-0.5133213401,0.8893093467,0.0297860652,-0.2907803655,0.4613177776,-0.3275246322,0.1644385457,0.1646021605,0.1557470113,0.5889645815,0.7211499214,0.2077653706,-0.3002336621,-1.6479995251,-0.3051851094,-2.5635547638,-0.5133213401,0.8893093467,0.0297860652,-0.2907803655,0.4613177776,-0.3275246322,0.1644385457,0.1646021605,0.1557470113,0.5889645815,0.7211499214,0.2077653706,-0.3002336621,0.0000000000,0.0000000000,0.0000000000,0.0000000000,0.0000000000,0.0000000000,-0.3747673035,0.3574327826,-0.2910245061,0.9851369262,-0.1669442952,-0.0463010073,0.2849314809,0.6714041233,0.1622011960,-0.6648041606,
7033.158,0.1220740378,-0.0610370189,0.9155552983,0.0681173131,0.0032959990,-1.0122379065,-0.1534470618,-0.0451673940,-0.4289681613,0.0031233951,0.0073940190,-0.0143601298,0.0321479402,0.0988976806,-0.9946865439,0.0052562957,-1.6479995251,-0.1831110567,-2.3804438114,-0.5138096213,0.8891872764,0.0312509537,-0.2882167995,0.4636372030,-0.3335062861,0.1634941697,0.1638822556,0.1562241316,0.5888257623,0.7213125229,0.2060054988,-0.3013264537,-1.6479995251,-0.1831110567,-2.3804438114,-0.5138096213,0.8891872764,0.0312509537,-0.2882167995,0.4636372030,-0.3335062861,0.1634941697,0.1638822556,0.1562241316,0.5888257623,0.7213125229,0.2060054988,-0.3013264537,0.0000000000,0.0000000000,0.0000000000,0.0000000000,0.0000000000,0.0000000000,-0.3715933859,0.3564561903,-0.2910245061,0.9851369262,-0.1669448167,-0.0463013649,0.2851111293,0.6713602543,0.1623822004,-0.6647272706,
7033.171,0.1220740378,-0.0610370189,0.9765923023,0.0679952428,0.0028077029,-1.0111392736,-0.1514938772,-0.0424817652,-0.4292123318,0.0030021295,0.0069037299,-0.0132614374,0.0321477428,0.0988774449,-0.9946885705,0.0052546095,-1.7700735331,-0.7324442267,-1.9531846046,-0.5086824894,0.8877224326,0.0386974700,-0.2887051105,0.4624164701,-0.3292336762,0.1681144238,0.1617555618,0.1625715643,0.5887273550,0.7214480042,0.2041895092,-0.3024285734,-1.7700735331,-0.7324442267,-1.9531846046,-0.5086824894,0.8877224326,0.0386974700,-0.2887051105,0.4624164701,-0.3292336762,0.1681144238,0.1617555618,0.1625715643,0.5887273550,0.7214480042,0.2041895092,-0.3024285734,0.0000000000,0.0000000000,0.0000000000,0.0000000000,0.0000000000,0.0000000000,-0.3725699782,0.3554795980,-0.3066499829,0.9851366282,-0.1669452637,-0.0463016629,0.2852461040,0.6713271737,0.1625181288,-0.6646694541,
7033.184,0.1220740378,-0.0610370189,0.9765923023,0.0672627985,0.0025635548,-1.0099185705,-0.1518601030,-0.0422376171,-0.4327524602,0.0022736788,0.0066587888,-0.0120404959,0.0321459249,0.0988521278,-0.9946912527,0.0052531981,-1.8311105967,-1.4648884535,-1.7700735331,-0.5091708302,0.8871120214,0.0401623584,-0.2867519259,0.4585101008,-0.3248390257,0.1671159267,0.1604667902,0.1628410965,0.5886484981,0.7215574384,0.2023305297,-0.3035680950,-1.8311105967,-1.4648884535,-1.7700735331,-0.5091708302,0.8871120214,0.0401623584,-0.2867519259,0.4585101008,-0.3248390257,0.1671159267,0.1604667902,0.1628410965,0.5886484981,0.7215574384,0.2023305297,-0.3035680950,0.0000000000,0.0000000000,0.0000000000,0.0000000000,0.0000000000,0.0000000000,-0.3723258078,0.3598742783,-0.2949308753,0.9851365089,-0.1669457406,-0.0463019013,0.2854228020,0.6712839007,0.1626961827,-0.6645936966,
7033.197,0.0610370189,-0.0610370189,0.9765923023,0.0679952428,0.0026856288,-1.0105289221,-0.1494186223,-0.0434583575,-0.4328745306,0.0030067191,0.0067688464,-0.0126507282,0.0321462341,0.0988503173,-0.9946913719,0.0052471291,-1.8311105967,-2.0752587318,-1.6479995251,-0.5129551291,0.8888210654,0.0378429517,-0.2923673093,0.4638813436,-0.3261818290,0.1628273129,0.1614968181,0.1592711508,0.5885723829,0.7216520309,0.2004386485,-0.3047432303,-1.8311105967,-2.0752587318,-1.6479995251,-0.5129551291,0.8888210654,0.0378429517,-0.2923673093,0.4638813436,-0.3261818290,0.1628273129,0.1614968181,0.1592711508,0.5885723829,0.7216520309,0.2004386485,-0.3047432303,0.0000000000,0.0000000000,0.0000000000,0.0000000000,0.0000000000,0.0000000000,-0.3713492155,0.3564561903,-0.2968840599,0.9851364493,-0.1669462621,-0.0463023186,0.2855846584,0.6712442636,0.1628592461,-0.6645243168,
7033.210,0.1220740378,-0.0610370189,0.9765923023,0.0670186505,0.0021973327,-1.0097965002,-0.1521042585,-0.0412610248,-0.4321421087,0.0020352751,0.0062816278,-0.0119179487,0.0321438201,0.0988117158,-0.9946952462,0.0052461633,-1.5869624615,-1.8311105967,-1.0986663103,-0.5225989819,0.8918729424,0.0324716941,-0.2917569578,0.4614398777,-0.3219092488,0.1526269913,0.1638386250,0.1527404487,0.5884728432,0.7217767835,0.1985352933,-0.3058845401,-1.5869624615,-1.8311105967,-1.0986663103,-0.5225989819,0.8918729424,0.0324716941,-0.2917569578,0.4614398777,-0.3219092488,0.1526269913,0.1638386250,0.1527404487,0.5884728432,0.7217767835,0.1985352933,-0.3058845401,0.0000000000,0.0000000000,0.0000000000,0.0000000000,0.0000000000,0.0000000000,-0.3725699782,0.3579210937,-0.2949308753,0.9851364493,-0.1669467986,-0.0463027358,0.2857541442,0.6712027192,0.1630300134,-0.6644515991,
7033.223,0.1220740378,-0.0610370189,0.9765923023,0.0666524246,0.0028077029,-1.0100406408,-0.1541795135,-0.0411389507,-0.4287240207,0.0016760454,0.0068900557,-0.0121616721,0.0321406685,0.0987666473,-0.9946998358,0.0052433931,-1.2817773819,-1.2207404375,-0.7934812307,-0.5245521665,0.8943144083,0.0321054719,-0.2885830402,0.4657124579,-0.3194677532,0.1500681043,0.1655477285,0.1513335109,0.5883550048,0.7219290733,0.1966616511,-0.3069598973,-1.2817773819,-1.2207404375,-0.7934812307,-0.5245521665,0.8943144083,0.0321054719,-0.2885830402,0.4657124579,-0.3194677532,0.1500681043,0.1655477285,0.1513335109,0.5883550048,0.7219290733,0.1966616511,-0.3069598973,0.0000000000,0.0000000000,0.0000000000,0.0000000000,0.0000000000,0.0000000000,-0.3723258078,0.3598742783,-0.2968840599,0.9851362705,-0.1669473201,-0.0463030338,0.2859231532,0.6711611748,0.1632003188,-0.6643790007,
7033.236,0.1220740378,-0.0610370189,0.9765923023,0.0664082766,0.0032959990,-1.0111392736,-0.1533249915,-0.0433362834,-0.4339731932,0.0014404058,0.0073740231,-0.0132597089,0.0321367197,0.0987517908,-0.9947015643,0.0052403361,-0.9765923023,-0.3662221134,-0.4272591472,-0.5262611508,0.8933377862,0.0328379162,-0.2902920544,0.4648579359,-0.3209326565,0.1476982832,0.1638128161,0.1511655152,0.5882052183,0.7221224904,0.1947984099,-0.3079786003,-0.9765923023,-0.3662221134,-0.4272591472,-0.5262611508,0.8933377862,0.0328379162,-0.2902920544,0.4648579359,-0.3209326565,0.1476982832,0.1638128161,0.1511655152,0.5882052183,0.7221224904,0.1947984099,-0.3079786003,0.0000000000,0.0000000000,0.0000000000,0.0000000000,0.0000000000,0.0000000000,-0.3737907112,0.3588976860,-0.2910245061,0.9851362109,-0.1669478416,-0.0463034511,0.2861032188,0.6711168885,0.1633817852,-0.6643016338,
7033.249,0.1220740378,-0.0610370189,0.9765923023,0.0661641285,0.0036622211,-1.0107730627,-0.1508835107,-0.0418713950,-0.4342173636,0.0012058243,0.0077341199,-0.0128929019,0.0321323983,0.0987249985,-0.9947043061,0.0052359481,-0.6714072227,0.3051851094,0.1831110567,-0.5190588236,0.8872340918,0.0352793969,-0.2890713215,0.4624164701,-0.3239845037,0.1541405916,0.1568796635,0.1528162658,0.5880412459,0.7223547697,0.1929135025,-0.3089321256,-0.6714072227,0.3051851094,0.1831110567,-0.5190588236,0.8872340918,0.0352793969,-0.2890713215,0.4624164701,-0.3239845037,0.1541405916,0.1568796635,0.1528162658,0.5880412459,0.7223547697,0.1929135025,-0.3089321256,0.0000000000,0.0000000000,0.0000000000,0.0000000000,0.0000000000,0.0000000000,-0.3740348518,0.3584093750,-0.2949308753,0.9851361513,-0.1669483483,-0.0463038683,0.2862705588,0.6710757017,0.1635504067,-0.6642296910,
7033.262,0.1220740378,0.0000000000,0.9765923023,0.0650654659,0.0025635548,-1.0107730627,-0.1528366953,-0.0455336161,-0.4339731932,0.0001114458,0.0066347844,-0.0128926039,0.0321302153,0.0987404510,-0.9947028160,0.0052359025,-0.3662221134,0.4882961512,0.3662221134,-0.5127109885,0.8838160634,0.0372325815,-0.2896817029,0.4652241468,-0.3211767972,0.1596913934,0.1526096463,0.1540329456,0.5878667235,0.7226019502,0.1910237968,-0.3098588884,-0.3662221134,0.4882961512,0.3662221134,-0.5127109885,0.8838160634,0.0372325815,-0.2896817029,0.4652241468,-0.3211767972,0.1596913934,0.1526096463,0.1540329456,0.5878667235,0.7226019502,0.1910237968,-0.3098588884,0.0000000000,0.0000000000,0.0000000000,0.0000000000,0.0000000000,0.0000000000,-0.3733024001,0.3618274629,-0.2968840599,0.9851359129,-0.1669488549,-0.0463039875,0.2864417434,0.6710334420,0.1637229323,-0.6641559601,
7033.275,0.1220740378,0.0000000000,0.9765923023,0.0640888736,0.0030518509,-1.0083315372,-0.1512497365,-0.0408948027,-0.4328745306,-0.0008568466,0.0071199657,-0.0104505420,0.0321264453,0.0987000093,-0.9947069883,0.0052326345,-0.3662221134,0.1220740378,0.4272591472,-0.5091708302,0.8818628788,0.0380870998,-0.2884609401,0.4625385404,-0.3205664158,0.1624298692,0.1497954726,0.1541065872,0.5876987576,0.7228357196,0.1891081631,-0.3108060658,-0.3662221134,0.1220740378,0.4272591472,-0.5091708302,0.8818628788,0.0380870998,-0.2884609401,0.4625385404,-0.3205664158,0.1624298692,0.1497954726,0.1541065872,0.5876987576,0.7228357196,0.1891081631,-0.3108060658,0.0000000000,0.0000000000,0.0000000000,0.0000000000,0.0000000000,0.0000000000,-0.3720816672,0.3559679091,-0.2910245061,0.9851357937,-0.1669493616,-0.0463044643,0.2866120636,0.6709914207,0.1638945937,-0.6640826464,
7033.288,0.1220740378,0.0000000000,0.9765923023,0.0679952428,0.0039063692,-1.0101627111,-0.1517380327,-0.0418713950,-0.4382458031,0.0030391291,0.0079671908,-0.0122823119,0.0321321413,0.0986700431,-0.9947097898,0.0052285511,-0.3662221134,-0.1831110567,0.3662221134,-0.5063630939,0.8855250478,0.0385753959,-0.2898037732,0.4613177776,-0.3188574016,0.1644371748,0.1525961161,0.1537808478,0.5875328183,0.7230574489,0.1871729940,-0.3117730916,-0.3662221134,-0.1831110567,0.3662221134,-0.5063630939,0.8855250478,0.0385753959,-0.2898037732,0.4613177776,-0.3188574016,0.1644371748,0.1525961161,0.1537808478,0.5875328183,0.7230574489,0.1871729940,-0.3117730916,0.0000000000,0.0000000000,0.0000000000,0.0000000000,0.0000000000,0.0000000000,-0.3718375266,0.3593859673,-0.2929776907,0.9851356745,-0.1669498533,-0.0463046432,0.2867859006,0.6709484458,0.1640698463,-0.6640076637,
7033.301,0.1220740378,0.0000000000,0.9765923023,0.0644550920,0.0026856288,-1.0093080997,-0.1512497365,-0.0451673940,-0.4298226833,-0.0004942268,0.0067452164,-0.0114272833,0.0321287215,0.0986871645,-0.9947082996,0.0052281520,-0.1220740378,-0.4272591472,0.4272591472,-0.5036774874,0.8843043447,0.0418713950,-0.2867519259,0.4632709622,-0.3245948553,0.1663177609,0.1505097747,0.1562522650,0.5873627663,0.7232756615,0.1852192283,-0.3127531707,-0.1220740378,-0.4272591472,0.4272591472,-0.5036774874,0.8843043447,0.0418713950,-0.2867519259,0.4632709622,-0.3245948553,0.1663177609,0.1505097747,0.1562522650,0.5873627663,0.7232756615,0.1852192283,-0.3127531707,0.0000000000,0.0000000000,0.0000000000,0.0000000000,0.0000000000,0.0000000000,-0.3733024001,0.3588976860,-0.3105563521,0.9851357341,-0.1669503599,-0.0463051796,0.2869117558,0.6709173918,0.1641965955,-0.6639534831,
7033.314,0.1220740378,0.0000000000,0.9765923023,0.0672627985,0.0014648885,-1.0113834143,-0.1505172849,-0.0445570238,-0.4288460910,0.0023071393,0.0055292980,-0.0135030150,0.0321315899,0.0986986235,-0.9947068691,0.0052312380,0.0000000000,-0.5493331552,0.3662221134,-0.5001373291,0.8832056522,0.0422376171,-0.2862636149,0.4602191150,-0.3266701400,0.1690565944,0.1485525370,0.1557974219,0.5871806145,0.7234933972,0.1832502037,-0.3137499392,0.0000000000,-0.5493331552,0.3662221134,-0.5001373291,0.8832056522,0.0422376171,-0.2862636149,0.4602191150,-0.3266701400,0.1690565944,0.1485525370,0.1557974219,0.5871806145,0.7234933972,0.1832502037,-0.3137499392,0.0000000000,0.0000000000,0.0000000000,0.0000000000,0.0000000000,0.0000000000,-0.3725699782,0.3588976860,-0.3086031675,0.9851354957,-0.1669508070,-0.0463052988,0.2870422006,0.6708850265,0.1643280238,-0.6638971567,
7033.327,0.1220740378,0.0000000000,0.9765923023,0.0670186505,0.0026856288,-1.0110172033,-0.1505172849,-0.0434583575,-0.4309213459,0.0020577163,0.0067488090,-0.0131371617,0.0321342945,0.0986950547,-0.9947072864,0.0052307709,0.0610370189,-0.9155552983,0.1831110567,-0.5016022325,0.8796654940,0.0415051728,-0.2913907170,0.4605853558,-0.3182470202,0.1668339372,0.1441922188,0.1542156786,0.5869876146,0.7236962914,0.1812790334,-0.3147861063,0.0610370189,-0.9155552983,0.1831110567,-0.5016022325,0.8796654940,0.0415051728,-0.2913907170,0.4605853558,-0.3182470202,0.1668339372,0.1441922188,0.1542156786,0.5869876146,0.7236962914,0.1812790334,-0.3147861063,0.0000000000,0.0000000000,0.0000000000,0.0000000000,0.0000000000,0.0000000000,-0.3745231628,0.3584093750,-0.3086031675,0.9851354361,-0.1669512987,-0.0463057756,0.2871695161,0.6708534956,0.1644562781,-0.6638422608,
7033.340,0.1220740378,0.0610370189,0.9765923023,0.0681173131,0.0026856288,-1.0112613440,-0.1507614404,-0.0430921353,-0.4265266955,0.0031352043,0.0067475871,-0.0133826733,0.0321449488,0.0986869633,-0.9947075844,0.0052309511,0.2441480756,-1.0986663103,-0.1220740378,-0.5036774874,0.8838160634,0.0363780633,-0.2882167995,0.4621722996,-0.3208105862,0.1640433669,0.1475678086,0.1482703388,0.5867696404,0.7239003181,0.1793265045,-0.3158405721,0.2441480756,-1.0986663103,-0.1220740378,-0.5036774874,0.8838160634,0.0363780633,-0.2882167995,0.4621722996,-0.3208105862,0.1640433669,0.1475678086,0.1482703388,0.5867696404,0.7239003181,0.1793265045,-0.3158405721,0.0000000000,0.0000000000,0.0000000000,0.0000000000,0.0000000000,0.0000000000,-0.3728141189,0.3598742783,-0.3086031675,0.9851353765,-0.1669517756,-0.0463061333,0.2873012424,0.6708208323,0.1645889878,-0.6637853980,
7033.353,0.1220740378,0.0000000000,0.9765923023,0.0693380535,0.0013428144,-1.0104068518,-0.1523483992,-0.0407727286,-0.4249397218,0.0043391958,0.0054101893,-0.0125293136,0.0321532525,0.0986438096,-0.9947118163,0.0052330801,0.3662221134,-0.7324442267,-0.1831110567,-0.5072176456,0.8871120214,0.0360118411,-0.2884609401,0.4622943699,-0.3261818290,0.1597953439,0.1501086354,0.1471511275,0.5865277648,0.7241165638,0.1773922294,-0.3168841004,0.3662221134,-0.7324442267,-0.1831110567,-0.5072176456,0.8871120214,0.0360118411,-0.2884609401,0.4622943699,-0.3261818290,0.1597953439,0.1501086354,0.1471511275,0.5865277648,0.7241165638,0.1773922294,-0.3168841004,0.0000000000,0.0000000000,0.0000000000,0.0000000000,0.0000000000,0.0000000000,-0.3725699782,0.3603625596,-0.3086031675,0.9851351380,-0.1669522077,-0.0463063121,0.2874337435,0.6707878709,0.1647225022,-0.6637281179,
7033.366,0.1831110567,0.0000000000,1.0376293659,0.0681173131,0.0028077029,-1.0108951330,-0.1501510739,-0.0434583575,-0.4286019504,0.0031080171,0.0068845605,-0.0130183101,0.0321580209,0.0986370295,-0.9947122335,0.0052380986,0.4882961512,-0.3051851094,-0.1831110567,-0.5103915334,0.8893093467,0.0340586565,-0.2877285182,0.4607074261,-0.3282570839,0.1559131742,0.1515636444,0.1445230693,0.5862619281,0.7243499160,0.1754789054,-0.3179067969,0.4882961512,-0.3051851094,-0.1831110567,-0.5103915334,0.8893093467,0.0340586565,-0.2877285182,0.4607074261,-0.3282570839,0.1559131742,0.1515636444,0.1445230693,0.5862619281,0.7243499160,0.1754789054,-0.3179067969,0.0000000000,0.0000000000,0.0000000000,0.0000000000,0.0000000000,0.0000000000,-0.3728141189,0.3613391519,-0.3066499829,0.9851352572,-0.1669527292,-0.0463069677,0.2875730693,0.6707533002,0.1648628861,-0.6636679769,
7033.379,0.1220740378,0.0000000000,1.0376293659,0.0694601312,0.0025635548,-1.0102847815,-0.1513718069,-0.0415051728,-0.4306772053,0.0044336468,0.0066404175,-0.0124090910,0.0321667828,0.0985999256,-0.9947156310,0.0052377521,0.7934812307,0.3051851094,-0.1831110567,-0.5072176456,0.8846705556,0.0397961363,-0.2888271809,0.4654683173,-0.3331400454,0.1583702564,0.1461897492,0.1496708989,0.5859754086,0.7246010900,0.1735920310,-0.3188972175,0.7934812307,0.3051851094,-0.1831110567,-0.5072176456,0.8846705556,0.0397961363,-0.2888271809,0.4654683173,-0.3331400454,0.1583702564,0.1461897492,0.1496708989,0.5859754086,0.7246010900,0.1735920310,-0.3188972175,0.0000000000,0.0000000000,0.0000000000,0.0000000000,0.0000000000,0.0000000000,-0.3718375266,0.3623157442,-0.3066499829,0.9851350784,-0.1669532210,-0.0463072658,0.2877148986,0.6707180142,0.1650058180,-0.6636066437,
7033.392,0.1220740378,0.0000000000,1.0376293659,0.0670186505,0.0029297769,-1.0106509924,-0.1474654377,-0.0411389507,-0.4275032878,0.0019871891,0.0070048408,-0.0127756000,0.0321695060,0.0985705778,-0.9947184324,0.0052361540,0.8545182943,0.0000000000,-0.1831110567,-0.5051423907,0.8825953007,0.0410168767,-0.2901699841,0.4603411853,-0.3241065741,0.1597345471,0.1433823705,0.1502711028,0.5856871605,0.7248413563,0.1716843098,-0.3199116290,0.8545182943,0.0000000000,-0.1831110567,-0.5051423907,0.8825953007,0.0410168767,-0.2901699841,0.4603411853,-0.3241065741,0.1597345471,0.1433823705,0.1502711028,0.5856871605,0.7248413563,0.1716843098,-0.3199116290,0.0000000000,0.0000000000,0.0000000000,0.0000000000,0.0000000000,0.0000000000,-0.3730582595,0.3613391519,-0.3086031675,0.9851350784,-0.1669536829,-0.0463076234,0.2878477275,0.6706849337,0.1651396751,-0.6635491848,
7033.405,0.1220740378,-0.0610370189,0.9765923023,0.0690939054,0.0021973327,-1.0104068518,-0.1485641003,-0.0405285805,-0.4317758679,0.0040577948,0.0062735309,-0.0125317574,0.0321719609,0.0985340402,-0.9947219491,0.0052357670,0.8545182943,-0.3662221134,-0.2441480756,-0.5083162785,0.8828394413,0.0389416181,-0.2927335501,0.4637592733,-0.3285012245,0.1558758020,0.1429148912,0.1475454122,0.5853929520,0.7250687480,0.1697669476,-0.3209567070,0.8545182943,-0.3662221134,-0.2441480756,-0.5083162785,0.8828394413,0.0389416181,-0.2927335501,0.4637592733,-0.3285012245,0.1558758020,0.1429148912,0.1475454122,0.5853929520,0.7250687480,0.1697669476,-0.3209567070,0.0000000000,0.0000000000,0.0000000000,0.0000000000,0.0000000000,0.0000000000,-0.3725699782,0.3623157442,-0.2968840599,0.9851348996,-0.1669541448,-0.0463079214,0.2880126536,0.6706438065,0.1653059721,-0.6634777188,
7033.418,0.1220740378,-0.0610370189,0.9765923023,0.0675069466,0.0028077029,-1.0105289221,-0.1496627778,-0.0441908017,-0.4293344021,0.0024740472,0.0068820161,-0.0126536489,0.0321704000,0.0985439420,-0.9947209954,0.0052349903,1.0986663103,-0.1220740378,-0.1220740378,-0.5144199729,0.8846705556,0.0322275460,-0.2896817029,0.4632709622,-0.3327738345,0.1490820050,0.1440461874,0.1402769387,0.5850662589,0.7253208756,0.1678618491,-0.3219825625,1.0986663103,-0.1220740378,-0.1220740378,-0.5144199729,0.8846705556,0.0322275460,-0.2896817029,0.4632709622,-0.3327738345,0.1490820050,0.1440461874,0.1402769387,0.5850662589,0.7253208756,0.1678618491,-0.3219825625,0.0000000000,0.0000000000,0.0000000000,0.0000000000,0.0000000000,0.0000000000,-0.3725699782,0.3628040552,-0.2968840599,0.9851348400,-0.1669546664,-0.0463083386,0.2881781161,0.6706025600,0.1654727906,-0.6634060144,
7033.431,0.1220740378,-0.0610370189,0.9765923023,0.0679952428,0.0037842952,-1.0107730627,-0.1494186223,-0.0479750969,-0.4271370471,0.0029632077,0.0078519154,-0.0128976703,0.0321699753,0.0986052975,-0.9947150350,0.0052335998,1.2207404375,0.3051851094,-0.0610370189,-0.5125888586,0.8862575293,0.0306405835,-0.2922452390,0.4630268216,-0.3276467323,0.1502007842,0.1449255943,0.1382110715,0.5847236514,0.7255911231,0.1659704596,-0.3229752481,1.2207404375,0.3051851094,-0.0610370189,-0.5125888586,0.8862575293,0.0306405835,-0.2922452390,0.4630268216,-0.3276467323,0.1502007842,0.1449255943,0.1382110715,0.5847236514,0.7255911231,0.1659704596,-0.3229752481,0.0000000000,0.0000000000,0.0000000000,0.0000000000,0.0000000000,0.0000000000,-0.3735465705,0.3628040552,-0.3066499829,0.9851346612,-0.1669551879,-0.0463086963,0.2883172333,0.6705678105,0.1656129956,-0.6633456945,
7033.444,0.1220740378,-0.0610370189,0.9155552983,0.0665303543,0.0028077029,-1.0113834143,-0.1490523964,-0.0424817652,-0.4349497855,0.0015065745,0.0068727979,-0.0135074258,0.0321660303,0.0985978916,-0.9947157502,0.0052316957,1.3428144455,0.7324442267,0.0000000000,-0.5092929006,0.8851588368,0.0311288796,-0.2918790281,0.4666890502,-0.3270363510,0.1527630687,0.1431116462,0.1382856518,0.5843738317,0.7258731127,0.1641037315,-0.3239272237,1.3428144455,0.7324442267,0.0000000000,-0.5092929006,0.8851588368,0.0311288796,-0.2918790281,0.4666890502,-0.3270363510,0.1527630687,0.1431116462,0.1382856518,0.5843738317,0.7258731127,0.1641037315,-0.3239272237,0.0000000000,0.0000000000,0.0000000000,0.0000000000,0.0000000000,0.0000000000,-0.3728141189,0.3618274629,-0.3105563521,0.9851344824,-0.1669556051,-0.0463089347,0.2884435952,0.6705361605,0.1657403409,-0.6632908583,
7033.457,0.1220740378,-0.1220740378,0.9765923023,0.0662862062,0.0026856288,-1.0113834143,-0.1516159624,-0.0445570238,-0.4314096570,0.0012824684,0.0067495066,-0.0135061741,0.0321560539,0.0986057371,-0.9947154522,0.0052303504,1.3428144455,0.7324442267,-0.1220740378,-0.5050203204,0.8835718632,0.0345469527,-0.2915128171,0.4646137953,-0.3237403631,0.1563114524,0.1408171654,0.1412750632,0.5840261579,0.7261440158,0.1622419953,-0.3248836398,1.3428144455,0.7324442267,-0.1220740378,-0.5050203204,0.8835718632,0.0345469527,-0.2915128171,0.4646137953,-0.3237403631,0.1563114524,0.1408171654,0.1412750632,0.5840261579,0.7261440158,0.1622419953,-0.3248836398,0.0000000000,0.0000000000,0.0000000000,0.0000000000,0.0000000000,0.0000000000,-0.3740348518,0.3593859673,-0.2949308753,0.9851344824,-0.1669561267,-0.0463094711,0.2886017263,0.6704966426,0.1658997834,-0.6632222533,
7033.470,0.1220740378,-0.0610370189,0.9765923023,0.0670186505,0.0019531846,-1.0112613440,-0.1499069184,-0.0448011719,-0.4382458031,0.0020206198,0.0060194619,-0.0133836865,0.0321530178,0.0986202955,-0.9947140217,0.0052317334,1.2817773819,0.5493331552,-0.1831110567,-0.5083162785,0.8844264150,0.0332041383,-0.2915128171,0.4640034139,-0.3242286444,0.1523134708,0.1409828067,0.1394833028,0.5836756825,0.7264025807,0.1603820771,-0.3258575201,1.2817773819,0.5493331552,-0.1831110567,-0.5083162785,0.8844264150,0.0332041383,-0.2915128171,0.4640034139,-0.3242286444,0.1523134708,0.1409828067,0.1394833028,0.5836756825,0.7264025807,0.1603820771,-0.3258575201,0.0000000000,0.0000000000,0.0000000000,0.0000000000,0.0000000000,0.0000000000,-0.3713492155,0.3569445014,-0.2968840599,0.9851343036,-0.1669565737,-0.0463097692,0.2887487710,0.6704597473,0.1660480350,-0.6631583571,
7033.483,0.1220740378,0.0000000000,0.9765923023,0.0672627985,0.0013428144,-1.0111392736,-0.1512497365,-0.0432142094,-0.4326303899,0.0022585616,0.0054144897,-0.0132620335,0.0321558937,0.0986110270,-0.9947148561,0.0052344282,1.3428144455,0.6714072227,-0.0610370189,-0.5167394280,0.8871120214,0.0280770287,-0.2922452390,0.4616840184,-0.3280129433,0.1431921721,0.1429914832,0.1339563131,0.5833021998,0.7266733050,0.1585215926,-0.3268316090,1.3428144455,0.6714072227,-0.0610370189,-0.5167394280,0.8871120214,0.0280770287,-0.2922452390,0.4616840184,-0.3280129433,0.1431921721,0.1429914832,0.1339563131,0.5833021998,0.7266733050,0.1585215926,-0.3268316090,0.0000000000,0.0000000000,0.0000000000,0.0000000000,0.0000000000,0.0000000000,-0.3720816672,0.3637806475,-0.2949308753,0.9851343632,-0.1669571102,-0.0463103056,0.2889185548,0.6704172492,0.1662192345,-0.6630846262,
7033.496,0.1831110567,-0.0610370189,0.9765923023,0.0665303543,0.0021973327,-1.0107730627,-0.1503952146,-0.0416272469,-0.4366588295,0.0015340447,0.0062807910,-0.0128954053,0.0321515091,0.0985826030,-0.9947178960,0.0052389815,1.3428144455,1.4038513899,0.4272591472,-0.5184484124,0.8878445029,0.0268562883,-0.2890713215,0.4640034139,-0.3243507147,0.1407142878,0.1429991722,0.1324280798,0.5829355717,0.7269644141,0.1566910446,-0.3277197182,1.3428144455,1.4038513899,0.4272591472,-0.5184484124,0.8878445029,0.0268562883,-0.2890713215,0.4640034139,-0.3243507147,0.1407142878,0.1429991722,0.1324280798,0.5829355717,0.7269644141,0.1566910446,-0.3277197182,0.0000000000,0.0000000000,0.0000000000,0.0000000000,0.0000000000,0.0000000000,-0.3728141189,0.3637806475,-0.2949308753,0.9851340055,-0.1669575572,-0.0463103652,0.2890869379,0.6703748703,0.1663890928,-0.6630112529,
7033.509,0.1220740378,0.0000000000,0.9765923023,0.0659199804,0.0026856288,-1.0104068518,-0.1483199596,-0.0405285805,-0.4300668240,0.0009238347,0.0067677582,-0.0125291348,0.0321516804,0.0985471606,-0.9947213531,0.0052371668,1.2817773819,1.4038513899,0.6103702188,-0.5155186653,0.8854029775,0.0273445845,-0.2935880721,0.4683980942,-0.3295999169,0.1428498626,0.1398107409,0.1325996071,0.5825750828,0.7272509933,0.1548447907,-0.3286012113,1.2817773819,1.4038513899,0.6103702188,-0.5155186653,0.8854029775,0.0273445845,-0.2935880721,0.4683980942,-0.3295999169,0.1428498626,0.1398107409,0.1325996071,0.5825750828,0.7272509933,0.1548447907,-0.3286012113,0.0000000000,0.0000000000,0.0000000000,0.0000000000,0.0000000000,0.0000000000,-0.3735465705,0.3603625596,-0.2968840599,0.9851344228,-0.1669581085,-0.0463113189,0.2892397344,0.6703366637,0.1665431410,-0.6629449725,
7033.522,0.1220740378,0.0000000000,0.9765923023,0.0653096139,0.0037842952,-1.0101627111,-0.1516159624,-0.0428479873,-0.4377574921,0.0003165603,0.0078596696,-0.0122848153,0.0321505629,0.0985311493,-0.9947229624,0.0052331346,1.0986663103,1.0376293659,0.6103702188,-0.5090487599,0.8829615116,0.0299081393,-0.2862636149,0.4633930624,-0.3253273070,0.1485204101,0.1366087198,0.1347693056,0.5822424293,0.7275075316,0.1529923975,-0.3294892609,1.0986663103,1.0376293659,0.6103702188,-0.5090487599,0.8829615116,0.0299081393,-0.2862636149,0.4633930624,-0.3253273070,0.1485204101,0.1366087198,0.1347693056,0.5822424293,0.7275075316,0.1529923975,-0.3294892609,0.0000000000,0.0000000000,0.0000000000,0.0000000000,0.0000000000,0.0000000000,-0.3730582595,0.3579210937,-0.2949308753,0.9851340652,-0.1669585556,-0.0463113785,0.2893902957,0.6702986956,0.1666949987,-0.6628792882,
7033.535,0.1220740378,0.0000000000,0.9765923023,0.0662862062,0.0034180731,-1.0100406408,-0.1497848481,-0.0417493209,-0.4395886064,0.0012913570,0.0074885348,-0.0121628642,0.0321518295,0.0985057130,-0.9947254658,0.0052299555,0.7324442267,0.0000000000,0.6103702188,-0.5077059269,0.8806421161,0.0297860652,-0.2920010984,0.4630268216,-0.3253273070,0.1490857601,0.1335263252,0.1340883374,0.5819373727,0.7277141809,0.1510850936,-0.3304508626,0.7324442267,0.0000000000,0.6103702188,-0.5077059269,0.8806421161,0.0297860652,-0.2920010984,0.4630268216,-0.3253273070,0.1490857601,0.1335263252,0.1340883374,0.5819373727,0.7277141809,0.1510850936,-0.3304508626,0.0000000000,0.0000000000,0.0000000000,0.0000000000,0.0000000000,0.0000000000,-0.3718375266,0.3613391519,-0.2949308753,0.9851337671,-0.1669589579,-0.0463114381,0.2895501852,0.6702583432,0.1668563038,-0.6628094912,
7033.548,0.1220740378,0.0000000000,0.9155552983,0.0668965727,0.0018311106,-1.0101627111,-0.1514938772,-0.0395519882,-0.4338511229,0.0018969327,0.0059038377,-0.0122852325,0.0321543813,0.0984528512,-0.9947307110,0.0052296105,0.6714072227,-0.1831110567,0.6103702188,-0.5103915334,0.8828394413,0.0269783624,-0.2924894094,0.4621722996,-0.3239845037,0.1456320286,0.1349694729,0.1307094842,0.5816293359,0.7279121280,0.1491746753,-0.3314238191,0.6714072227,-0.1831110567,0.6103702188,-0.5103915334,0.8828394413,0.0269783624,-0.2924894094,0.4621722996,-0.3239845037,0.1456320286,0.1349694729,0.1307094842,0.5816293359,0.7279121280,0.1491746753,-0.3314238191,0.0000000000,0.0000000000,0.0000000000,0.0000000000,0.0000000000,0.0000000000,-0.3740348518,0.3564561903,-0.2910245061,0.9851341844,-0.1669595242,-0.0463123322,0.2897049487,0.6702195406,0.1670123786,-0.6627421975,
7033.561,0.1831110567,0.0000000000,0.9155552983,0.0665303543,0.0026856288,-1.0101627111,-0.1496627778,-0.0422376171,-0.4332407713,0.0015277788,0.0067670201,-0.0122854114,0.0321554802,0.0984416679,-0.9947316051,0.0052337078,0.6103702188,0.1220740378,0.6714072227,-0.5161290169,0.8876003027,0.0227057710,-0.2898037732,0.4615619481,-0.3245948553,0.1391233802,0.1389825344,0.1259167492,0.5813133717,0.7281168699,0.1472915858,-0.3323692083,0.6103702188,0.1220740378,0.6714072227,-0.5161290169,0.8876003027,0.0227057710,-0.2898037732,0.4615619481,-0.3245948553,0.1391233802,0.1389825344,0.1259167492,0.5813133717,0.7281168699,0.1472915858,-0.3323692083,0.0000000000,0.0000000000,0.0000000000,0.0000000000,0.0000000000,0.0000000000,-0.3740348518,0.3549913168,-0.2949308753,0.9851337075,-0.1669599116,-0.0463123918,0.2898444235,0.6701841950,0.1671530604,-0.6626812220,
7033.574,0.1831110567,0.0000000000,0.9765923023,0.0673848689,0.0034180731,-1.0115054846,-0.1488082558,-0.0418713950,-0.4342173636,0.0023756251,0.0075051808,-0.0136286616,0.0321586207,0.0984227136,-0.9947333932,0.0052362699,0.6103702188,1.4648884535,1.0986663103,-0.5175939202,0.8891872764,0.0229499191,-0.2877285182,0.4626606107,-0.3288674653,0.1368119121,0.1397792697,0.1257957816,0.5809916258,0.7283601165,0.1454572231,-0.3332053423,0.6103702188,1.4648884535,1.0986663103,-0.5175939202,0.8891872764,0.0229499191,-0.2877285182,0.4626606107,-0.3288674653,0.1368119121,0.1397792697,0.1257957816,0.5809916258,0.7283601165,0.1454572231,-0.3332053423,0.0000000000,0.0000000000,0.0000000000,0.0000000000,0.0000000000,0.0000000000,-0.3730582595,0.3588976860,-0.2929776907,0.9851337075,-0.1669604033,-0.0463128090,0.2899998128,0.6701449752,0.1673097908,-0.6626133919,
7033.587,0.1220740378,0.0000000000,0.9765923023,0.0671407208,0.0032959990,-1.0102847815,-0.1507614404,-0.0433362834,-0.4329966009,0.0021256506,0.0073787472,-0.0124083161,0.0321617685,0.0984174684,-0.9947338104,0.0052342182,0.5493331552,1.7700735331,1.1597033739,-0.5140537620,0.8872340918,0.0260017700,-0.2895596325,0.4658345282,-0.3309427202,0.1394889355,0.1370249987,0.1284959912,0.5806766152,0.7286008000,0.1436360329,-0.3340173066,0.5493331552,1.7700735331,1.1597033739,-0.5140537620,0.8872340918,0.0260017700,-0.2895596325,0.4658345282,-0.3309427202,0.1394889355,0.1370249987,0.1284959912,0.5806766152,0.7286008000,0.1436360329,-0.3340173066,0.0000000000,0.0000000000,0.0000000000,0.0000000000,0.0000000000,0.0000000000,-0.3713492155,0.3608508706,-0.2949308753,0.9851334095,-0.1669609100,-0.0463129878,0.2901556194,0.6701055169,0.1674669385,-0.6625452638,
7033.600,0.1220740378,0.0000000000,0.9765923023,0.0666524246,0.0026856288,-1.0108951330,-0.1478316635,-0.0433362834,-0.4318979383,0.0016341358,0.0067670629,-0.0130189061,0.0321634077,0.0984216556,-0.9947334528,0.0052338573,0.4272591472,1.5869624615,1.2817773819,-0.5091708302,0.8839381337,0.0291756950,-0.2918790281,0.4632709622,-0.3336283565,0.1434912086,0.1329076290,0.1312670410,0.5803736448,0.7288252711,0.1417844594,-0.3348443806,0.4272591472,1.5869624615,1.2817773819,-0.5091708302,0.8839381337,0.0291756950,-0.2918790281,0.4632709622,-0.3336283565,0.1434912086,0.1329076290,0.1312670410,0.5803736448,0.7288252711,0.1417844594,-0.3348443806,0.0000000000,0.0000000000,0.0000000000,0.0000000000,0.0000000000,0.0000000000,-0.3733024001,0.3603625596,-0.2929776907,0.9851334095,-0.1669614166,-0.0463134646,0.2903133035,0.6700656414,0.1676259935,-0.6624763608,
7033.613,0.1220740378,0.0000000000,0.9765923023,0.0676290169,0.0034180731,-1.0110172033,-0.1522263288,-0.0423596911,-0.4312875867,0.0026028082,0.0074945851,-0.0131414533,0.0321677178,0.0983995646,-0.9947353601,0.0052310852,0.0000000000,-0.0610370189,1.1597033739,-0.5007476807,0.8792992830,0.0344248787,-0.2872402072,0.4618060887,-0.3266701400,0.1510654688,0.1274408698,0.1358452141,0.5801326632,0.7289631963,0.1398794353,-0.3357617259,0.0000000000,-0.0610370189,1.1597033739,-0.5007476807,0.8792992830,0.0344248787,-0.2872402072,0.4618060887,-0.3266701400,0.1510654688,0.1274408698,0.1358452141,0.5801326632,0.7289631963,0.1398794353,-0.3357617259,0.0000000000,0.0000000000,0.0000000000,0.0000000000,0.0000000000,0.0000000000,-0.3730582595,0.3545030057,-0.2929776907,0.9851334095,-0.1669619530,-0.0463138819,0.2904541194,0.6700299978,0.1677680016,-0.6624147892,
7033.626,0.1831110567,0.0000000000,0.9765923023,0.0676290169,0.0034180731,-1.0105289221,-0.1505172849,-0.0443128757,-0.4321421087,0.0025947243,0.0075003165,-0.0126537085,0.0321714133,0.0984085426,-0.9947344661,0.0052346266,-0.2441480756,-0.7934812307,1.1597033739,-0.5051423907,0.8818628788,0.0296639912,-0.2889492512,0.4621722996,-0.3328959048,0.1458452344,0.1291872263,0.1303245723,0.5798984766,0.7290716767,0.1379433274,-0.3367305398,-0.2441480756,-0.7934812307,1.1597033739,-0.5051423907,0.8818628788,0.0296639912,-0.2889492512,0.4621722996,-0.3328959048,0.1458452344,0.1291872263,0.1303245723,0.5798984766,0.7290716767,0.1379433274,-0.3367305398,0.0000000000,0.0000000000,0.0000000000,0.0000000000,0.0000000000,0.0000000000,-0.3740348518,0.3579210937,-0.2968840599,0.9851333499,-0.1669624299,-0.0463142395,0.2905929089,0.6699948311,0.1679079682,-0.6623540521,
7033.639,0.1220740378,0.0000000000,0.9765923023,0.0679952428,0.0031739250,-1.0117496252,-0.1507614404,-0.0416272469,-0.4355601668,0.0029515475,0.0072524608,-0.0138750672,0.0321764350,0.0983800739,-0.9947369695,0.0052323258,-0.2441480756,-0.6714072227,1.1597033739,-0.5125888586,0.8878445029,0.0227057710,-0.2895596325,0.4598529041,-0.3320413828,0.1375839710,0.1343705654,0.1226585880,0.5796424150,0.7291905284,0.1360184103,-0.3376955092,-0.2441480756,-0.6714072227,1.1597033739,-0.5125888586,0.8878445029,0.0227057710,-0.2895596325,0.4598529041,-0.3320413828,0.1375839710,0.1343705654,0.1226585880,0.5796424150,0.7291905284,0.1360184103,-0.3376955092,0.0000000000,0.0000000000,0.0000000000,0.0000000000,0.0000000000,0.0000000000,-0.3737907112,0.3579210937,-0.2968840599,0.9851331115,-0.1669629216,-0.0463144779,0.2907311022,0.6699597239,0.1680473536,-0.6622934937,
7033.652,0.1220740378,0.0000000000,0.9765923023,0.0677510947,0.0028077029,-1.0101627111,-0.1543015838,-0.0399182104,-0.4391003251,0.0026986748,0.0068843402,-0.0122886896,0.0321811959,0.0983183831,-0.9947431684,0.0052298140,0.0000000000,1.3428144455,1.4038513899,-0.5122226477,0.8877224326,0.0198980682,-0.2898037732,0.4597308338,-0.3309427202,0.1370694041,0.1334325075,0.1194206625,0.5793470740,0.7293840647,0.1341769993,-0.3385198414,0.0000000000,1.3428144455,1.4038513899,-0.5122226477,0.8877224326,0.0198980682,-0.2898037732,0.4597308338,-0.3309427202,0.1370694041,0.1334325075,0.1194206625,0.5793470740,0.7293840647,0.1341769993,-0.3385198414,0.0000000000,0.0000000000,0.0000000000,0.0000000000,0.0000000000,0.0000000000,-0.3723258078,0.3574327826,-0.2968840599,0.9851328135,-0.1669633687,-0.0463147163,0.2908681035,0.6699248552,0.1681855470,-0.6622334123,
7033.665,0.1220740378,0.0000000000,0.9765923023,0.0672627985,0.0045167394,-1.0110172033,-0.1474654377,-0.0430921353,-0.4328745306,0.0022044256,0.0085830595,-0.0131434798,0.0321846604,0.0983207896,-0.9947426915,0.0052250512,0.0000000000,1.8311105967,1.2817773819,-0.5028229356,0.8824732304,0.0263679922,-0.2904141247,0.4644917250,-0.3292336762,0.1455816627,0.1273665428,0.1254851222,0.5790609717,0.7295749784,0.1323725581,-0.3393078446,0.0000000000,1.8311105967,1.2817773819,-0.5028229356,0.8824732304,0.0263679922,-0.2904141247,0.4644917250,-0.3292336762,0.1455816627,0.1273665428,0.1254851222,0.5790609717,0.7295749784,0.1323725581,-0.3393078446,0.0000000000,0.0000000000,0.0000000000,0.0000000000,0.0000000000,0.0000000000,-0.3730582595,0.3598742783,-0.2949308753,0.9851330519,-0.1669639051,-0.0463153720,0.2910158634,0.6698873639,0.1683345884,-0.6621687412,
7033.678,0.1831110567,0.0000000000,0.9765923023,0.0660420582,0.0037842952,-1.0104068518,-0.1499069184,-0.0393078402,-0.4305551350,0.0009835437,0.0078545883,-0.0125331879,0.0321848243,0.0982658044,-0.9947481155,0.0052252566,-0.1831110567,1.4648884535,1.0376293659,-0.4941557050,0.8777123094,0.0328379162,-0.2916348875,0.4600970447,-0.3277688026,0.1533859968,0.1218001246,0.1314540058,0.5787903070,0.7297313213,0.1305509657,-0.3401378095,-0.1831110567,1.4648884535,1.0376293659,-0.4941557050,0.8777123094,0.0328379162,-0.2916348875,0.4600970447,-0.3277688026,0.1533859968,0.1218001246,0.1314540058,0.5787903070,0.7297313213,0.1305509657,-0.3401378095,0.0000000000,0.0000000000,0.0000000000,0.0000000000,0.0000000000,0.0000000000,-0.3720816672,0.3554795980,-0.2949308753,0.9851326346,-0.1669643372,-0.0463154316,0.2911512256,0.6698527932,0.1684711426,-0.6621092558,
7033.691,0.1831110567,0.0000000000,0.9765923023,0.0655537620,0.0030518509,-1.0108951330,-0.1523483992,-0.0454115421,-0.4340952933,0.0004976466,0.0071297237,-0.0130213499,0.0321831591,0.0982835665,-0.9947465062,0.0052294852,-0.6103702188,-0.3662221134,0.4272591472,-0.4897610545,0.8771019578,0.0346690267,-0.2904141247,0.4608294964,-0.3317972422,0.1570204496,0.1204386353,0.1325132698,0.5785538554,0.7297980785,0.1286868155,-0.3411059976,-0.6103702188,-0.3662221134,0.4272591472,-0.4897610545,0.8771019578,0.0346690267,-0.2904141247,0.4608294964,-0.3317972422,0.1570204496,0.1204386353,0.1325132698,0.5785538554,0.7297980785,0.1286868155,-0.3411059976,0.0000000000,0.0000000000,0.0000000000,0.0000000000,0.0000000000,0.0000000000,-0.3742789924,0.3569445014,-0.2968840599,0.9851327538,-0.1669648439,-0.0463160872,0.2912836671,0.6698191166,0.1686046869,-0.6620512605,
7033.704,0.1220740378,0.0000000000,0.9765923023,0.0677510947,0.0025635548,-1.0107730627,-0.1481978893,-0.0438245796,-0.4349497855,0.0026865527,0.0066407477,-0.0128998160,0.0321873426,0.0982929319,-0.9947453737,0.0052298657,-0.7934812307,-0.9765923023,0.1220740378,-0.4942777753,0.8802759051,0.0316171758,-0.2912686467,0.4608294964,-0.3253273070,0.1518043876,0.1229063272,0.1286155432,0.5783183575,0.7298334837,0.1268292516,-0.3421238065,-0.7934812307,-0.9765923023,0.1220740378,-0.4942777753,0.8802759051,0.0316171758,-0.2912686467,0.4608294964,-0.3253273070,0.1518043876,0.1229063272,0.1286155432,0.5783183575,0.7298334837,0.1268292516,-0.3421238065,0.0000000000,0.0000000000,0.0000000000,0.0000000000,0.0000000000,0.0000000000,-0.3745231628,0.3598742783,-0.2929776907,0.9851325750,-0.1669653356,-0.0463163853,0.2914335430,0.6697808504,0.1687559038,-0.6619853973,
7033.717,0.1220740378,0.0000000000,0.9765923023,0.0671407208,0.0024414808,-1.0110172033,-0.1517380327,-0.0439466536,-0.4355601668,0.0020708665,0.0065186038,-0.0131443143,0.0321899951,0.0982926413,-0.9947453141,0.0052300836,-0.8545182943,-0.9155552983,-0.0610370189,-0.5046540499,0.8849146962,0.0251472518,-0.2876064479,0.4591204524,-0.3263038993,0.1407769918,0.1268864870,0.1213343516,0.5780631900,0.7298695445,0.1250096560,-0.3431463242,-0.8545182943,-0.9155552983,-0.0610370189,-0.5046540499,0.8849146962,0.0251472518,-0.2876064479,0.4591204524,-0.3263038993,0.1407769918,0.1268864870,0.1213343516,0.5780631900,0.7298695445,0.1250096560,-0.3431463242,0.0000000000,0.0000000000,0.0000000000,0.0000000000,0.0000000000,0.0000000000,-0.3718375266,0.3588976860,-0.2949308753,0.9851325154,-0.1669658124,-0.0463168025,0.2915764451,0.6697443724,0.1689000726,-0.6619226336,
7033.730,0.1220740378,0.0000000000,1.0376293659,0.0676290169,0.0025635548,-1.0104068518,-0.1518601030,-0.0445570238,-0.4286019504,0.0025513321,0.0066406918,-0.0125344396,0.0321938805,0.0982964560,-0.9947447777,0.0052306009,-0.6103702188,0.6103702188,-0.3662221134,-0.5052644610,0.8847926259,0.0229499191,-0.2927335501,0.4637592733,-0.3314310014,0.1395342350,0.1261515617,0.1185444891,0.5777559876,0.7299611568,0.1232770011,-0.3440940678,-0.6103702188,0.6103702188,-0.3662221134,-0.5052644610,0.8847926259,0.0229499191,-0.2927335501,0.4637592733,-0.3314310014,0.1395342350,0.1261515617,0.1185444891,0.5777559876,0.7299611568,0.1232770011,-0.3440940678,0.0000000000,0.0000000000,0.0000000000,0.0000000000,0.0000000000,0.0000000000,-0.3720816672,0.3584093750,-0.2949308753,0.9851324558,-0.1669662893,-0.0463172793,0.2917171419,0.6697084308,0.1690420061,-0.6618608236,
7033.743,0.1220740378,0.0000000000,0.9765923023,0.0676290169,0.0030518509,-1.0115054846,-0.1490523964,-0.0430921353,-0.4279915690,0.0025438294,0.0071259146,-0.0136336088,0.0321977735,0.0982951298,-0.9947448969,0.0052293972,-0.4882961512,1.0376293659,-0.5493331552,-0.5028229356,0.8835718632,0.0269783624,-0.2894375324,0.4589983821,-0.3297219872,0.1413590312,0.1243380308,0.1220271289,0.5774358511,0.7300601602,0.1215731502,-0.3450267315,-0.4882961512,1.0376293659,-0.5493331552,-0.5028229356,0.8835718632,0.0269783624,-0.2894375324,0.4589983821,-0.3297219872,0.1413590312,0.1243380308,0.1220271289,0.5774358511,0.7300601602,0.1215731502,-0.3450267315,0.0000000000,0.0000000000,0.0000000000,0.0000000000,0.0000000000,0.0000000000,-0.3723258078,0.3603625596,-0.2968840599,0.9851323366,-0.1669667959,-0.0463176370,0.2918572426,0.6696726084,0.1691833436,-0.6617991924,
7033.756,0.1220740378,0.0000000000,0.9765923023,0.0676290169,0.0021973327,-1.0101627111,-0.1517380327,-0.0405285805,-0.4287240207,0.0025359467,0.0062725409,-0.0122913122,0.0322018750,0.0982513949,-0.9947490096,0.0052289404,-0.4272591472,1.2817773819,-0.6714072227,-0.5003814697,0.8841822743,0.0312509537,-0.2882167995,0.4621722996,-0.3269142807,0.1431906223,0.1243653893,0.1257714182,0.5771186948,0.7301558852,0.1199002191,-0.3459389806,-0.4272591472,1.2817773819,-0.6714072227,-0.5003814697,0.8841822743,0.0312509537,-0.2882167995,0.4621722996,-0.3269142807,0.1431906223,0.1243653893,0.1257714182,0.5771186948,0.7301558852,0.1199002191,-0.3459389806,0.0000000000,0.0000000000,0.0000000000,0.0000000000,0.0000000000,0.0000000000,-0.3747673035,0.3584093750,-0.2968840599,0.9851322770,-0.1669673175,-0.0463179946,0.2919898331,0.6696386933,0.1693170816,-0.6617408395,
7033.769,0.1220740378,0.0000000000,0.9765923023,0.0665303543,0.0019531846,-1.0104068518,-0.1497848481,-0.0423596911,-0.4292123318,0.0014349148,0.0060307421,-0.0125356317,0.0322030112,0.0982378423,-0.9947503209,0.0052297879,-0.4882961512,1.1597033739,-0.9765923023,-0.5024567246,0.8830835819,0.0329599902,-0.2902920544,0.4624164701,-0.3256935477,0.1405596137,0.1227271557,0.1269240379,0.5767940283,0.7302352190,0.1182453707,-0.3468813002,-0.4882961512,1.1597033739,-0.9765923023,-0.5024567246,0.8830835819,0.0329599902,-0.2902920544,0.4624164701,-0.3256935477,0.1405596137,0.1227271557,0.1269240379,0.5767940283,0.7302352190,0.1182453707,-0.3468813002,0.0000000000,0.0000000000,0.0000000000,0.0000000000,0.0000000000,0.0000000000,-0.3735465705,0.3584093750,-0.3086031675,0.9851320386,-0.1669677645,-0.0463182330,0.2920926511,0.6696122885,0.1694207340,-0.6616955400,
7033.782,0.1220740378,0.0000000000,0.9765923023,0.0667745024,0.0020752586,-1.0102847815,-0.1508835107,-0.0366222113,-0.4321421087,0.0016754791,0.0061545474,-0.0124137998,0.0322052091,0.0981437862,-0.9947595000,0.0052277818,-0.4882961512,1.1597033739,-1.0376293659,-0.5067293048,0.8851588368,0.0323496200,-0.2872402072,0.4608294964,-0.3193456829,0.1357512474,0.1242817640,0.1257630587,0.5764671564,0.7303090096,0.1166138127,-0.3478202224,-0.4882961512,1.1597033739,-1.0376293659,-0.5067293048,0.8851588368,0.0323496200,-0.2872402072,0.4608294964,-0.3193456829,0.1357512474,0.1242817640,0.1257630587,0.5764671564,0.7303090096,0.1166138127,-0.3478202224,0.0000000000,0.0000000000,0.0000000000,0.0000000000,0.0000000000,0.0000000000,-0.3723258078,0.3574327826,-0.2968840599,0.9851319790,-0.1669682562,-0.0463187099,0.2922227979,0.6695789099,0.1695520133,-0.6616382599,
7033.795,0.1220740378,0.0000000000,0.9765923023,0.0676290169,0.0021973327,-1.0107730627,-0.1506393701,-0.0416272469,-0.4293344021,0.0025223717,0.0062777502,-0.0129025578,0.0322090834,0.0981184095,-0.9947618842,0.0052278969,-0.3662221134,1.2817773819,-1.0376293659,-0.5111240149,0.8865016699,0.0285653248,-0.2889492512,0.4604632854,-0.3216650784,0.1308314800,0.1251201630,0.1214787886,0.5761165023,0.7303960323,0.1149860471,-0.3487592936,-0.3662221134,1.2817773819,-1.0376293659,-0.5111240149,0.8865016699,0.0285653248,-0.2889492512,0.4604632854,-0.3216650784,0.1308314800,0.1251201630,0.1214787886,0.5761165023,0.7303960323,0.1149860471,-0.3487592936,0.0000000000,0.0000000000,0.0000000000,0.0000000000,0.0000000000,0.0000000000,-0.3728141189,0.3588976860,-0.3086031675,0.9851319790,-0.1669687331,-0.0463191271,0.2923262417,0.6695523858,0.1696562916,-0.6615927219,
7033.808,0.1220740378,0.0000000000,0.9765923023,0.0668965727,0.0028077029,-1.0096743107,-0.1503952146,-0.0405285805,-0.4321421087,0.0017855838,0.0068862136,-0.0118041039,0.0322115496,0.0980785936,-0.9947657585,0.0052258722,-0.1831110567,1.7090365887,-0.9155552983,-0.5106356740,0.8863795996,0.0296639912,-0.2882167995,0.4630268216,-0.3228858411,0.1307728887,0.1244846582,0.1221466660,0.5757572651,0.7305001616,0.1133766994,-0.3496601880,-0.1831110567,1.7090365887,-0.9155552983,-0.5106356740,0.8863795996,0.0296639912,-0.2882167995,0.4630268216,-0.3228858411,0.1307728887,0.1244846582,0.1221466660,0.5757572651,0.7305001616,0.1133766994,-0.3496601880,0.0000000000,0.0000000000,0.0000000000,0.0000000000,0.0000000000,0.0000000000,-0.3745231628,0.3632923365,-0.3066499829,0.9851318002,-0.1669692099,-0.0463194847,0.2924450934,0.6695218682,0.1697761565,-0.6615403295,
7033.821,0.1220740378,0.0000000000,0.9765923023,0.0671407208,0.0026856288,-1.0111392736,-0.1528366953,-0.0402844325,-0.4337290525,0.0020247027,0.0067628645,-0.0132694244,0.0322143845,0.0980283991,-0.9947705865,0.0052238600,-0.1220740378,1.7700735331,-0.9155552983,-0.5083162785,0.8849146962,0.0306405835,-0.2902920544,0.4644917250,-0.3292336762,0.1325422525,0.1225062609,0.1227043271,0.5753903985,0.7306057215,0.1117612496,-0.3505624235,-0.1220740378,1.7700735331,-0.9155552983,-0.5083162785,0.8849146962,0.0306405835,-0.2902920544,0.4644917250,-0.3292336762,0.1325422525,0.1225062609,0.1227043271,0.5753903985,0.7306057215,0.1117612496,-0.3505624235,0.0000000000,0.0000000000,0.0000000000,0.0000000000,0.0000000000,0.0000000000,-0.3735465705,0.3613391519,-0.2929776907,0.9851318002,-0.1669697762,-0.0463199019,0.2925936878,0.6694837213,0.1699261069,-0.6614747643,
7033.834,0.1220740378,-0.0610370189,0.9765923023,0.0686056092,0.0014648885,-1.0108951330,-0.1501510739,-0.0378429517,-0.4254280329,0.0034879297,0.0055468814,-0.0130254030,0.0322153643,0.0979552567,-0.9947777390,0.0052239415,-0.0610370189,1.5869624615,-0.9155552983,-0.5053865314,0.8825953007,0.0314951017,-0.2884609401,0.4599749744,-0.3269142807,0.1349223852,0.1196727753,0.1231248006,0.5750206113,0.7307046056,0.1101320758,-0.3514775336,-0.0610370189,1.5869624615,-0.9155552983,-0.5053865314,0.8825953007,0.0314951017,-0.2884609401,0.4599749744,-0.3269142807,0.1349223852,0.1196727753,0.1231248006,0.5750206113,0.7307046056,0.1101320758,-0.3514775336,0.0000000000,0.0000000000,0.0000000000,0.0000000000,0.0000000000,0.0000000000,-0.3730582595,0.3588976860,-0.2949308753,0.9851315618,-0.1669702083,-0.0463200808,0.2927299440,0.6694486141,0.1700636148,-0.6614145637,
7033.847,0.1220740378,0.0000000000,0.9155552983,0.0664082766,0.0026856288,-1.0119937658,-0.1524704695,-0.0400402844,-0.4347056448,0.0012894198,0.0067656478,-0.0141240954,0.0322162919,0.0979085341,-0.9947823286,0.0052215033,-0.2441480756,1.0376293659,-1.1597033739,-0.5022125840,0.8806421161,0.0313730277,-0.2934660017,0.4596087635,-0.3264259696,0.1375835538,0.1172274351,0.1224850267,0.5746529698,0.7307742238,0.1084826067,-0.3524456918,-0.2441480756,1.0376293659,-1.1597033739,-0.5022125840,0.8806421161,0.0313730277,-0.2934660017,0.4596087635,-0.3264259696,0.1375835538,0.1172274351,0.1224850267,0.5746529698,0.7307742238,0.1084826067,-0.3524456918,0.0000000000,0.0000000000,0.0000000000,0.0000000000,0.0000000000,0.0000000000,-0.3728141189,0.3598742783,-0.2949308753,0.9851316214,-0.1669707298,-0.0463206768,0.2928684056,0.6694130301,0.1702033281,-0.6613534689,
7033.860,0.1220740378,0.0000000000,0.9765923023,0.0678731650,0.0029297769,-1.0115054846,-0.1511276662,-0.0430921353,-0.4329966009,0.0027458221,0.0070073172,-0.0136362910,0.0322206765,0.0979013890,-0.9947829247,0.0052204547,-0.3051851094,0.7934812307,-1.2817773819,-0.5036774874,0.8832056522,0.0318613239,-0.2902920544,0.4576555789,-0.3228858411,0.1356281638,0.1193143129,0.1224206090,0.5742899776,0.7308268547,0.1068417281,-0.3534280360,-0.3051851094,0.7934812307,-1.2817773819,-0.5036774874,0.8832056522,0.0318613239,-0.2902920544,0.4576555789,-0.3228858411,0.1356281638,0.1193143129,0.1224206090,0.5742899776,0.7308268547,0.1068417281,-0.3534280360,0.0000000000,0.0000000000,0.0000000000,0.0000000000,0.0000000000,0.0000000000,-0.3750114441,0.3593859673,-0.2968840599,0.9851313829,-0.1669711918,-0.0463209152,0.2929983735,0.6693794727,0.1703344733,-0.6612960100,
7033.873,0.1220740378,-0.0610370189,0.9765923023,0.0676290169,0.0020752586,-1.0113834143,-0.1533249915,-0.0426038392,-0.4340952933,0.0025050491,0.0061545484,-0.0135140419,0.0322190225,0.0978809819,-0.9947849512,0.0052204998,-0.3662221134,0.6714072227,-1.3428144455,-0.5083162785,0.8833277225,0.0283211768,-0.2902920544,0.4611957073,-0.3249610960,0.1305246353,0.1189818978,0.1183255315,0.5739223957,0.7308725119,0.1052186340,-0.3544162810,-0.3662221134,0.6714072227,-1.3428144455,-0.5083162785,0.8833277225,0.0283211768,-0.2902920544,0.4611957073,-0.3249610960,0.1305246353,0.1189818978,0.1183255315,0.5739223957,0.7308725119,0.1052186340,-0.3544162810,0.0000000000,0.0000000000,0.0000000000,0.0000000000,0.0000000000,0.0000000000,-0.3713492155,0.3598742783,-0.3086031675,0.9851312637,-0.1669716537,-0.0463212729,0.2931014299,0.6693528891,0.1704383790,-0.6612504721,
7033.886,0.1831110567,-0.0610370189,0.9765923023,0.0689718351,0.0019531846,-1.0100406408,-0.1530808508,-0.0422376171,-0.4303109944,0.0038441345,0.0060454402,-0.0121716261,0.0322203636,0.0978576988,-0.9947872758,0.0052263821,-0.4882961512,1.2817773819,-1.2817773819,-0.5178380609,0.8850367665,0.0202642903,-0.2901699841,0.4638813436,-0.3280129433,0.1205472946,0.1202560663,0.1098072454,0.5735397339,0.7309391499,0.1036478505,-0.3553599715,-0.4882961512,1.2817773819,-1.2817773819,-0.5178380609,0.8850367665,0.0202642903,-0.2901699841,0.4638813436,-0.3280129433,0.1205472946,0.1202560663,0.1098072454,0.5735397339,0.7309391499,0.1036478505,-0.3553599715,0.0000000000,0.0000000000,0.0000000000,0.0000000000,0.0000000000,0.0000000000,-0.3745231628,0.3603625596,-0.3086031675,0.9851312637,-0.1669721454,-0.0463217497,0.2932034731,0.6693265438,0.1705412567,-0.6612054110,
7033.899,0.1831110567,0.0000000000,1.0376293659,0.0689718351,0.0032959990,-1.0106509924,-0.1501510739,-0.0408948027,-0.4299447536,0.0038300753,0.0073952232,-0.0127828717,0.0322272293,0.0978201255,-0.9947906733,0.0052293250,-0.4882961512,1.7700735331,-1.2817773819,-0.5151524544,0.8849146962,0.0217291787,-0.2930997610,0.4631488919,-0.3281350136,0.1227637529,0.1196945310,0.1108602658,0.5731502175,0.7310173512,0.1020909250,-0.3562769890,-0.4882961512,1.7700735331,-1.2817773819,-0.5151524544,0.8849146962,0.0217291787,-0.2930997610,0.4631488919,-0.3281350136,0.1227637529,0.1196945310,0.1108602658,0.5731502175,0.7310173512,0.1020909250,-0.3562769890,0.0000000000,0.0000000000,0.0000000000,0.0000000000,0.0000000000,0.0000000000,-0.3750114441,0.3588976860,-0.2949308753,0.9851310253,-0.1669725627,-0.0463219881,0.2933354974,0.6692923903,0.1706745028,-0.6611469388,
7033.912,0.1831110567,-0.0610370189,0.9765923023,0.0672627985,0.0040284432,-1.0106509924,-0.1481978893,-0.0386974700,-0.4297006130,0.0021260306,0.0081302887,-0.0127825141,0.0322249085,0.0977642238,-0.9947962761,0.0052285739,-0.4882961512,2.0752587318,-1.2817773819,-0.5110019445,0.8838160634,0.0251472518,-0.2891933918,0.4637592733,-0.3280129433,0.1264321804,0.1181485057,0.1138854250,0.5727709532,0.7310951352,0.1005603075,-0.3571615219,-0.4882961512,2.0752587318,-1.2817773819,-0.5110019445,0.8838160634,0.0251472518,-0.2891933918,0.4637592733,-0.3280129433,0.1264321804,0.1181485057,0.1138854250,0.5727709532,0.7310951352,0.1005603075,-0.3571615219,0.0000000000,0.0000000000,0.0000000000,0.0000000000,0.0000000000,0.0000000000,-0.3720816672,0.3598742783,-0.2968840599,0.9851309657,-0.1669730395,-0.0463224649,0.2934661806,0.6692585945,0.1708063930,-0.6610891223,
7033.925,0.1220740378,-0.0610370189,0.9765923023,0.0659199804,0.0046388134,-1.0095522404,-0.1495406926,-0.0439466536,-0.4298226833,0.0007944331,0.0087295948,-0.0116829872,0.0322198011,0.0977748632,-0.9947953820,0.0052228603,-0.8545182943,1.4648884535,-1.3428144455,-0.5056306720,0.8778343797,0.0300302133,-0.2889492512,0.4603411853,-0.3277688026,0.1313363314,0.1117165089,0.1182356998,0.5724225044,0.7311249971,0.0990066528,-0.3580917716,-0.8545182943,1.4648884535,-1.3428144455,-0.5056306720,0.8778343797,0.0300302133,-0.2889492512,0.4603411853,-0.3277688026,0.1313363314,0.1117165089,0.1182356998,0.5724225044,0.7311249971,0.0990066528,-0.3580917716,0.0000000000,0.0000000000,0.0000000000,0.0000000000,0.0000000000,0.0000000000,-0.3730582595,0.3574327826,-0.2968840599,0.9851310253,-0.1669735461,-0.0463230610,0.2935889661,0.6692268848,0.1709302515,-0.6610348225,
7033.938,0.1220740378,0.0000000000,0.9155552983,0.0673848689,0.0034180731,-1.0105289221,-0.1545457393,-0.0452894680,-0.4349497855,0.0022529066,0.0075032036,-0.0126601458,0.0322231874,0.0977913886,-0.9947936535,0.0052208970,-1.1597033739,0.7934812307,-1.4038513899,-0.5066072345,0.8786889315,0.0296639912,-0.2946867347,0.4568010569,-0.3305765092,0.1299143434,0.1121268272,0.1172254831,0.5720809698,0.7311193347,0.0974096730,-0.3590857983,-1.1597033739,0.7934812307,-1.4038513899,-0.5066072345,0.8786889315,0.0296639912,-0.2946867347,0.4568010569,-0.3305765092,0.1299143434,0.1121268272,0.1172254831,0.5720809698,0.7311193347,0.0974096730,-0.3590857983,0.0000000000,0.0000000000,0.0000000000,0.0000000000,0.0000000000,0.0000000000,-0.3713492155,0.3579210937,-0.2949308753,0.9851307869,-0.1669740081,-0.0463232994,0.2937185168,0.6691932678,0.1710609943,-0.6609773636,
7033.951,0.1220740378,0.0000000000,0.9765923023,0.0672627985,0.0028077029,-1.0112613440,-0.1546678096,-0.0427259132,-0.4351939559,0.0021253377,0.0068909288,-0.0133928657,0.0322261378,0.0977689251,-0.9947957993,0.0052194912,-1.3428144455,0.3662221134,-1.4648884535,-0.5095370412,0.8803979754,0.0278328806,-0.2928556204,0.4633930624,-0.3254493773,0.1265612841,0.1134043336,0.1146904677,0.5717591047,0.7310868502,0.0958343819,-0.3600871265,-1.3428144455,0.3662221134,-1.4648884535,-0.5095370412,0.8803979754,0.0278328806,-0.2928556204,0.4633930624,-0.3254493773,0.1265612841,0.1134043336,0.1146904677,0.5717591047,0.7310868502,0.0958343819,-0.3600871265,0.0000000000,0.0000000000,0.0000000000,0.0000000000,0.0000000000,0.0000000000,-0.3730582595,0.3554795980,-0.3066499829,0.9851307869,-0.1669745147,-0.0463237166,0.2938096821,0.6691696644,0.1711528748,-0.6609370112,
7033.964,0.1220740378,0.0000000000,0.9765923023,0.0664082766,0.0024414808,-1.0106509924,-0.1503952146,-0.0440687276,-0.4340952933,0.0012693629,0.0065246145,-0.0127826333,0.0322268233,0.0977772623,-0.9947949052,0.0052197869,-1.4038513899,0.5493331552,-1.3428144455,-0.5162510872,0.8856471181,0.0277108066,-0.2939542830,0.4630268216,-0.3270363510,0.1194180846,0.1182200909,0.1138813049,0.5714349151,0.7310557961,0.0942659229,-0.3610774279,-1.4038513899,0.5493331552,-1.3428144455,-0.5162510872,0.8856471181,0.0277108066,-0.2939542830,0.4630268216,-0.3270363510,0.1194180846,0.1182200909,0.1138813049,0.5714349151,0.7310557961,0.0942659229,-0.3610774279,0.0000000000,0.0000000000,0.0000000000,0.0000000000,0.0000000000,0.0000000000,-0.3720816672,0.3603625596,-0.2910245061,0.9851306081,-0.1669750065,-0.0463241935,0.2939547002,0.6691320539,0.1712992638,-0.6608726978,
7033.977,0.1220740378,-0.0610370189,0.9765923023,0.0662862062,0.0014648885,-1.0107730627,-0.1478316635,-0.0421155430,-0.4334849119,0.0011571050,0.0055527547,-0.0129041076,0.0322217494,0.0977675915,-0.9947960377,0.0052213478,-1.4038513899,0.6103702188,-1.2817773819,-0.5124667883,0.8843043447,0.0301522873,-0.2932218313,0.4636372030,-0.3241065741,0.1227570772,0.1164313555,0.1156334877,0.5711192489,0.7310200930,0.0927023441,-0.3620527387,-1.4038513899,0.6103702188,-1.2817773819,-0.5124667883,0.8843043447,0.0301522873,-0.2932218313,0.4636372030,-0.3241065741,0.1227570772,0.1164313555,0.1156334877,0.5711192489,0.7310200930,0.0927023441,-0.3620527387,0.0000000000,0.0000000000,0.0000000000,0.0000000000,0.0000000000,0.0000000000,-0.3737907112,0.3584093750,-0.2949308753,0.9851305485,-0.1669754982,-0.0463245511,0.2940823138,0.6690989137,0.1714280546,-0.6608160734,
7033.990,0.1220740378,-0.0610370189,0.9765923023,0.0662862062,0.0034180731,-1.0104068518,-0.1512497365,-0.0451673940,-0.4315317273,0.0011667386,0.0075009954,-0.0125371814,0.0322170779,0.0977884829,-0.9947942495,0.0052190898,-1.4038513899,0.4272591472,-1.2817773819,-0.5105136037,0.8816186786,0.0333262123,-0.2954191864,0.4622943699,-0.3311868608,0.1242690086,0.1133006215,0.1180852950,0.5708000064,0.7309725285,0.0911163017,-0.3630534708,-1.4038513899,0.4272591472,-1.2817773819,-0.5105136037,0.8816186786,0.0333262123,-0.2954191864,0.4622943699,-0.3311868608,0.1242690086,0.1133006215,0.1180852950,0.5708000064,0.7309725285,0.0911163017,-0.3630534708,0.0000000000,0.0000000000,0.0000000000,0.0000000000,0.0000000000,0.0000000000,-0.3750114441,0.3593859673,-0.2910245061,0.9851303697,-0.1669759750,-0.0463248491,0.2942215204,0.6690627337,0.1715685874,-0.6607542038,
7034.003,0.1220740378,-0.0610370189,0.9765923023,0.0665303543,0.0017090365,-1.0102847815,-0.1524704695,-0.0443128757,-0.4339731932,0.0014192834,0.0057954798,-0.0124146342,0.0322127044,0.0977935120,-0.9947937131,0.0052205948,-1.4038513899,0.0000000000,-1.4038513899,-0.5117343664,0.8789330721,0.0332041383,-0.2923673093,0.4638813436,-0.3261818290,0.1226401925,0.1101939082,0.1171972156,0.5704841614,0.7309049964,0.0895421430,-0.3640759289,-1.4038513899,0.0000000000,-1.4038513899,-0.5117343664,0.8789330721,0.0332041383,-0.2923673093,0.4638813436,-0.3261818290,0.1226401925,0.1101939082,0.1171972156,0.5704841614,0.7309049964,0.0895421430,-0.3640759289,0.0000000000,0.0000000000,0.0000000000,0.0000000000,0.0000000000,0.0000000000,-0.3742789924,0.3569445014,-0.2949308753,0.9851302505,-0.1669764519,-0.0463251472,0.2943434417,0.6690310240,0.1716916412,-0.6607000232,
7034.016,0.1220740378,0.0000000000,0.9765923023,0.0657979101,0.0030518509,-1.0097965002,-0.1530808508,-0.0440687276,-0.4380016625,0.0006879419,0.0071351547,-0.0119262338,0.0322123058,0.0977925658,-0.9947940707,0.0052189454,-1.3428144455,-0.0610370189,-1.4038513899,-0.5139316916,0.8812524676,0.0306405835,-0.2917569578,0.4642475545,-0.3276467323,0.1200394630,0.1120988727,0.1138854176,0.5701584816,0.7308399677,0.0879702792,-0.3650984764,-1.3428144455,-0.0610370189,-1.4038513899,-0.5139316916,0.8812524676,0.0306405835,-0.2917569578,0.4642475545,-0.3276467323,0.1200394630,0.1120988727,0.1138854176,0.5701584816,0.7308399677,0.0879702792,-0.3650984764,0.0000000000,0.0000000000,0.0000000000,0.0000000000,0.0000000000,0.0000000000,-0.3715933859,0.3588976860,-0.2929776907,0.9851301908,-0.1669769734,-0.0463255644,0.2944768667,0.6689963341,0.1718263179,-0.6606407166,
7034.029,0.1220740378,0.0000000000,0.9765923023,0.0676290169,0.0034180731,-1.0104068518,-0.1517380327,-0.0413830988,-0.4353160262,0.0025113896,0.0074964506,-0.0125370622,0.0322165340,0.0977610648,-0.9947968721,0.0052158502,-1.2207404375,0.2441480756,-1.4038513899,-0.5180822015,0.8808862567,0.0285653248,-0.2933439016,0.4615619481,-0.3238624334,0.1154960990,0.1113350987,0.1111256257,0.5698094368,0.7307916880,0.0864121914,-0.3661107123,-1.2207404375,0.2441480756,-1.4038513899,-0.5180822015,0.8808862567,0.0285653248,-0.2933439016,0.4615619481,-0.3238624334,0.1154960990,0.1113350987,0.1111256257,0.5698094368,0.7307916880,0.0864121914,-0.3661107123,0.0000000000,0.0000000000,0.0000000000,0.0000000000,0.0000000000,0.0000000000,-0.3728141189,0.3593859673,-0.2929776907,0.9851301312,-0.1669774950,-0.0463259816,0.2946102321,0.6689616442,0.1719609499,-0.6605814099,
7034.042,0.1220740378,0.0000000000,0.9765923023,0.0671407208,0.0031739250,-1.0111392736,-0.1521042585,-0.0430921353,-0.4356822371,0.0020180717,0.0072486214,-0.0132697821,0.0322192647,0.0977510810,-0.9947978854,0.0052139396,-1.0376293659,0.7324442267,-1.4038513899,-0.5141758323,0.8807641864,0.0318613239,-0.2915128171,0.4588763118,-0.3254493773,0.1189928055,0.1108096838,0.1138028949,0.5694496036,0.7307609916,0.0848678872,-0.3670917749,-1.0376293659,0.7324442267,-1.4038513899,-0.5141758323,0.8807641864,0.0318613239,-0.2915128171,0.4588763118,-0.3254493773,0.1189928055,0.1108096838,0.1138028949,0.5694496036,0.7307609916,0.0848678872,-0.3670917749,0.0000000000,0.0000000000,0.0000000000,0.0000000000,0.0000000000,0.0000000000,-0.3728141189,0.3574327826,-0.2968840599,0.9851300716,-0.1669779718,-0.0463263392,0.2947273254,0.6689311266,0.1720791161,-0.6605293155,
7034.055,0.1220740378,0.0000000000,0.9765923023,0.0666524246,0.0034180731,-1.0111392736,-0.1516159624,-0.0433362834,-0.4331187010,0.0015272200,0.0074878996,-0.0132699609,0.0322208069,0.0977464765,-0.9947981238,0.0052114930,-0.6714072227,1.4648884535,-1.5259255171,-0.5090487599,0.8792992830,0.0357676931,-0.2977385819,0.4598529041,-0.3250831664,0.1237052679,0.1089504361,0.1172042340,0.5690566897,0.7307642698,0.0833375528,-0.3680437803,-0.6714072227,1.4648884535,-1.5259255171,-0.5090487599,0.8792992830,0.0357676931,-0.2977385819,0.4598529041,-0.3250831664,0.1237052679,0.1089504361,0.1172042340,0.5690566897,0.7307642698,0.0833375528,-0.3680437803,0.0000000000,0.0000000000,0.0000000000,0.0000000000,0.0000000000,0.0000000000,-0.3745231628,0.3623157442,-0.2968840599,0.9851299524,-0.1669784635,-0.0463266969,0.2948562205,0.6688975096,0.1722092330,-0.6604719162,
7034.068,0.1220740378,0.0000000000,0.9155552983,0.0672627985,0.0025635548,-1.0111392736,-0.1513718069,-0.0428479873,-0.4320200086,0.0021319613,0.0066320631,-0.0132703185,0.0322236978,0.0977417603,-0.9947986007,0.0052109594,-0.5493331552,1.2817773819,-1.7090365887,-0.5085604191,0.8786889315,0.0373546556,-0.2918790281,0.4631488919,-0.3271584213,0.1238080859,0.1079691648,0.1182765439,0.5686646104,0.7307581902,0.0818335414,-0.3689981401,-0.5493331552,1.2817773819,-1.7090365887,-0.5085604191,0.8786889315,0.0373546556,-0.2918790281,0.4631488919,-0.3271584213,0.1238080859,0.1079691648,0.1182765439,0.5686646104,0.7307581902,0.0818335414,-0.3689981401,0.0000000000,0.0000000000,0.0000000000,0.0000000000,0.0000000000,0.0000000000,-0.3725699782,0.3613391519,-0.3066499829,0.9851298928,-0.1669789255,-0.0463271141,0.2949580550,0.6688709259,0.1723119617,-0.6604266167,
7034.081,0.1220740378,0.0000000000,0.9765923023,0.0670186505,0.0026856288,-1.0104068518,-0.1529587656,-0.0408948027,-0.4333628416,0.0018832460,0.0067529068,-0.0125381947,0.0322262496,0.0977010578,-0.9948024750,0.0052092532,-0.4882961512,1.0376293659,-1.7700735331,-0.5089266896,0.8779565096,0.0374767296,-0.2893154621,0.4618060887,-0.3261818290,0.1230721474,0.1068778038,0.1178668588,0.5682689548,0.7307431102,0.0803295970,-0.3699666858,-0.4882961512,1.0376293659,-1.7700735331,-0.5089266896,0.8779565096,0.0374767296,-0.2893154621,0.4618060887,-0.3261818290,0.1230721474,0.1068778038,0.1178668588,0.5682689548,0.7307431102,0.0803295970,-0.3699666858,0.0000000000,0.0000000000,0.0000000000,0.0000000000,0.0000000000,0.0000000000,-0.3715933859,0.3593859673,-0.2929776907,0.9851296544,-0.1669793725,-0.0463273525,0.2950896621,0.6688364744,0.1724448502,-0.6603679061,
7034.094,0.1220740378,0.0610370189,0.9765923023,0.0683614612,0.0021973327,-1.0102847815,-0.1539353579,-0.0417493209,-0.4338511229,0.0032042190,0.0062658014,-0.0124175549,0.0322372429,0.0976687893,-0.9948052764,0.0052098706,-0.3662221134,0.6714072227,-1.8921475410,-0.5182042718,0.8827173710,0.0328379162,-0.2943204939,0.4597308338,-0.3275246322,0.1134677529,0.1113156080,0.1126981229,0.5678389072,0.7307280302,0.0788038075,-0.3709836602,-0.3662221134,0.6714072227,-1.8921475410,-0.5182042718,0.8827173710,0.0328379162,-0.2943204939,0.4597308338,-0.3275246322,0.1134677529,0.1113156080,0.1126981229,0.5678389072,0.7307280302,0.0788038075,-0.3709836602,0.0000000000,0.0000000000,0.0000000000,0.0000000000,0.0000000000,0.0000000000,-0.3747673035,0.3598742783,-0.2949308753,0.9851295352,-0.1669798195,-0.0463277698,0.2952149808,0.6688036919,0.1725713611,-0.6603120565,
7034.107,0.1220740378,0.0000000000,0.9765923023,0.0684835389,0.0020752586,-1.0116275549,-0.1517380327,-0.0418713950,-0.4345835745,0.0033150539,0.0061455308,-0.0137610435,0.0322428867,0.0976444632,-0.9948074818,0.0052105314,-0.1831110567,1.0986663103,-1.7090365887,-0.5280922651,0.8866237402,0.0272225104,-0.2924894094,0.4632709622,-0.3280129433,0.1032465696,0.1149050593,0.1066550612,0.5673908591,0.7307410836,0.0773114264,-0.3719561100,-0.1831110567,1.0986663103,-1.7090365887,-0.5280922651,0.8866237402,0.0272225104,-0.2924894094,0.4632709622,-0.3280129433,0.1032465696,0.1149050593,0.1066550612,0.5673908591,0.7307410836,0.0773114264,-0.3719561100,0.0000000000,0.0000000000,0.0000000000,0.0000000000,0.0000000000,0.0000000000,-0.3737907112,0.3588976860,-0.3105563521,0.9851294756,-0.1669803411,-0.0463281274,0.2952978909,0.6687819958,0.1726549268,-0.6602751017,
7034.120,0.1220740378,0.0000000000,0.9765923023,0.0679952428,0.0017090365,-1.0116275549,-0.1547898799,-0.0415051728,-0.4371471405,0.0028179660,0.0057829125,-0.0137616396,0.0322472937,0.0976060182,-0.9948111176,0.0052115098,0.0610370189,1.8921475410,-1.4648884535,-0.5309000015,0.8863795996,0.0266121402,-0.2893154621,0.4597308338,-0.3277688026,0.1000725627,0.1143303514,0.1057423726,0.5669255853,0.7307913899,0.0758438483,-0.3728676438,0.0610370189,1.8921475410,-1.4648884535,-0.5309000015,0.8863795996,0.0266121402,-0.2893154621,0.4597308338,-0.3277688026,0.1000725627,0.1143303514,0.1057423726,0.5669255853,0.7307913899,0.0758438483,-0.3728676438,0.0000000000,0.0000000000,0.0000000000,0.0000000000,0.0000000000,0.0000000000,-0.3737907112,0.3584093750,-0.2949308753,0.9851293564,-0.1669808179,-0.0463285446,0.2954187095,0.6687503457,0.1727768779,-0.6602212191,
7034.133,0.1831110567,-0.0610370189,0.9765923023,0.0675069466,0.0034180731,-1.0104068518,-0.1546678096,-0.0424817652,-0.4349497855,0.0023335293,0.0074977148,-0.0125406981,0.0322452113,0.0975816473,-0.9948136806,0.0052133999,0.4272591472,3.2349619865,-1.2207404375,-0.5257728696,0.8810083270,0.0279549547,-0.2927335501,0.4593645930,-0.3241065741,0.1047782898,0.1086034775,0.1069741100,0.5664348006,0.7309010029,0.0744080544,-0.3736870885,0.4272591472,3.2349619865,-1.2207404375,-0.5257728696,0.8810083270,0.0279549547,-0.2927335501,0.4593645930,-0.3241065741,0.1047782898,0.1086034775,0.1069741100,0.5664348006,0.7309010029,0.0744080544,-0.3736870885,0.0000000000,0.0000000000,0.0000000000,0.0000000000,0.0000000000,0.0000000000,-0.3745231628,0.3608508706,-0.2949308753,0.9851292968,-0.1669813246,-0.0463290215,0.2955451906,0.6687172055,0.1729045510,-0.6601647735,
7034.146,0.1220740378,0.0000000000,0.9765923023,0.0675069466,0.0039063692,-1.0108951330,-0.1538132876,-0.0382091738,-0.4327524602,0.0023269281,0.0079787103,-0.0130293965,0.0322492644,0.0975041911,-0.9948211312,0.0052075782,0.4882961512,3.1739249229,-1.1597033739,-0.5179601312,0.8782006502,0.0344248787,-0.2910245061,0.4596087635,-0.3247169554,0.1121460199,0.1054182053,0.1133028641,0.5659598112,0.7309984565,0.0729626417,-0.3745003343,0.4882961512,3.1739249229,-1.1597033739,-0.5179601312,0.8782006502,0.0344248787,-0.2910245061,0.4596087635,-0.3247169554,0.1121460199,0.1054182053,0.1133028641,0.5659598112,0.7309984565,0.0729626417,-0.3745003343,0.0000000000,0.0000000000,0.0000000000,0.0000000000,0.0000000000,0.0000000000,-0.3737907112,0.3569445014,-0.2949308753,0.9851292968,-0.1669818014,-0.0463294387,0.2956607044,0.6686869264,0.1730211526,-0.6601132154,
7034.159,0.1220740378,0.0000000000,0.9155552983,0.0668965727,0.0036622211,-1.0106509924,-0.1519821733,-0.0371105075,-0.4367808998,0.0017128736,0.0077278041,-0.0127854943,0.0322518609,0.0974217728,-0.9948289990,0.0052017230,0.3662221134,2.5635547638,-1.0986663103,-0.5117343664,0.8779565096,0.0374767296,-0.2926114798,0.4627826810,-0.3216650784,0.1179100275,0.1047732234,0.1161153167,0.5655108690,0.7310623527,0.0714878440,-0.3753373921,0.3662221134,2.5635547638,-1.0986663103,-0.5117343664,0.8779565096,0.0374767296,-0.2926114798,0.4627826810,-0.3216650784,0.1179100275,0.1047732234,0.1161153167,0.5655108690,0.7310623527,0.0714878440,-0.3753373921,0.0000000000,0.0000000000,0.0000000000,0.0000000000,0.0000000000,0.0000000000,-0.3718375266,0.3584093750,-0.2968840599,0.9851292372,-0.1669823229,-0.0463298559,0.2957757413,0.6686567664,0.1731372625,-0.6600618362,
7034.172,0.1220740378,-0.0610370189,0.9765923023,0.0677510947,0.0017090365,-1.0101627111,-0.1555223316,-0.0401623584,-0.4366588295,0.0025700182,0.0057782358,-0.0122970343,0.0322506726,0.0973651409,-0.9948347211,0.0052015586,0.0000000000,0.6714072227,-1.0986663103,-0.5149083138,0.8779565096,0.0339365825,-0.2898037732,0.4603411853,-0.3247169554,0.1143112183,0.1043788791,0.1120968983,0.5650879145,0.7310484648,0.0699399933,-0.3762917817,0.0000000000,0.6714072227,-1.0986663103,-0.5149083138,0.8779565096,0.0339365825,-0.2898037732,0.4603411853,-0.3247169554,0.1143112183,0.1043788791,0.1120968983,0.5650879145,0.7310484648,0.0699399933,-0.3762917817,0.0000000000,0.0000000000,0.0000000000,0.0000000000,0.0000000000,0.0000000000,-0.3750114441,0.3608508706,-0.3066499829,0.9851289392,-0.1669827700,-0.0463299751,0.2958701551,0.6686319113,0.1732325107,-0.6600195765,
7034.185,0.1220740378,-0.0610370189,1.0376293659,0.0676290169,0.0015869625,-1.0104068518,-0.1534470618,-0.0408948027,-0.4326303899,0.0024512857,0.0056610601,-0.0125409961,0.0322490036,0.0973196924,-0.9948391914,0.0052023600,-0.1220740378,0.2441480756,-0.9765923023,-0.5225989819,0.8810083270,0.0271004364,-0.2946867347,0.4622943699,-0.3258156180,0.1062041521,0.1070410609,0.1047549173,0.5646568537,0.7310240865,0.0683697686,-0.3772736192,-0.1220740378,0.2441480756,-0.9765923023,-0.5225989819,0.8810083270,0.0271004364,-0.2946867347,0.4622943699,-0.3258156180,0.1062041521,0.1070410609,0.1047549173,0.5646568537,0.7310240865,0.0683697686,-0.3772736192,0.0000000000,0.0000000000,0.0000000000,0.0000000000,0.0000000000,0.0000000000,-0.3740348518,0.3637806475,-0.2949308753,0.9851288199,-0.1669832468,-0.0463303924,0.2960025966,0.6685971022,0.1733662635,-0.6599603295,
7034.198,0.1831110567,-0.0610370189,0.9765923023,0.0672627985,0.0026856288,-1.0110172033,-0.1550340354,-0.0430921353,-0.4299447536,0.0020903498,0.0067691170,-0.0131510496,0.0322459899,0.0973047391,-0.9948407412,0.0052062925,-0.1220740378,0.5493331552,-0.8545182943,-0.5268715620,0.8816186786,0.0235602893,-0.2885830402,0.4619281590,-0.3204443455,0.1015079618,0.1072620749,0.1007622480,0.5642297268,0.7310107350,0.0668400750,-0.3782113791,-0.1220740378,0.5493331552,-0.8545182943,-0.5268715620,0.8816186786,0.0235602893,-0.2885830402,0.4619281590,-0.3204443455,0.1015079618,0.1072620749,0.1007622480,0.5642297268,0.7310107350,0.0668400750,-0.3782113791,0.0000000000,0.0000000000,0.0000000000,0.0000000000,0.0000000000,0.0000000000,-0.3733024001,0.3608508706,-0.3066499829,0.9851288199,-0.1669837236,-0.0463307500,0.2960968912,0.6685723066,0.1734613776,-0.6599181890,
7034.211,0.1831110567,-0.0610370189,0.9765923023,0.0667745024,0.0032959990,-1.0113834143,-0.1540574431,-0.0419934690,-0.4289681613,0.0016098544,0.0073858215,-0.0135167241,0.0322419368,0.0972786471,-0.9948433638,0.0052082203,-0.0610370189,1.0986663103,-0.6103702188,-0.5239417553,0.8782006502,0.0263679922,-0.2873622775,0.4620502293,-0.3202002048,0.1039733887,0.1034281254,0.1031740904,0.5638095140,0.7310121059,0.0653267950,-0.3790986538,-0.0610370189,1.0986663103,-0.6103702188,-0.5239417553,0.8782006502,0.0263679922,-0.2873622775,0.4620502293,-0.3202002048,0.1039733887,0.1034281254,0.1031740904,0.5638095140,0.7310121059,0.0653267950,-0.3790986538,0.0000000000,0.0000000000,0.0000000000,0.0000000000,0.0000000000,0.0000000000,-0.3728141189,0.3584093750,-0.2949308753,0.9851287007,-0.1669842154,-0.0463311672,0.2962142229,0.6685414314,0.1735798419,-0.6598656774,
7034.224,0.1831110567,0.0000000000,0.9765923023,0.0665303543,0.0031739250,-1.0117496252,-0.1519821733,-0.0407727286,-0.4315317273,0.0013641268,0.0072706575,-0.0138831139,0.0322425775,0.0972419307,-0.9948469400,0.0052105468,-0.1220740378,1.0376293659,-0.5493331552,-0.5213782191,0.8764916062,0.0288094729,-0.2934660017,0.4653462470,-0.3258156180,0.1060628295,0.1012933850,0.1051944345,0.5633910894,0.7310034037,0.0637943149,-0.3799973726,-0.1220740378,1.0376293659,-0.5493331552,-0.5213782191,0.8764916062,0.0288094729,-0.2934660017,0.4653462470,-0.3258156180,0.1060628295,0.1012933850,0.1051944345,0.5633910894,0.7310034037,0.0637943149,-0.3799973726,0.0000000000,0.0000000000,0.0000000000,0.0000000000,0.0000000000,0.0000000000,-0.3725699782,0.3564561903,-0.2910245061,0.9851286411,-0.1669846922,-0.0463315248,0.2963359952,0.6685093641,0.1737027913,-0.6598111391,
7034.237,0.1220740378,0.0000000000,0.9765923023,0.0681173131,0.0031739250,-1.0102847815,-0.1529587656,-0.0411389507,-0.4344615042,0.0029412434,0.0072668782,-0.0124188662,0.0322478525,0.0972065181,-0.9948502183,0.0052079982,-0.1831110567,0.7324442267,-0.4882961512,-0.5206457973,0.8784447908,0.0314951017,-0.2922452390,0.4641254842,-0.3205664158,0.1063134074,0.1028101444,0.1074063852,0.5629872084,0.7309744358,0.0622512922,-0.3809065223,-0.1831110567,0.7324442267,-0.4882961512,-0.5206457973,0.8784447908,0.0314951017,-0.2922452390,0.4641254842,-0.3205664158,0.1063134074,0.1028101444,0.1074063852,0.5629872084,0.7309744358,0.0622512922,-0.3809065223,0.0000000000,0.0000000000,0.0000000000,0.0000000000,0.0000000000,0.0000000000,-0.3728141189,0.3569445014,-0.2910245061,0.9851285219,-0.1669852287,-0.0463318825,0.2964583635,0.6684771180,0.1738263369,-0.6597563028,
7034.250,0.1220740378,-0.0610370189,0.9765923023,0.0664082766,0.0025635548,-1.0102847815,-0.1497848481,-0.0406506546,-0.4318979383,0.0012414306,0.0066557657,-0.0124182701,0.0322434530,0.0971745923,-0.9948536158,0.0052061426,-0.2441480756,-0.1220740378,-0.3051851094,-0.5223547816,0.8805200458,0.0329599902,-0.2937101424,0.4636372030,-0.3230079114,0.1041129827,0.1044313908,0.1082910225,0.5625938177,0.7309105396,0.0606530122,-0.3818673491,-0.2441480756,-0.1220740378,-0.3051851094,-0.5223547816,0.8805200458,0.0329599902,-0.2937101424,0.4636372030,-0.3230079114,0.1041129827,0.1044313908,0.1082910225,0.5625938177,0.7309105396,0.0606530122,-0.3818673491,0.0000000000,0.0000000000,0.0000000000,0.0000000000,0.0000000000,0.0000000000,-0.3725699782,0.3554795980,-0.2910245061,0.9851282835,-0.1669856757,-0.0463320613,0.2965761423,0.6684460044,0.1739452779,-0.6597034335,
7034.263,0.1220740378,0.0000000000,0.9765923023,0.0681173131,0.0030518509,-1.0110172033,-0.1524704695,-0.0446790978,-0.4391003251,0.0029408857,0.0071409210,-0.0131512880,0.0322483256,0.0971861407,-0.9948522449,0.0052054212,-0.2441480756,-0.2441480756,-0.1831110567,-0.5272377729,0.8810083270,0.0300302133,-0.2952970862,0.4658345282,-0.3244727850,0.0987393856,0.1044682264,0.1047852859,0.5621945858,0.7308445573,0.0590515733,-0.3828311861,-0.2441480756,-0.2441480756,-0.1831110567,-0.5272377729,0.8810083270,0.0300302133,-0.2952970862,0.4658345282,-0.3244727850,0.0987393856,0.1044682264,0.1047852859,0.5621945858,0.7308445573,0.0590515733,-0.3828311861,0.0000000000,0.0000000000,0.0000000000,0.0000000000,0.0000000000,0.0000000000,-0.3740348518,0.3554795980,-0.2929776907,0.9851282835,-0.1669861525,-0.0463324785,0.2966873348,0.6684166789,0.1740575433,-0.6596536040,
7034.276,0.1220740378,-0.0610370189,0.9765923023,0.0673848689,0.0031739250,-1.0111392736,-0.1519821733,-0.0385753959,-0.4384899437,0.0022131503,0.0072592678,-0.0132730603,0.0322465077,0.0971190110,-0.9948589802,0.0052011595,-0.1831110567,-0.0610370189,-0.0610370189,-0.5261390805,0.8801538348,0.0289315470,-0.2888271809,0.4642475545,-0.3243507147,0.0993285179,0.1031511426,0.1031465977,0.5618004203,0.7307860255,0.0574694760,-0.3837613463,-0.1831110567,-0.0610370189,-0.0610370189,-0.5261390805,0.8801538348,0.0289315470,-0.2888271809,0.4642475545,-0.3243507147,0.0993285179,0.1031511426,0.1031465977,0.5618004203,0.7307860255,0.0574694760,-0.3837613463,0.0000000000,0.0000000000,0.0000000000,0.0000000000,0.0000000000,0.0000000000,-0.3720816672,0.3549913168,-0.2910245061,0.9851282239,-0.1669866890,-0.0463328958,0.2968029380,0.6683861613,0.1741742492,-0.6596017480,
7034.289,0.1831110567,-0.0610370189,0.9765923023,0.0665303543,0.0029297769,-1.0096743107,-0.1511276662,-0.0415051728,-0.4349497855,0.0013670698,0.0070232283,-0.0118075609,0.0322420411,0.0970944464,-0.9948614240,0.0052039898,0.0610370189,0.6103702188,0.1220740378,-0.5232093334,0.8777123094,0.0292977691,-0.2930997610,0.4642475545,-0.3259376884,0.1017127037,0.1002294421,0.1030797660,0.5613856912,0.7307605743,0.0558875129,-0.3846493363,0.0610370189,0.6103702188,0.1220740378,-0.5232093334,0.8777123094,0.0292977691,-0.2930997610,0.4642475545,-0.3259376884,0.1017127037,0.1002294421,0.1030797660,0.5613856912,0.7307605743,0.0558875129,-0.3846493363,0.0000000000,0.0000000000,0.0000000000,0.0000000000,0.0000000000,0.0000000000,-0.3720816672,0.3569445014,-0.2910245061,0.9851281047,-0.1669871658,-0.0463333130,0.2969233692,0.6683543324,0.1742958575,-0.6595476866,
7034.302,0.1831110567,0.0000000000,0.9765923023,0.0677510947,0.0024414808,-1.0102847815,-0.1506393701,-0.0426038392,-0.4304330647,0.0025797635,0.0065454221,-0.0124186277,0.0322455838,0.0970870331,-0.9948619604,0.0052093645,0.1831110567,0.7324442267,0.1831110567,-0.5188146830,0.8773460984,0.0322275460,-0.2951750159,0.4663228393,-0.3215430081,0.1055413485,0.0993691683,0.1055939496,0.5609725118,0.7307378054,0.0543040521,-0.3855212331,0.1831110567,0.7324442267,0.1831110567,-0.5188146830,0.8773460984,0.0322275460,-0.2951750159,0.4663228393,-0.3215430081,0.1055413485,0.0993691683,0.1055939496,0.5609725118,0.7307378054,0.0543040521,-0.3855212331,0.0000000000,0.0000000000,0.0000000000,0.0000000000,0.0000000000,0.0000000000,-0.3720816672,0.3545030057,-0.2968840599,0.9851279259,-0.1669875979,-0.0463335514,0.2970210314,0.6683284044,0.1743944287,-0.6595038176,
7034.315,0.1220740378,-0.0610370189,0.9765923023,0.0672627985,0.0034180731,-1.0107730627,-0.1489303261,-0.0426038392,-0.4314096570,0.0020966455,0.0075170025,-0.0129065514,0.0322432593,0.0970845073,-0.9948623180,0.0052065351,0.1220740378,0.4882961512,0.1831110567,-0.5161290169,0.8760033250,0.0341807306,-0.2924894094,0.4665669799,-0.3223975301,0.1076607704,0.0975291729,0.1070888937,0.5605720282,0.7306969762,0.0527204648,-0.3863999546,0.1220740378,0.4882961512,0.1831110567,-0.5161290169,0.8760033250,0.0341807306,-0.2924894094,0.4665669799,-0.3223975301,0.1076607704,0.0975291729,0.1070888937,0.5605720282,0.7306969762,0.0527204648,-0.3863999546,0.0000000000,0.0000000000,0.0000000000,0.0000000000,0.0000000000,0.0000000000,-0.3745231628,0.3564561903,-0.2929776907,0.9851279855,-0.1669881046,-0.0463341475,0.2971324325,0.6682989597,0.1745068878,-0.6594538689,
7034.328,0.1220740378,-0.0610370189,0.9765923023,0.0665303543,0.0023194067,-1.0107730627,-0.1503952146,-0.0451673940,-0.4288460910,0.0013729408,0.0064187748,-0.0129059553,0.0322387367,0.0971120521,-0.9948598742,0.0052072196,0.0610370189,-0.1220740378,0.0610370189,-0.5200353861,0.8780785799,0.0280770287,-0.2921231687,0.4643696547,-0.3202002048,0.1032220721,0.0991312265,0.1004843935,0.5601596236,0.7306391597,0.0511226766,-0.3873209357,0.0610370189,-0.1220740378,0.0610370189,-0.5200353861,0.8780785799,0.0280770287,-0.2921231687,0.4643696547,-0.3202002048,0.1032220721,0.0991312265,0.1004843935,0.5601596236,0.7306391597,0.0511226766,-0.3873209357,0.0000000000,0.0000000000,0.0000000000,0.0000000000,0.0000000000,0.0000000000,-0.3735465705,0.3574327826,-0.3066499829,0.9851276278,-0.1669885367,-0.0463342071,0.2972114086,0.6682779193,0.1745865494,-0.6594182849,
7034.341,0.1220740378,-0.0610370189,0.9765923023,0.0675069466,0.0025635548,-1.0104068518,-0.1516159624,-0.0432142094,-0.4284798801,0.0023533329,0.0066621476,-0.0125395060,0.0322368927,0.0971099883,-0.9948600531,0.0052065821,0.0610370189,0.0000000000,0.1220740378,-0.5211340785,0.8797875643,0.0256355479,-0.2904141247,0.4641254842,-0.3221533895,0.1015830040,0.1003643274,0.0975700691,0.5597450137,0.7305867076,0.0495348163,-0.3882245123,0.0610370189,0.0000000000,0.1220740378,-0.5211340785,0.8797875643,0.0256355479,-0.2904141247,0.4641254842,-0.3221533895,0.1015830040,0.1003643274,0.0975700691,0.5597450137,0.7305867076,0.0495348163,-0.3882245123,0.0000000000,0.0000000000,0.0000000000,0.0000000000,0.0000000000,0.0000000000,-0.3737907112,0.3579210937,-0.2929776907,0.9851280451,-0.1669890583,-0.0463351607,0.2973263562,0.6682476401,0.1747026145,-0.6593668461,
7034.354,0.1220740378,-0.0610370189,1.0376293659,0.0676290169,0.0030518509,-1.0113834143,-0.1541795135,-0.0426038392,-0.4284798801,0.0024789274,0.0071479673,-0.0135158300,0.0322353728,0.0970870480,-0.9948623776,0.0052044336,0.0610370189,0.2441480756,0.0610370189,-0.5202795267,0.8790551424,0.0277108066,-0.2911465764,0.4643696547,-0.3265480399,0.1019037962,0.0991637707,0.0991909355,0.5593262315,0.7305362821,0.0479606166,-0.3891196549,0.0610370189,0.2441480756,0.0610370189,-0.5202795267,0.8790551424,0.0277108066,-0.2911465764,0.4643696547,-0.3265480399,0.1019037962,0.0991637707,0.0991909355,0.5593262315,0.7305362821,0.0479606166,-0.3891196549,0.0000000000,0.0000000000,0.0000000000,0.0000000000,0.0000000000,0.0000000000,-0.3730582595,0.3535264134,-0.2929776907,0.9851276875,-0.1669894904,-0.0463352799,0.2974288464,0.6682203412,0.1748060882,-0.6593206525,
7034.367,0.1220740378,-0.0610370189,0.9765923023,0.0677510947,0.0019531846,-1.0110172033,-0.1573534310,-0.0397961363,-0.4331187010,0.0026037693,0.0060515599,-0.0131494403,0.0322342254,0.0970231295,-0.9948686361,0.0052033532,0.1831110567,0.4272591472,-0.0610370189,-0.5172277093,0.8766136765,0.0312509537,-0.2872402072,0.4625385404,-0.3228858411,0.1044339538,0.0962668061,0.1022977531,0.5589058399,0.7304880023,0.0464115962,-0.3900011182,0.1831110567,0.4272591472,-0.0610370189,-0.5172277093,0.8766136765,0.0312509537,-0.2872402072,0.4625385404,-0.3228858411,0.1044339538,0.0962668061,0.1022977531,0.5589058399,0.7304880023,0.0464115962,-0.3900011182,0.0000000000,0.0000000000,0.0000000000,0.0000000000,0.0000000000,0.0000000000,-0.3745231628,0.3584093750,-0.2910245061,0.9851275682,-0.1669899821,-0.0463356972,0.2975487113,0.6681885123,0.1749271303,-0.6592667103,
7034.380,0.1220740378,0.0000000000,0.9765923023,0.0667745024,0.0025635548,-1.0110172033,-0.1566209942,-0.0440687276,-0.4339731932,0.0016240776,0.0066611636,-0.0131496191,0.0322358422,0.0970163122,-0.9948692322,0.0052029020,0.2441480756,0.2441480756,-0.1220740378,-0.5173497796,0.8769798875,0.0344248787,-0.2887051105,0.4657124579,-0.3209326565,0.1038034558,0.0961865783,0.1050134674,0.5584864616,0.7304278016,0.0448647700,-0.3908945620,0.2441480756,0.2441480756,-0.1220740378,-0.5173497796,0.8769798875,0.0344248787,-0.2887051105,0.4657124579,-0.3209326565,0.1038034558,0.0961865783,0.1050134674,0.5584864616,0.7304278016,0.0448647700,-0.3908945620,0.0000000000,0.0000000000,0.0000000000,0.0000000000,0.0000000000,0.0000000000,-0.3747673035,0.3588976860,-0.2968840599,0.9851273298,-0.1669904590,-0.0463359356,0.2976537943,0.6681605577,0.1750332266,-0.6592193842,
7034.393,0.1220740378,0.0000000000,0.9765923023,0.0679952428,0.0034180731,-1.0112613440,-0.1508835107,-0.0399182104,-0.4290902317,0.0028358176,0.0075107059,-0.0133943558,0.0322407968,0.0969730988,-0.9948732853,0.0051994626,0.3051851094,0.0610370189,-0.0610370189,-0.5213782191,0.8791772127,0.0321054719,-0.2894375324,0.4677877128,-0.3236182630,0.0992709994,0.0979419947,0.1022383273,0.5580590367,0.7303655148,0.0433121100,-0.3917954564,0.3051851094,0.0610370189,-0.0610370189,-0.5213782191,0.8791772127,0.0321054719,-0.2894375324,0.4677877128,-0.3236182630,0.0992709994,0.0979419947,0.1022383273,0.5580590367,0.7303655148,0.0433121100,-0.3917954564,0.0000000000,0.0000000000,0.0000000000,0.0000000000,0.0000000000,0.0000000000,-0.3733024001,0.3574327826,-0.2929776907,0.9851274490,-0.1669909656,-0.0463365316,0.2977654040,0.6681309342,0.1751459241,-0.6591691971,
7034.406,0.1220740378,-0.0610370189,0.9765923023,0.0678731650,0.0023194067,-1.0110172033,-0.1514938772,-0.0417493209,-0.4281136394,0.0027159378,0.0064125117,-0.0131500959,0.0322397836,0.0969528630,-0.9948753119,0.0051989346,0.4882961512,0.1831110567,0.0610370189,-0.5210120082,0.8792992830,0.0274666585,-0.2891933918,0.4675435722,-0.3219092488,0.0991146564,0.0976139903,0.0972066522,0.5576168299,0.7303215861,0.0417571552,-0.3926747441,0.4882961512,0.1831110567,0.0610370189,-0.5210120082,0.8792992830,0.0274666585,-0.2891933918,0.4675435722,-0.3219092488,0.0991146564,0.0976139903,0.0972066522,0.5576168299,0.7303215861,0.0417571552,-0.3926747441,0.0000000000,0.0000000000,0.0000000000,0.0000000000,0.0000000000,0.0000000000,-0.3750114441,0.3554795980,-0.2949308753,0.9851271510,-0.1669914126,-0.0463367105,0.2978648543,0.6681044102,0.1752463430,-0.6591243148,
7034.419,0.1220740378,0.0000000000,0.9765923023,0.0679952428,0.0029297769,-1.0102847815,-0.1535691470,-0.0407727286,-0.4298226833,0.0028287321,0.0070203259,-0.0124182105,0.0322447382,0.0969134644,-0.9948789477,0.0051968372,0.5493331552,0.4272591472,0.0610370189,-0.5190588236,0.8785668612,0.0260017700,-0.2909024358,0.4652241468,-0.3225196004,0.1005394459,0.0964314342,0.0953925997,0.5571610332,0.7302893996,0.0402016230,-0.3935430944,0.5493331552,0.4272591472,0.0610370189,-0.5190588236,0.8785668612,0.0260017700,-0.2909024358,0.4652241468,-0.3225196004,0.1005394459,0.0964314342,0.0953925997,0.5571610332,0.7302893996,0.0402016230,-0.3935430944,0.0000000000,0.0000000000,0.0000000000,0.0000000000,0.0000000000,0.0000000000,-0.3735465705,0.3613391519,-0.2968840599,0.9851271510,-0.1669918746,-0.0463371277,0.2979757488,0.6680749059,0.1753583401,-0.6590743661,
7034.432,0.1831110567,0.0000000000,0.9765923023,0.0675069466,0.0026856288,-1.0104068518,-0.1519821733,-0.0412610248,-0.4338511229,0.0023336187,0.0067854784,-0.0125408173,0.0322478339,0.0968844295,-0.9948817492,0.0052008568,0.6103702188,0.7324442267,0.0000000000,-0.5156407356,0.8763695359,0.0263679922,-0.2880947292,0.4652241468,-0.3173924983,0.1034290195,0.0937885642,0.0954506993,0.5567070842,0.7302660942,0.0386779271,-0.3943803608,0.6103702188,0.7324442267,0.0000000000,-0.5156407356,0.8763695359,0.0263679922,-0.2880947292,0.4652241468,-0.3173924983,0.1034290195,0.0937885642,0.0954506993,0.5567070842,0.7302660942,0.0386779271,-0.3943803608,0.0000000000,0.0000000000,0.0000000000,0.0000000000,0.0000000000,0.0000000000,-0.3733024001,0.3608508706,-0.2968840599,0.9851270318,-0.1669923663,-0.0463374853,0.2980849147,0.6680458188,0.1754685640,-0.6590251327,
7034.445,0.1220740378,0.0000000000,0.9765923023,0.0675069466,0.0030518509,-1.0107730627,-0.1532029212,-0.0397961363,-0.4372692108,0.0023269877,0.0071485168,-0.0129074454,0.0322515704,0.0968317613,-0.9948866963,0.0051978878,0.4882961512,0.5493331552,-0.3662221134,-0.5112460852,0.8730735183,0.0273445845,-0.2901699841,0.4643696547,-0.3216650784,0.1073420048,0.0900806189,0.0960783064,0.5562446713,0.7302256227,0.0371601433,-0.3952530921,0.4882961512,0.5493331552,-0.3662221134,-0.5112460852,0.8730735183,0.0273445845,-0.2901699841,0.4643696547,-0.3216650784,0.1073420048,0.0900806189,0.0960783064,0.5562446713,0.7302256227,0.0371601433,-0.3952530921,0.0000000000,0.0000000000,0.0000000000,0.0000000000,0.0000000000,0.0000000000,-0.3735465705,0.3613391519,-0.2929776907,0.9851270318,-0.1669929028,-0.0463379025,0.2982048988,0.6680138707,0.1755897552,-0.6589710116,
7034.458,0.1220740378,0.0000000000,0.9155552983,0.0678731650,0.0026856288,-1.0102847815,-0.1529587656,-0.0423596911,-0.4397106767,0.0026845858,0.0067802374,-0.0124197006,0.0322560370,0.0968183652,-0.9948878884,0.0051968480,0.3662221134,0.1831110567,-0.4882961512,-0.5135654807,0.8742942810,0.0280770287,-0.2943204939,0.4630268216,-0.3248390257,0.1045693159,0.0909078121,0.0964040682,0.5557745695,0.7301629782,0.0356229804,-0.3961705565,0.3662221134,0.1831110567,-0.4882961512,-0.5135654807,0.8742942810,0.0280770287,-0.2943204939,0.4630268216,-0.3248390257,0.1045693159,0.0909078121,0.0964040682,0.5557745695,0.7301629782,0.0356229804,-0.3961705565,0.0000000000,0.0000000000,0.0000000000,0.0000000000,0.0000000000,0.0000000000,-0.3723258078,0.3613391519,-0.2968840599,0.9851269722,-0.1669934094,-0.0463383198,0.2983148098,0.6679845452,0.1757007390,-0.6589214206,
7034.471,0.1220740378,0.0000000000,0.9765923023,0.0678731650,0.0017090365,-1.0101627111,-0.1529587656,-0.0406506546,-0.4391003251,0.0026760101,0.0058071180,-0.0122981668,0.0322603546,0.0967774168,-0.9948917031,0.0051976657,0.3051851094,-0.1220740378,-0.6103702188,-0.5175939202,0.8763695359,0.0286873989,-0.2940763533,0.4646137953,-0.3172704279,0.1001191735,0.0926113129,0.0965657383,0.5553082824,0.7300820351,0.0341004245,-0.3971064687,0.3051851094,-0.1220740378,-0.6103702188,-0.5175939202,0.8763695359,0.0286873989,-0.2940763533,0.4646137953,-0.3172704279,0.1001191735,0.0926113129,0.0965657383,0.5553082824,0.7300820351,0.0341004245,-0.3971064687,0.0000000000,0.0000000000,0.0000000000,0.0000000000,0.0000000000,0.0000000000,-0.3713492155,0.3593859673,-0.2949308753,0.9851267338,-0.1669938117,-0.0463386178,0.2984244227,0.6679552197,0.1758114696,-0.6588718891,
7034.484,0.1831110567,0.0000000000,0.9765923023,0.0677510947,0.0029297769,-1.0110172033,-0.1516159624,-0.0394299142,-0.4351939559,0.0025462955,0.0070359274,-0.0131531954,0.0322640464,0.0967254713,-0.9948966503,0.0052003697,0.3051851094,0.0000000000,-0.4272591472,-0.5279701948,0.8823511600,0.0284432508,-0.2972502708,0.4643696547,-0.3266701400,0.0893185139,0.0982215405,0.0958907604,0.5548297763,0.7300043702,0.0325675495,-0.3980454206,0.3051851094,0.0000000000,-0.4272591472,-0.5279701948,0.8823511600,0.0284432508,-0.2972502708,0.4643696547,-0.3266701400,0.0893185139,0.0982215405,0.0958907604,0.5548297763,0.7300043702,0.0325675495,-0.3980454206,0.0000000000,0.0000000000,0.0000000000,0.0000000000,0.0000000000,0.0000000000,-0.3723258078,0.3574327826,-0.2929776907,0.9851267338,-0.1669943333,-0.0463390350,0.2985326946,0.6679263115,0.1759208143,-0.6588230133,
7034.497,0.1220740378,-0.0610370189,0.9765923023,0.0667745024,0.0019531846,-1.0106509924,-0.1532029212,-0.0407727286,-0.4353160262,0.0015774071,0.0060615498,-0.0127865076,0.0322602987,0.0966867656,-0.9949005246,0.0051998431,0.4272591472,0.1220740378,-0.2441480756,-0.5276039839,0.8821070194,0.0321054719,-0.2945646644,0.4631488919,-0.3252052367,0.0892357826,0.0975883603,0.0991363823,0.5543574691,0.7299284339,0.0310352612,-0.3989641070,0.4272591472,0.1220740378,-0.2441480756,-0.5276039839,0.8821070194,0.0321054719,-0.2945646644,0.4631488919,-0.3252052367,0.0892357826,0.0975883603,0.0991363823,0.5543574691,0.7299284339,0.0310352612,-0.3989641070,0.0000000000,0.0000000000,0.0000000000,0.0000000000,0.0000000000,0.0000000000,-0.3747673035,0.3588976860,-0.2929776907,0.9851266146,-0.1669948250,-0.0463395119,0.2986430228,0.6678968072,0.1760322303,-0.6587731838,
7034.510,0.1220740378,-0.0610370189,0.9765923023,0.0672627985,0.0036622211,-1.0106509924,-0.1552781761,-0.0386974700,-0.4410535097,0.0020709783,0.0077643474,-0.0127861500,0.0322583541,0.0966142938,-0.9949076772,0.0051941313,0.5493331552,0.0000000000,-0.0610370189,-0.5262611508,0.8806421161,0.0340586565,-0.2895596325,0.4635151327,-0.3198339939,0.0901068449,0.0957168341,0.1006687880,0.5538983345,0.7298477292,0.0295069627,-0.3998644352,0.5493331552,0.0000000000,-0.0610370189,-0.5262611508,0.8806421161,0.0340586565,-0.2895596325,0.4635151327,-0.3198339939,0.0901068449,0.0957168341,0.1006687880,0.5538983345,0.7298477292,0.0295069627,-0.3998644352,0.0000000000,0.0000000000,0.0000000000,0.0000000000,0.0000000000,0.0000000000,-0.3733024001,0.3564561903,-0.3066499829,0.9851263762,-0.1669952720,-0.0463398099,0.2987118661,0.6678783298,0.1761016250,-0.6587420702,
7034.523,0.1220740378,-0.0610370189,0.9765923023,0.0687276870,0.0019531846,-1.0106509924,-0.1547898799,-0.0413830988,-0.4360484779,0.0035338849,0.0060575446,-0.0127862692,0.0322594084,0.0965795293,-0.9949111342,0.0051942114,0.7324442267,-0.2441480756,0.1831110567,-0.5284585357,0.8799096942,0.0286873989,-0.2888271809,0.4659565985,-0.3232520521,0.0874166489,0.0945639610,0.0949035436,0.5534289479,0.7297738194,0.0279595964,-0.4007596970,0.7324442267,-0.2441480756,0.1831110567,-0.5284585357,0.8799096942,0.0286873989,-0.2888271809,0.4659565985,-0.3232520521,0.0874166489,0.0945639610,0.0949035436,0.5534289479,0.7297738194,0.0279595964,-0.4007596970,0.0000000000,0.0000000000,0.0000000000,0.0000000000,0.0000000000,0.0000000000,-0.3745231628,0.3588976860,-0.3066499829,0.9851262569,-0.1669957340,-0.0463401079,0.2987864017,0.6678583622,0.1761767864,-0.6587083936,
7034.536,0.1220740378,-0.0610370189,1.0376293659,0.0661641285,0.0029297769,-1.0101627111,-0.1521042585,-0.0416272469,-0.4329966009,0.0009808987,0.0070322216,-0.0122972727,0.0322543867,0.0965512916,-0.9949138761,0.0051918314,0.7934812307,-0.1220740378,0.4272591472,-0.5301675200,0.8784447908,0.0269783624,-0.2896817029,0.4683980942,-0.3292336762,0.0851899981,0.0926628709,0.0928323716,0.5529571772,0.7297075391,0.0264071636,-0.4016358554,0.7934812307,-0.1220740378,0.4272591472,-0.5301675200,0.8784447908,0.0269783624,-0.2896817029,0.4683980942,-0.3292336762,0.0851899981,0.0926628709,0.0928323716,0.5529571772,0.7297075391,0.0264071636,-0.4016358554,0.0000000000,0.0000000000,0.0000000000,0.0000000000,0.0000000000,0.0000000000,-0.3730582595,0.3584093750,-0.3086031675,0.9851262569,-0.1669962108,-0.0463405252,0.2988552153,0.6678399444,0.1762461513,-0.6586773396,
7034.549,0.1220740378,-0.0610370189,0.9765923023,0.0671407208,0.0032959990,-1.0108951330,-0.1557664722,-0.0440687276,-0.4340952933,0.0019633472,0.0073940456,-0.0130293369,0.0322516859,0.0965493545,-0.9949142933,0.0051892940,0.9155552983,0.0610370189,0.5493331552,-0.5289468169,0.8779565096,0.0244148076,-0.2909024358,0.4672994316,-0.3205664158,0.0858728290,0.0917276740,0.0899572372,0.5524777770,0.7296552658,0.0248550884,-0.4024886191,0.9155552983,0.0610370189,0.5493331552,-0.5289468169,0.8779565096,0.0244148076,-0.2909024358,0.4672994316,-0.3205664158,0.0858728290,0.0917276740,0.0899572372,0.5524777770,0.7296552658,0.0248550884,-0.4024886191,0.0000000000,0.0000000000,0.0000000000,0.0000000000,0.0000000000,0.0000000000,-0.3725699782,0.3588976860,-0.3066499829,0.9851261377,-0.1669966578,-0.0463410020,0.2989301682,0.6678198576,0.1763217449,-0.6586434841,
7034.562,0.1220740378,-0.1220740378,0.9765923023,0.0678731650,0.0034180731,-1.0113834143,-0.1557664722,-0.0388195440,-0.4392223954,0.0027088523,0.0075111454,-0.0135167837,0.0322457924,0.0964783728,-0.9949213266,0.0051838849,1.0986663103,0.7934812307,0.6714072227,-0.5229651928,0.8769798875,0.0228278451,-0.2922452390,0.4685201645,-0.3233741224,0.0912758708,0.0902823806,0.0881715268,0.5519890785,0.7296379209,0.0233171862,-0.4032818079,1.0986663103,0.7934812307,0.6714072227,-0.5229651928,0.8769798875,0.0228278451,-0.2922452390,0.4685201645,-0.3233741224,0.0912758708,0.0902823806,0.0881715268,0.5519890785,0.7296379209,0.0233171862,-0.4032818079,0.0000000000,0.0000000000,0.0000000000,0.0000000000,0.0000000000,0.0000000000,-0.3720816672,0.3608508706,-0.2968840599,0.9851259589,-0.1669971347,-0.0463412404,0.2990351915,0.6677916646,0.1764278114,-0.6585959196,
7034.575,0.1220740378,-0.0610370189,0.9765923023,0.0665303543,0.0037842952,-1.0107730627,-0.1558885425,-0.0397961363,-0.4373912811,0.0013747886,0.0078705959,-0.0129058361,0.0322420597,0.0964205712,-0.9949270487,0.0051782173,1.0986663103,0.9155552983,0.6103702188,-0.5149083138,0.8745384216,0.0272225104,-0.2887051105,0.4614398777,-0.3275246322,0.0987427831,0.0873633623,0.0923595428,0.5515037775,0.7296148539,0.0217728857,-0.4040730894,1.0986663103,0.9155552983,0.6103702188,-0.5149083138,0.8745384216,0.0272225104,-0.2887051105,0.4614398777,-0.3275246322,0.0987427831,0.0873633623,0.0923595428,0.5515037775,0.7296148539,0.0217728857,-0.4040730894,0.0000000000,0.0000000000,0.0000000000,0.0000000000,0.0000000000,0.0000000000,-0.3730582595,0.3584093750,-0.3086031675,0.9851258993,-0.1669975966,-0.0463417172,0.2991027534,0.6677735448,0.1764959097,-0.6585654020,
7034.588,0.1220740378,-0.0610370189,0.9765923023,0.0655537620,0.0028077029,-1.0102847815,-0.1563768387,-0.0382091738,-0.4300668240,0.0004115477,0.0068920809,-0.0124166012,0.0322359055,0.0963427722,-0.9949347973,0.0051740934,1.0376293659,0.5493331552,0.4272591472,-0.5105136037,0.8738059402,0.0296639912,-0.2905362248,0.4633930624,-0.3253273070,0.1025666595,0.0861644149,0.0945356637,0.5510234237,0.7295684218,0.0202239417,-0.4048917890,1.0376293659,0.5493331552,0.4272591472,-0.5105136037,0.8738059402,0.0296639912,-0.2905362248,0.4633930624,-0.3253273070,0.1025666595,0.0861644149,0.0945356637,0.5510234237,0.7295684218,0.0202239417,-0.4048917890,0.0000000000,0.0000000000,0.0000000000,0.0000000000,0.0000000000,0.0000000000,-0.3715933859,0.3603625596,-0.2968840599,0.9851258993,-0.1669980884,-0.0463421345,0.2992058694,0.6677458882,0.1766000539,-0.6585187316,
7034.601,0.1220740378,-0.0610370189,0.9765923023,0.0655537620,0.0017090365,-1.0110172033,-0.1545457393,-0.0424817652,-0.4361705482,0.0004250407,0.0057969368,-0.0131481290,0.0322290994,0.0963244513,-0.9949368834,0.0051746001,0.7934812307,-0.3051851094,0.1831110567,-0.5157628059,0.8767357469,0.0260017700,-0.2954191864,0.4636372030,-0.3276467323,0.0968032479,0.0886634588,0.0905024856,0.5505322218,0.7294833660,0.0186499786,-0.4057880342,0.7934812307,-0.3051851094,0.1831110567,-0.5157628059,0.8767357469,0.0260017700,-0.2954191864,0.4636372030,-0.3276467323,0.0968032479,0.0886634588,0.0905024856,0.5505322218,0.7294833660,0.0186499786,-0.4057880342,0.0000000000,0.0000000000,0.0000000000,0.0000000000,0.0000000000,0.0000000000,-0.3713492155,0.3608508706,-0.2968840599,0.9851257801,-0.1669985652,-0.0463425517,0.2993099391,0.6677179337,0.1767051667,-0.6584715843,
7034.614,0.1220740378,-0.0610370189,1.0376293659,0.0653096139,0.0020752586,-1.0099185705,-0.1544236541,-0.0412610248,-0.4311655164,0.0001952499,0.0061655338,-0.0120486021,0.0322220325,0.0962865874,-0.9949406981,0.0051738634,0.7934812307,-0.3662221134,0.1220740378,-0.5206457973,0.8783227205,0.0222174749,-0.2963957787,0.4632709622,-0.3271584213,0.0914294720,0.0898398757,0.0863614306,0.5500265360,0.7293995023,0.0170833357,-0.4066925645,0.7934812307,-0.3662221134,0.1220740378,-0.5206457973,0.8783227205,0.0222174749,-0.2963957787,0.4632709622,-0.3271584213,0.0914294720,0.0898398757,0.0863614306,0.5500265360,0.7293995023,0.0170833357,-0.4066925645,0.0000000000,0.0000000000,0.0000000000,0.0000000000,0.0000000000,0.0000000000,-0.3718375266,0.3593859673,-0.2929776907,0.9851257801,-0.1669990420,-0.0463429689,0.2994193733,0.6676885486,0.1768157184,-0.6584219933,
7034.627,0.1220740378,-0.0610370189,1.0376293659,0.0656758323,0.0028077029,-1.0107730627,-0.1556444019,-0.0427259132,-0.4295785427,0.0005741864,0.0068967310,-0.0129023194,0.0322158597,0.0962649286,-0.9949431419,0.0051719253,0.7934812307,-0.1220740378,0.1220740378,-0.5258949399,0.8771019578,0.0186773278,-0.2913907170,0.4614398777,-0.3206884861,0.0857077837,0.0882273316,0.0825096369,0.5495184064,0.7293267250,0.0155584309,-0.4075700641,0.7934812307,-0.1220740378,0.1220740378,-0.5258949399,0.8771019578,0.0186773278,-0.2913907170,0.4614398777,-0.3206884861,0.0857077837,0.0882273316,0.0825096369,0.5495184064,0.7293267250,0.0155584309,-0.4075700641,0.0000000000,0.0000000000,0.0000000000,0.0000000000,0.0000000000,0.0000000000,-0.3713492155,0.3559679091,-0.2949308753,0.9851254821,-0.1669994891,-0.0463430882,0.2995139956,0.6676630378,0.1769112796,-0.6583790183,
7034.640,0.1831110567,0.0000000000,0.9765923023,0.0666524246,0.0034180731,-1.0107730627,-0.1524704695,-0.0400402844,-0.4288460910,0.0015480071,0.0075127818,-0.0129024982,0.0322171934,0.0962229371,-0.9949469566,0.0051735295,0.7934812307,0.7324442267,0.2441480756,-0.5234534740,0.8772240281,0.0190435499,-0.2918790281,0.4663228393,-0.3227637708,0.0876442790,0.0879405141,0.0826552957,0.5490211248,0.7292810678,0.0140776783,-0.4083747268,0.7934812307,0.7324442267,0.2441480756,-0.5234534740,0.8772240281,0.0190435499,-0.2918790281,0.4663228393,-0.3227637708,0.0876442790,0.0879405141,0.0826552957,0.5490211248,0.7292810678,0.0140776783,-0.4083747268,0.0000000000,0.0000000000,0.0000000000,0.0000000000,0.0000000000,0.0000000000,-0.3750114441,0.3564561903,-0.2910245061,0.9851256013,-0.1669999808,-0.0463438034,0.2996176183,0.6676352024,0.1770159453,-0.6583321095,
7034.653,0.1220740378,0.0000000000,0.9765923023,0.0662862062,0.0040284432,-1.0102847815,-0.1539353579,-0.0424817652,-0.4328745306,0.0011806041,0.0081151519,-0.0124142766,0.0322182365,0.0962079391,-0.9949486256,0.0051691155,0.7324442267,0.8545182943,0.1220740378,-0.5175939202,0.8757591248,0.0218512528,-0.2939542830,0.4625385404,-0.3225196004,0.0930009484,0.0860677958,0.0852339715,0.5485215187,0.7292298079,0.0125922887,-0.4091855288,0.7324442267,0.8545182943,0.1220740378,-0.5175939202,0.8757591248,0.0218512528,-0.2939542830,0.4625385404,-0.3225196004,0.0930009484,0.0860677958,0.0852339715,0.5485215187,0.7292298079,0.0125922887,-0.4091855288,0.0000000000,0.0000000000,0.0000000000,0.0000000000,0.0000000000,0.0000000000,-0.3737907112,0.3598742783,-0.2949308753,0.9851253033,-0.1670004427,-0.0463439822,0.2997205555,0.6676074266,0.1771199256,-0.6582853198,
7034.666,0.1831110567,0.0000000000,0.9765923023,0.0657979101,0.0029297769,-1.0107730627,-0.1536912173,-0.0391857661,-0.4253059626,0.0006937608,0.0070245890,-0.0129024386,0.0322174206,0.0961523727,-0.9949538112,0.0051712827,0.6103702188,0.6714072227,0.0000000000,-0.5107578039,0.8724631667,0.0257576220,-0.2929776907,0.4642475545,-0.3287453949,0.0993393660,0.0823646188,0.0888565034,0.5480369925,0.7291564941,0.0111107044,-0.4100073278,0.6103702188,0.6714072227,0.0000000000,-0.5107578039,0.8724631667,0.0257576220,-0.2929776907,0.4642475545,-0.3287453949,0.0993393660,0.0823646188,0.0888565034,0.5480369925,0.7291564941,0.0111107044,-0.4100073278,0.0000000000,0.0000000000,0.0000000000,0.0000000000,0.0000000000,0.0000000000,-0.3725699782,0.3584093750,-0.3066499829,0.9851253629,-0.1670009643,-0.0463445187,0.2997898459,0.6675888300,0.1771897674,-0.6582539678,
7034.679,0.1220740378,0.0000000000,0.9765923023,0.0667745024,0.0020752586,-1.0112613440,-0.1550340354,-0.0421155430,-0.4315317273,0.0016670898,0.0061717303,-0.0133909583,0.0322190747,0.0961299613,-0.9949561357,0.0051715388,0.3662221134,-0.3051851094,-0.4882961512,-0.5101473927,0.8719748259,0.0274666585,-0.2887051105,0.4653462470,-0.3266701400,0.0995316505,0.0815191865,0.0901366174,0.5475643277,0.7290303707,0.0096451724,-0.4108994305,0.3662221134,-0.3051851094,-0.4882961512,-0.5101473927,0.8719748259,0.0274666585,-0.2887051105,0.4653462470,-0.3266701400,0.0995316505,0.0815191865,0.0901366174,0.5475643277,0.7290303707,0.0096451724,-0.4108994305,0.0000000000,0.0000000000,0.0000000000,0.0000000000,0.0000000000,0.0000000000,-0.3718375266,0.3598742783,-0.3066499829,0.9851250648,-0.1670013666,-0.0463446379,0.2998631597,0.6675689816,0.1772637367,-0.6582206488,
7034.692,0.1220740378,0.0000000000,0.9765923023,0.0672627985,0.0024414808,-1.0100406408,-0.1540574431,-0.0399182104,-0.4342173636,0.0021493956,0.0065377797,-0.0121706724,0.0322223268,0.0960810781,-0.9949606061,0.0051701600,0.1831110567,-0.6103702188,-0.6714072227,-0.5149083138,0.8749046326,0.0239265114,-0.2930997610,0.4625385404,-0.3242286444,0.0943922400,0.0841202140,0.0861297995,0.5470761061,0.7288883328,0.0081712222,-0.4118326008,0.1831110567,-0.6103702188,-0.6714072227,-0.5149083138,0.8749046326,0.0239265114,-0.2930997610,0.4625385404,-0.3242286444,0.0943922400,0.0841202140,0.0861297995,0.5470761061,0.7288883328,0.0081712222,-0.4118326008,0.0000000000,0.0000000000,0.0000000000,0.0000000000,0.0000000000,0.0000000000,-0.3715933859,0.3584093750,-0.2949308753,0.9851250648,-0.1670018584,-0.0463451147,0.2999621630,0.6675422788,0.1773637235,-0.6581757069,
7034.705,0.1220740378,0.0000000000,0.9765923023,0.0686056092,0.0023194067,-1.0100406408,-0.1547898799,-0.0424817652,-0.4325083196,0.0034796149,0.0064161406,-0.0121715069,0.0322286710,0.0960642174,-0.9949620366,0.0051704375,0.1220740378,-0.4882961512,-0.7934812307,-0.5185705423,0.8774681687,0.0200201422,-0.2938322127,0.4638813436,-0.3266701400,0.0903749466,0.0863757730,0.0817831904,0.5465782285,0.7287520766,0.0067201569,-0.4127599001,0.1220740378,-0.4882961512,-0.7934812307,-0.5185705423,0.8774681687,0.0200201422,-0.2938322127,0.4638813436,-0.3266701400,0.0903749466,0.0863757730,0.0817831904,0.5465782285,0.7287520766,0.0067201569,-0.4127599001,0.0000000000,0.0000000000,0.0000000000,0.0000000000,0.0000000000,0.0000000000,-0.3735465705,0.3584093750,-0.3066499829,0.9851249456,-0.1670023203,-0.0463455915,0.3000296354,0.6675240397,0.1774317473,-0.6581451297,
7034.718,0.1831110567,0.0000000000,0.9765923023,0.0681173131,0.0030518509,-1.0108951330,-0.1530808508,-0.0450453199,-0.4362926185,0.0029814690,0.0071560452,-0.0130266547,0.0322331116,0.0960851237,-0.9949598312,0.0051753041,0.0610370189,0.1220740378,-0.7934812307,-0.5207678676,0.8785668612,0.0241706595,-0.2933439016,0.4624164701,-0.3297219872,0.0878235102,0.0871705413,0.0855317935,0.5460849404,0.7286259532,0.0053027193,-0.4136552513,0.0610370189,0.1220740378,-0.7934812307,-0.5207678676,0.8785668612,0.0241706595,-0.2933439016,0.4624164701,-0.3297219872,0.0878235102,0.0871705413,0.0855317935,0.5460849404,0.7286259532,0.0053027193,-0.4136552513,0.0000000000,0.0000000000,0.0000000000,0.0000000000,0.0000000000,0.0000000000,-0.3725699782,0.3579210937,-0.2968840599,0.9851248860,-0.1670027971,-0.0463460088,0.3001208007,0.6674994230,0.1775237918,-0.6581037045,
7034.731,0.1220740378,0.0000000000,0.9765923023,0.0678731650,0.0020752586,-1.0108951330,-0.1535691470,-0.0416272469,-0.4347056448,0.0027287304,0.0061810664,-0.0130272508,0.0322374478,0.0960600004,-0.9949620962,0.0051757079,0.0610370189,0.1220740378,-0.8545182943,-0.5228431225,0.8789330721,0.0268562883,-0.2957853973,0.4663228393,-0.3287453949,0.0854107738,0.0872452259,0.0878044516,0.5455923676,0.7284931540,0.0038990884,-0.4145538509,0.0610370189,0.1220740378,-0.8545182943,-0.5228431225,0.8789330721,0.0268562883,-0.2957853973,0.4663228393,-0.3287453949,0.0854107738,0.0872452259,0.0878044516,0.5455923676,0.7284931540,0.0038990884,-0.4145538509,0.0000000000,0.0000000000,0.0000000000,0.0000000000,0.0000000000,0.0000000000,-0.3715933859,0.3579210937,-0.2910245061,0.9851248264,-0.1670032740,-0.0463464260,0.3002274036,0.6674706340,0.1776314974,-0.6580552459,
7034.744,0.1220740378,-0.0610370189,1.0376293659,0.0672627985,0.0028077029,-1.0105289221,-0.1527146250,-0.0441908017,-0.4332407713,0.0021233782,0.0069121914,-0.0126606822,0.0322349817,0.0960661620,-0.9949615598,0.0051750089,0.1220740378,0.0610370189,-0.7934812307,-0.5245521665,0.8790551424,0.0271004364,-0.2917569578,0.4647358656,-0.3263038993,0.0833633542,0.0870758891,0.0876385793,0.5451026559,0.7283585668,0.0025046545,-0.4154443741,0.1220740378,0.0610370189,-0.7934812307,-0.5245521665,0.8790551424,0.0271004364,-0.2917569578,0.4647358656,-0.3263038993,0.0833633542,0.0870758891,0.0876385793,0.5451026559,0.7283585668,0.0025046545,-0.4154443741,0.0000000000,0.0000000000,0.0000000000,0.0000000000,0.0000000000,0.0000000000,-0.3720816672,0.3564561903,-0.3086031675,0.9851247072,-0.1670037359,-0.0463467836,0.3002841473,0.6674552560,0.1776886433,-0.6580294967,
7034.757,0.1831110567,-0.0610370189,0.9765923023,0.0692159832,0.0025635548,-1.0102847815,-0.1516159624,-0.0412610248,-0.4348277152,0.0040717945,0.0066778711,-0.0124168992,0.0322370045,0.0960421562,-0.9949638844,0.0051793535,0.3662221134,0.3051851094,-0.4882961512,-0.5316324234,0.8808862567,0.0242927335,-0.2920010984,0.4665669799,-0.3256935477,0.0759206414,0.0886033773,0.0844967067,0.5446007848,0.7282472849,0.0011111752,-0.4163028002,0.3662221134,0.3051851094,-0.4882961512,-0.5316324234,0.8808862567,0.0242927335,-0.2920010984,0.4665669799,-0.3256935477,0.0759206414,0.0886033773,0.0844967067,0.5446007848,0.7282472849,0.0011111752,-0.4163028002,0.0000000000,0.0000000000,0.0000000000,0.0000000000,0.0000000000,0.0000000000,-0.3715933859,0.3593859673,-0.2949308753,0.9851247072,-0.1670042276,-0.0463473201,0.3003837168,0.6674283743,0.1777892113,-0.6579842567,
7034.770,0.1220740378,-0.0610370189,0.9765923023,0.0687276870,0.0030518509,-1.0094301701,-0.1533249915,-0.0405285805,-0.4348277152,0.0035809055,0.0071628890,-0.0115624070,0.0322386585,0.0960035399,-0.9949675202,0.0051765954,0.4882961512,0.7324442267,-0.3051851094,-0.5329752564,0.8816186786,0.0216071047,-0.2910245061,0.4658345282,-0.3242286444,0.0741896629,0.0890186429,0.0815535784,0.5440941453,0.7281597257,-0.0002698753,-0.4171190560,0.4882961512,0.7324442267,-0.3051851094,-0.5329752564,0.8816186786,0.0216071047,-0.2910245061,0.4658345282,-0.3242286444,0.0741896629,0.0890186429,0.0815535784,0.5440941453,0.7281597257,-0.0002698753,-0.4171190560,0.0000000000,0.0000000000,0.0000000000,0.0000000000,0.0000000000,0.0000000000,-0.3745231628,0.3588976860,-0.2949308753,0.9851244092,-0.1670046896,-0.0463474989,0.3004796803,0.6674023271,0.1778861433,-0.6579405069,
7034.783,0.1220740378,-0.0610370189,0.9765923023,0.0675069466,0.0030518509,-1.0105289221,-0.1532029212,-0.0416272469,-0.4365367591,0.0023639426,0.0071596419,-0.0126609206,0.0322370566,0.0959794894,-0.9949699044,0.0051740175,0.6714072227,1.2817773819,-0.0610370189,-0.5288247466,0.8780785799,0.0223395489,-0.2955412567,0.4654683173,-0.3270363510,0.0779078603,0.0851342082,0.0821095407,0.5435765386,0.7280972600,-0.0016645011,-0.4178989828,0.6714072227,1.2817773819,-0.0610370189,-0.5288247466,0.8780785799,0.0223395489,-0.2955412567,0.4654683173,-0.3270363510,0.0779078603,0.0851342082,0.0821095407,0.5435765386,0.7280972600,-0.0016645011,-0.4178989828,0.0000000000,0.0000000000,0.0000000000,0.0000000000,0.0000000000,0.0000000000,-0.3733024001,0.3584093750,-0.2968840599,0.9851244688,-0.1670051962,-0.0463480353,0.3005695045,0.6673780680,0.1779768318,-0.6578996778,
7034.796,0.1220740378,-0.0610370189,0.9765923023,0.0676290169,0.0032959990,-1.0105289221,-0.1524704695,-0.0421155430,-0.4355601668,0.0024891570,0.0073993537,-0.0126606822,0.0322357789,0.0959643796,-0.9949715137,0.0051711667,0.6714072227,1.0986663103,-0.1220740378,-0.5156407356,0.8722190261,0.0255134739,-0.2944425941,0.4646137953,-0.3247169554,0.0906403065,0.0789135695,0.0850720406,0.5430718660,0.7280200124,-0.0030705067,-0.4186808467,0.6714072227,1.0986663103,-0.1220740378,-0.5156407356,0.8722190261,0.0255134739,-0.2944425941,0.4646137953,-0.3247169554,0.0906403065,0.0789135695,0.0850720406,0.5430718660,0.7280200124,-0.0030705067,-0.4186808467,0.0000000000,0.0000000000,0.0000000000,0.0000000000,0.0000000000,0.0000000000,-0.3737907112,0.3613391519,-0.2949308753,0.9851242304,-0.1670056134,-0.0463482738,0.3006716073,0.6673503518,0.1780800074,-0.6578531265,
7034.809,0.1220740378,-0.0610370189,0.9765923023,0.0660420582,0.0037842952,-1.0107730627,-0.1554002464,-0.0413830988,-0.4421521723,0.0009132475,0.0078808218,-0.0129041076,0.0322307833,0.0959298983,-0.9949748516,0.0051661199,0.4882961512,0.6103702188,-0.3051851094,-0.5114902258,0.8707541227,0.0264900662,-0.2921231687,0.4647358656,-0.3319193125,0.0943608880,0.0770980716,0.0857557952,0.5425781608,0.7279121876,-0.0044786222,-0.4194950163,0.4882961512,0.6103702188,-0.3051851094,-0.5114902258,0.8707541227,0.0264900662,-0.2921231687,0.4647358656,-0.3319193125,0.0943608880,0.0770980716,0.0857557952,0.5425781608,0.7279121876,-0.0044786222,-0.4194950163,0.0000000000,0.0000000000,0.0000000000,0.0000000000,0.0000000000,0.0000000000,-0.3735465705,0.3618274629,-0.2910245061,0.9851241708,-0.1670061052,-0.0463486314,0.3007849455,0.6673196554,0.1781945676,-0.6578014493,
7034.822,0.1220740378,-0.0610370189,0.9765923023,0.0682393909,0.0024414808,-1.0106509924,-0.1502731442,-0.0405285805,-0.4360484779,0.0031106845,0.0065378482,-0.0127819777,0.0322308876,0.0959003195,-0.9949778318,0.0051650759,0.3051851094,0.1220740378,-0.4882961512,-0.5128330588,0.8731955886,0.0245368816,-0.2946867347,0.4688863754,-0.3309427202,0.0926195979,0.0792086124,0.0834440291,0.5420876145,0.7277790904,-0.0058843633,-0.4203420579,0.3051851094,0.1220740378,-0.4882961512,-0.5128330588,0.8731955886,0.0245368816,-0.2946867347,0.4688863754,-0.3309427202,0.0926195979,0.0792086124,0.0834440291,0.5420876145,0.7277790904,-0.0058843633,-0.4203420579,0.0000000000,0.0000000000,0.0000000000,0.0000000000,0.0000000000,0.0000000000,-0.3718375266,0.3593859673,-0.2949308753,0.9851242304,-0.1670066267,-0.0463491678,0.3008818328,0.6672934294,0.1782924384,-0.6577573419,
7034.835,0.1220740378,-0.0610370189,0.9155552983,0.0661641285,0.0023194067,-1.0107730627,-0.1513718069,-0.0439466536,-0.4331187010,0.0010457635,0.0064155245,-0.0129033923,0.0322256535,0.0959188640,-0.9949761629,0.0051650554,0.3051851094,0.3051851094,-0.6714072227,-0.5269936323,0.8791772127,0.0189214759,-0.2946867347,0.4655903876,-0.3216650784,0.0781200528,0.0849091411,0.0775196701,0.5415702462,0.7276604772,-0.0072526610,-0.4211918414,0.3051851094,0.3051851094,-0.6714072227,-0.5269936323,0.8791772127,0.0189214759,-0.2946867347,0.4655903876,-0.3216650784,0.0781200528,0.0849091411,0.0775196701,0.5415702462,0.7276604772,-0.0072526610,-0.4211918414,0.0000000000,0.0000000000,0.0000000000,0.0000000000,0.0000000000,0.0000000000,-0.3718375266,0.3593859673,-0.2949308753,0.9851239920,-0.1670070589,-0.0463494062,0.3009781837,0.6672672033,0.1783897877,-0.6577133536,
7034.848,0.1220740378,-0.0610370189,0.9765923023,0.0677510947,0.0020752586,-1.0110172033,-0.1533249915,-0.0428479873,-0.4359263778,0.0026353002,0.0061730291,-0.0131473541,0.0322243273,0.0959110409,-0.9949770570,0.0051655001,0.4272591472,0.9765923023,-0.6103702188,-0.5339518189,0.8808862567,0.0150151066,-0.2876064479,0.4664449096,-0.3328959048,0.0708280802,0.0863492489,0.0734126121,0.5410475135,0.7275772095,-0.0085659139,-0.4219820201,0.4272591472,0.9765923023,-0.6103702188,-0.5339518189,0.8808862567,0.0150151066,-0.2876064479,0.4664449096,-0.3328959048,0.0708280802,0.0863492489,0.0734126121,0.5410475135,0.7275772095,-0.0085659139,-0.4219820201,0.0000000000,0.0000000000,0.0000000000,0.0000000000,0.0000000000,0.0000000000,-0.3740348518,0.3579210937,-0.2968840599,0.9851238728,-0.1670075059,-0.0463498831,0.3010636866,0.6672439575,0.1784761250,-0.6576743722,
7034.861,0.1220740378,0.0000000000,0.9765923023,0.0665303543,0.0019531846,-1.0100406408,-0.1541795135,-0.0401623584,-0.4326303899,0.0014122128,0.0060531902,-0.0121709704,0.0322256275,0.0958664343,-0.9949812293,0.0051652822,0.5493331552,1.8311105967,-0.4272591472,-0.5344401598,0.8812524676,0.0152592547,-0.2939542830,0.4688863754,-0.3310647905,0.0699743629,0.0864305496,0.0735630244,0.5405163169,0.7275285721,-0.0098644532,-0.4227176607,0.5493331552,1.8311105967,-0.4272591472,-0.5344401598,0.8812524676,0.0152592547,-0.2939542830,0.4688863754,-0.3310647905,0.0699743629,0.0864305496,0.0735630244,0.5405163169,0.7275285721,-0.0098644532,-0.4227176607,0.0000000000,0.0000000000,0.0000000000,0.0000000000,0.0000000000,0.0000000000,-0.3728141189,0.3642689288,-0.3066499829,0.9851237535,-0.1670079827,-0.0463502407,0.3011419773,0.6672226787,0.1785551459,-0.6576386690,
7034.874,0.1220740378,-0.0610370189,0.9765923023,0.0664082766,0.0026856288,-1.0099185705,-0.1549119502,-0.0374767296,-0.4349497855,0.0012989715,0.0067842361,-0.0120483637,0.0322217159,0.0957844630,-0.9949892759,0.0051615061,0.5493331552,2.6245918274,-0.2441480756,-0.5247963071,0.8747825623,0.0186773278,-0.2910245061,0.4671773314,-0.3299661279,0.0792028308,0.0796430707,0.0769543052,0.5400067568,0.7275009751,-0.0111348173,-0.4233842492,0.5493331552,2.6245918274,-0.2441480756,-0.5247963071,0.8747825623,0.0186773278,-0.2910245061,0.4671773314,-0.3299661279,0.0792028308,0.0796430707,0.0769543052,0.5400067568,0.7275009751,-0.0111348173,-0.4233842492,0.0000000000,0.0000000000,0.0000000000,0.0000000000,0.0000000000,0.0000000000,-0.3745231628,0.3584093750,-0.2929776907,0.9851235151,-0.1670084298,-0.0463505387,0.3012378514,0.6671965718,0.1786520183,-0.6575948596,
7034.887,0.1831110567,0.0000000000,0.9765923023,0.0664082766,0.0032959990,-1.0101627111,-0.1533249915,-0.0386974700,-0.4323862493,0.0012972057,0.0074008335,-0.0122925639,0.0322226100,0.0957239047,-0.9949950576,0.0051627303,0.3662221134,2.3194067478,-0.3662221134,-0.5184484124,0.8708761930,0.0218512528,-0.2924894094,0.4688863754,-0.3277688026,0.0851444602,0.0754207969,0.0800275058,0.5395133495,0.7274458408,-0.0124057820,-0.4240721762,0.3662221134,2.3194067478,-0.3662221134,-0.5184484124,0.8708761930,0.0218512528,-0.2924894094,0.4688863754,-0.3277688026,0.0851444602,0.0754207969,0.0800275058,0.5395133495,0.7274458408,-0.0124057820,-0.4240721762,0.0000000000,0.0000000000,0.0000000000,0.0000000000,0.0000000000,0.0000000000,-0.3725699782,0.3579210937,-0.2968840599,0.9851235747,-0.1670088768,-0.0463508964,0.3013229072,0.6671734452,0.1787379086,-0.6575560570,
7034.900,0.1220740378,0.0000000000,0.9765923023,0.0666524246,0.0030518509,-1.0102847815,-0.1519821733,-0.0374767296,-0.4408093393,0.0015384257,0.0071534575,-0.0124148726,0.0322246104,0.0956489146,-0.9950023293,0.0051588346,0.1831110567,1.7090365887,-0.4882961512,-0.5178380609,0.8705099821,0.0205084383,-0.2929776907,0.4654683173,-0.3283791542,0.0853719711,0.0747507811,0.0785011947,0.5390181541,0.7273595929,-0.0136993006,-0.4248094261,0.1831110567,1.7090365887,-0.4882961512,-0.5178380609,0.8705099821,0.0205084383,-0.2929776907,0.4654683173,-0.3283791542,0.0853719711,0.0747507811,0.0785011947,0.5390181541,0.7273595929,-0.0136993006,-0.4248094261,0.0000000000,0.0000000000,0.0000000000,0.0000000000,0.0000000000,0.0000000000,-0.3750114441,0.3608508706,-0.2968840599,0.9851233959,-0.1670093536,-0.0463513136,0.3014141321,0.6671485901,0.1788300574,-0.6575143933,
7034.913,0.1220740378,0.0000000000,0.9155552983,0.0672627985,0.0047608875,-1.0104068518,-0.1551561058,-0.0401623584,-0.4315317273,0.0021429062,0.0088501498,-0.0125373006,0.0322283506,0.0956087038,-0.9950060248,0.0051516690,-0.0610370189,1.1597033739,-0.5493331552,-0.5260170102,0.8752708435,0.0158696249,-0.2906582952,0.4652241468,-0.3225196004,0.0768429041,0.0792279243,0.0736111775,0.5385307074,0.7272479534,-0.0149823474,-0.4255748093,-0.0610370189,1.1597033739,-0.5493331552,-0.5260170102,0.8752708435,0.0158696249,-0.2906582952,0.4652241468,-0.3225196004,0.0768429041,0.0792279243,0.0736111775,0.5385307074,0.7272479534,-0.0149823474,-0.4255748093,0.0000000000,0.0000000000,0.0000000000,0.0000000000,0.0000000000,0.0000000000,-0.3718375266,0.3628040552,-0.2929776907,0.9851234555,-0.1670098603,-0.0463519096,0.3015222549,0.6671192050,0.1789393276,-0.6574650407,
7034.926,0.1220740378,0.0000000000,0.9765923023,0.0671407208,0.0034180731,-1.0107730627,-0.1558885425,-0.0427259132,-0.4351939559,0.0020157099,0.0075023863,-0.0129038095,0.0322312154,0.0955936834,-0.9950073957,0.0051489640,-0.3051851094,1.4038513899,-0.4882961512,-0.5313882828,0.8771019578,0.0118411817,-0.2930997610,0.4671773314,-0.3249610960,0.0711255670,0.0807797313,0.0693442523,0.5380484462,0.7271388769,-0.0162438694,-0.4263242185,-0.3051851094,1.4038513899,-0.4882961512,-0.5313882828,0.8771019578,0.0118411817,-0.2930997610,0.4671773314,-0.3249610960,0.0711255670,0.0807797313,0.0693442523,0.5380484462,0.7271388769,-0.0162438694,-0.4263242185,0.0000000000,0.0000000000,0.0000000000,0.0000000000,0.0000000000,0.0000000000,-0.3733024001,0.3628040552,-0.3086031675,0.9851233959,-0.1670103371,-0.0463523269,0.3015891314,0.6671009660,0.1790067703,-0.6574345231,
7034.939,0.1220740378,0.0000000000,0.9155552983,0.0675069466,0.0029297769,-1.0110172033,-0.1522263288,-0.0437025055,-0.4386120141,0.0023750886,0.0070108902,-0.0131483674,0.0322347172,0.0956066549,-0.9950060248,0.0051481198,-0.3662221134,2.0142216682,-0.4272591472,-0.5312662125,0.8778343797,0.0114749596,-0.2905362248,0.4662007391,-0.3215430081,0.0708866119,0.0812262297,0.0687980875,0.5375784636,0.7270486355,-0.0174660273,-0.4270220399,-0.3662221134,2.0142216682,-0.4272591472,-0.5312662125,0.8778343797,0.0114749596,-0.2905362248,0.4662007391,-0.3215430081,0.0708866119,0.0812262297,0.0687980875,0.5375784636,0.7270486355,-0.0174660273,-0.4270220399,0.0000000000,0.0000000000,0.0000000000,0.0000000000,0.0000000000,0.0000000000,-0.3713492155,0.3593859673,-0.2968840599,0.9851230979,-0.1670107394,-0.0463525057,0.3016771078,0.6670768857,0.1790956557,-0.6573942304,
7034.952,0.1220740378,0.0000000000,0.9765923023,0.0673848689,0.0026856288,-1.0108951330,-0.1524704695,-0.0402844325,-0.4348277152,0.0022467822,0.0067654555,-0.0130267143,0.0322380699,0.0955695510,-0.9950094819,0.0051465752,-0.4272591472,2.5635547638,-0.3662221134,-0.5174718499,0.8723410964,0.0192876980,-0.2943204939,0.4670552611,-0.3197118938,0.0842742324,0.0754132867,0.0764421150,0.5371304750,0.7269604206,-0.0186850801,-0.4276840389,-0.4272591472,2.5635547638,-0.3662221134,-0.5174718499,0.8723410964,0.0192876980,-0.2943204939,0.4670552611,-0.3197118938,0.0842742324,0.0754132867,0.0764421150,0.5371304750,0.7269604206,-0.0186850801,-0.4276840389,0.0000000000,0.0000000000,0.0000000000,0.0000000000,0.0000000000,0.0000000000,-0.3730582595,0.3618274629,-0.2968840599,0.9851230383,-0.1670112163,-0.0463529825,0.3017703593,0.6670514345,0.1791898459,-0.6573516130,
7034.965,0.1220740378,0.0000000000,0.9765923023,0.0668965727,0.0034180731,-1.0094301701,-0.1547898799,-0.0405285805,-0.4337290525,0.0017542243,0.0074929791,-0.0115619898,0.0322406366,0.0955296978,-0.9950132370,0.0051430385,-0.7934812307,2.3194067478,-0.7934812307,-0.5171056390,0.8706320524,0.0190435499,-0.2918790281,0.4680318534,-0.3204443455,0.0842992663,0.0734297037,0.0759547502,0.5366948247,0.7268453836,-0.0198589303,-0.4283725917,-0.7934812307,2.3194067478,-0.7934812307,-0.5171056390,0.8706320524,0.0190435499,-0.2918790281,0.4680318534,-0.3204443455,0.0842992663,0.0734297037,0.0759547502,0.5366948247,0.7268453836,-0.0198589303,-0.4283725917,0.0000000000,0.0000000000,0.0000000000,0.0000000000,0.0000000000,0.0000000000,-0.3720816672,0.3593859673,-0.2949308753,0.9851229787,-0.1670117080,-0.0463533998,0.3018620908,0.6670264006,0.1792825311,-0.6573096514,
7034.978,0.1220740378,0.0000000000,0.9765923023,0.0661641285,0.0021973327,-1.0108951330,-0.1543015838,-0.0402844325,-0.4376354218,0.0010216162,0.0062733945,-0.0130269527,0.0322408825,0.0954872146,-0.9950172901,0.0051422454,-1.0376293659,1.8921475410,-0.9155552983,-0.5199133158,0.8725852370,0.0172124393,-0.2941984236,0.4629047513,-0.3221533895,0.0811787248,0.0751243830,0.0738111585,0.5362508893,0.7267044187,-0.0210541505,-0.4291102588,-1.0376293659,1.8921475410,-0.9155552983,-0.5199133158,0.8725852370,0.0172124393,-0.2941984236,0.4629047513,-0.3221533895,0.0811787248,0.0751243830,0.0738111585,0.5362508893,0.7267044187,-0.0210541505,-0.4291102588,0.0000000000,0.0000000000,0.0000000000,0.0000000000,0.0000000000,0.0000000000,-0.3747673035,0.3588976860,-0.3086031675,0.9851228595,-0.1670121700,-0.0463538170,0.3019157648,0.6670117378,0.1793365777,-0.6572851539,
7034.991,0.1220740378,0.0000000000,0.9765923023,0.0675069466,0.0019531846,-1.0104068518,-0.1550340354,-0.0421155430,-0.4377574921,0.0023574978,0.0060316008,-0.0125391483,0.0322443321,0.0954666734,-0.9950192571,0.0051430836,-1.2817773819,1.7090365887,-0.9155552983,-0.5266274214,0.8757591248,0.0147709586,-0.2941984236,0.4649800062,-0.3198339939,0.0741705298,0.0780515075,0.0710177422,0.5358181596,0.7265483737,-0.0222307183,-0.4298552275,-1.2817773819,1.7090365887,-0.9155552983,-0.5266274214,0.8757591248,0.0147709586,-0.2941984236,0.4649800062,-0.3198339939,0.0741705298,0.0780515075,0.0710177422,0.5358181596,0.7265483737,-0.0222307183,-0.4298552275,0.0000000000,0.0000000000,0.0000000000,0.0000000000,0.0000000000,0.0000000000,-0.3735465705,0.3598742783,-0.3086031675,0.9851226807,-0.1670126170,-0.0463539958,0.3019725084,0.6669961810,0.1793937683,-0.6572591662,
7035.004,0.1220740378,0.0000000000,0.9765923023,0.0664082766,0.0037842952,-1.0105289221,-0.1563768387,-0.0457777642,-0.4333628416,0.0012574121,0.0078560077,-0.0126612782,0.0322452411,0.0954905748,-0.9950167537,0.0051405900,-1.4648884535,2.3804438114,-0.6714072227,-0.5344401598,0.8782006502,0.0126956999,-0.2922452390,0.4663228393,-0.3228858411,0.0660452247,0.0802369118,0.0686475635,0.5354034901,0.7264113426,-0.0233628135,-0.4305428863,-1.4648884535,2.3804438114,-0.6714072227,-0.5344401598,0.8782006502,0.0126956999,-0.2922452390,0.4663228393,-0.3228858411,0.0660452247,0.0802369118,0.0686475635,0.5354034901,0.7264113426,-0.0233628135,-0.4305428863,0.0000000000,0.0000000000,0.0000000000,0.0000000000,0.0000000000,0.0000000000,-0.3742789924,0.3588976860,-0.2968840599,0.9851230979,-0.1670131385,-0.0463548899,0.3020555973,0.6669736505,0.1794776618,-0.6572213173,
7035.017,0.1220740378,0.0000000000,0.9765923023,0.0665303543,0.0024414808,-1.0100406408,-0.1511276662,-0.0405285805,-0.4293344021,0.0013772696,0.0065131532,-0.0121731162,0.0322464891,0.0954624489,-0.9950195551,0.0051397635,-1.4648884535,2.6856288910,-0.5493331552,-0.5322428346,0.8767357469,0.0172124393,-0.2873622775,0.4625385404,-0.3226416707,0.0679081082,0.0785002708,0.0728802234,0.5350058675,0.7262769938,-0.0244788304,-0.4312016070,-1.4648884535,2.6856288910,-0.5493331552,-0.5322428346,0.8767357469,0.0172124393,-0.2873622775,0.4625385404,-0.3226416707,0.0679081082,0.0785002708,0.0728802234,0.5350058675,0.7262769938,-0.0244788304,-0.4312016070,0.0000000000,0.0000000000,0.0000000000,0.0000000000,0.0000000000,0.0000000000,-0.3730582595,0.3642689288,-0.2949308753,0.9851226807,-0.1670135856,-0.0463548303,0.3021585345,0.6669453979,0.1795817465,-0.6571739912,
7035.030,0.1220740378,0.0000000000,0.9155552983,0.0670186505,0.0032959990,-1.0101627111,-0.1536912173,-0.0400402844,-0.4343394339,0.0018609688,0.0073627154,-0.0122954845,0.0322492085,0.0954249501,-0.9950230718,0.0051363003,-1.5259255171,2.6245918274,-0.4272591472,-0.5289468169,0.8750267029,0.0214850307,-0.2933439016,0.4654683173,-0.3199560642,0.0708476901,0.0765016675,0.0768347681,0.5346171260,0.7261279821,-0.0256144498,-0.4318676293,-1.5259255171,2.6245918274,-0.4272591472,-0.5289468169,0.8750267029,0.0214850307,-0.2933439016,0.4654683173,-0.3199560642,0.0708476901,0.0765016675,0.0768347681,0.5346171260,0.7261279821,-0.0256144498,-0.4318676293,0.0000000000,0.0000000000,0.0000000000,0.0000000000,0.0000000000,0.0000000000,-0.3737907112,0.3603625596,-0.2968840599,0.9851225019,-0.1670140773,-0.0463552475,0.3022449315,0.6669217348,0.1796689928,-0.6571344137,
7035.043,0.1220740378,0.0000000000,0.9765923023,0.0672627985,0.0021973327,-1.0102847815,-0.1508835107,-0.0415051728,-0.4315317273,0.0020994395,0.0062652440,-0.0124179125,0.0322520621,0.0954102874,-0.9950243831,0.0051366924,-1.5869624615,1.9531846046,-0.3662221134,-0.5221106410,0.8729514480,0.0256355479,-0.2976165116,0.4669331908,-0.3191015422,0.0773094296,0.0741162896,0.0805685595,0.5342373252,0.7259418368,-0.0267982893,-0.4325782955,-1.5869624615,1.9531846046,-0.3662221134,-0.5221106410,0.8729514480,0.0256355479,-0.2976165116,0.4669331908,-0.3191015422,0.0773094296,0.0741162896,0.0805685595,0.5342373252,0.7259418368,-0.0267982893,-0.4325782955,0.0000000000,0.0000000000,0.0000000000,0.0000000000,0.0000000000,0.0000000000,-0.3742789924,0.3603625596,-0.2910245061,0.9851223826,-0.1670145690,-0.0463556647,0.3023459017,0.6668940783,0.1797710359,-0.6570881009,
7035.056,0.1220740378,0.0000000000,0.9155552983,0.0662862062,0.0019531846,-1.0102847815,-0.1467330009,-0.0421155430,-0.4326303899,0.0011219457,0.0060227984,-0.0124180317,0.0322523713,0.0954214409,-0.9950233102,0.0051379446,-1.5869624615,1.6479995251,-0.3051851094,-0.5247963071,0.8747825623,0.0233161412,-0.2934660017,0.4657124579,-0.3230079114,0.0742504001,0.0756373405,0.0778140426,0.5338591933,0.7257472277,-0.0279849768,-0.4332959950,-1.5869624615,1.6479995251,-0.3051851094,-0.5247963071,0.8747825623,0.0233161412,-0.2934660017,0.4657124579,-0.3230079114,0.0742504001,0.0756373405,0.0778140426,0.5338591933,0.7257472277,-0.0279849768,-0.4332959950,0.0000000000,0.0000000000,0.0000000000,0.0000000000,0.0000000000,0.0000000000,-0.3750114441,0.3569445014,-0.2949308753,0.9851223230,-0.1670150459,-0.0463560224,0.3024263084,0.6668720245,0.1798522174,-0.6570512652,
7035.069,0.1220740378,0.0000000000,0.9155552983,0.0681173131,0.0018311106,-1.0101627111,-0.1462447047,-0.0401623584,-0.4253059626,0.0029431134,0.0059030200,-0.0122965574,0.0322572775,0.0954093263,-0.9950242639,0.0051391711,-1.5869624615,1.6479995251,-0.1831110567,-0.5296792388,0.8758811951,0.0192876980,-0.2928556204,0.4671773314,-0.3267922103,0.0689921379,0.0764265060,0.0733723566,0.5334776044,0.7255584002,-0.0291660428,-0.4340038300,-1.5869624615,1.6479995251,-0.1831110567,-0.5296792388,0.8758811951,0.0192876980,-0.2928556204,0.4671773314,-0.3267922103,0.0689921379,0.0764265060,0.0733723566,0.5334776044,0.7255584002,-0.0291660428,-0.4340038300,0.0000000000,0.0000000000,0.0000000000,0.0000000000,0.0000000000,0.0000000000,-0.3745231628,0.3574327826,-0.2910245061,0.9851222634,-0.1670155227,-0.0463564396,0.3025181592,0.6668468714,0.1799450368,-0.6570091248,
7035.082,0.1220740378,0.0000000000,0.9155552983,0.0671407208,0.0024414808,-1.0099185705,-0.1522263288,-0.0421155430,-0.4300668240,0.0019613504,0.0065126573,-0.0120527744,0.0322599150,0.0954044834,-0.9950246215,0.0051388969,-1.4038513899,2.4414808750,0.0000000000,-0.5284585357,0.8751487732,0.0197759941,-0.2921231687,0.4666890502,-0.3232520521,0.0698038340,0.0753673315,0.0735552385,0.5330964923,0.7254057527,-0.0303221848,-0.4346475601,-1.4038513899,2.4414808750,0.0000000000,-0.5284585357,0.8751487732,0.0197759941,-0.2921231687,0.4666890502,-0.3232520521,0.0698038340,0.0753673315,0.0735552385,0.5330964923,0.7254057527,-0.0303221848,-0.4346475601,0.0000000000,0.0000000000,0.0000000000,0.0000000000,0.0000000000,0.0000000000,-0.3745231628,0.3584093750,-0.2949308753,0.9851222038,-0.1670159996,-0.0463569164,0.3026020229,0.6668238640,0.1800297350,-0.6569706798,
7035.095,0.1220740378,0.0000000000,0.9155552983,0.0679952428,0.0030518509,-1.0101627111,-0.1530808508,-0.0394299142,-0.4283578098,0.0028065965,0.0071192863,-0.0122975111,0.0322649330,0.0953622833,-0.9950286150,0.0051361090,-1.3428144455,2.5025177002,-0.0610370189,-0.5215002894,0.8718527555,0.0233161412,-0.2905362248,0.4668111205,-0.3239845037,0.0763468742,0.0717403293,0.0767883658,0.5327221155,0.7252508998,-0.0314715318,-0.4352827072,-1.3428144455,2.5025177002,-0.0610370189,-0.5215002894,0.8718527555,0.0233161412,-0.2905362248,0.4668111205,-0.3239845037,0.0763468742,0.0717403293,0.0767883658,0.5327221155,0.7252508998,-0.0314715318,-0.4352827072,0.0000000000,0.0000000000,0.0000000000,0.0000000000,0.0000000000,0.0000000000,-0.3740348518,0.3564561903,-0.2910245061,0.9851220846,-0.1670164764,-0.0463573337,0.3026905954,0.6667995453,0.1801192015,-0.6569300294,
7035.108,0.1831110567,0.0000000000,0.9155552983,0.0675069466,0.0037842952,-1.0093080997,-0.1532029212,-0.0417493209,-0.4315317273,0.0023112148,0.0078550065,-0.0114433765,0.0322683752,0.0953499377,-0.9950296283,0.0051376796,-1.4038513899,2.2583696842,-0.2441480756,-0.5188146830,0.8697775006,0.0267342143,-0.2927335501,0.4657124579,-0.3223975301,0.0786429644,0.0693499446,0.0798491389,0.5323437452,0.7250768542,-0.0326267332,-0.4359503090,-1.4038513899,2.2583696842,-0.2441480756,-0.5188146830,0.8697775006,0.0267342143,-0.2927335501,0.4657124579,-0.3223975301,0.0786429644,0.0693499446,0.0798491389,0.5323437452,0.7250768542,-0.0326267332,-0.4359503090,0.0000000000,0.0000000000,0.0000000000,0.0000000000,0.0000000000,0.0000000000,-0.3747673035,0.3554795980,-0.2949308753,0.9851219058,-0.1670169234,-0.0463575721,0.3027653098,0.6667789817,0.1801946461,-0.6568956971,
7035.121,0.1220740378,0.0000000000,0.9155552983,0.0675069466,0.0032959990,-1.0116275549,-0.1544236541,-0.0407727286,-0.4347056448,0.0023049116,0.0073617902,-0.0137632489,0.0322719030,0.0953204259,-0.9950323701,0.0051345737,-1.5259255171,1.1597033739,-0.5493331552,-0.5184484124,0.8707541227,0.0273445845,-0.2916348875,0.4694967568,-0.3247169554,0.0786709189,0.0700418949,0.0799696445,0.5319672823,0.7248543501,-0.0337935388,-0.4366901219,-1.5259255171,1.1597033739,-0.5493331552,-0.5184484124,0.8707541227,0.0273445845,-0.2916348875,0.4694967568,-0.3247169554,0.0786709189,0.0700418949,0.0799696445,0.5319672823,0.7248543501,-0.0337935388,-0.4366901219,0.0000000000,0.0000000000,0.0000000000,0.0000000000,0.0000000000,0.0000000000,-0.3733024001,0.3559679091,-0.2949308753,0.9851217866,-0.1670173705,-0.0463579297,0.3028419018,0.6667579412,0.1802719831,-0.6568605304,
7035.134,0.1220740378,0.0000000000,0.9765923023,0.0675069466,0.0015869625,-1.0110172033,-0.1528366953,-0.0417493209,-0.4303109944,0.0022984892,0.0056569814,-0.0131533146,0.0322749875,0.0953039899,-0.9950338006,0.0051364531,-1.5259255171,1.0376293659,-0.6103702188,-0.5280922651,0.8742942810,0.0222174749,-0.2913907170,0.4682760239,-0.3278908730,0.0687243938,0.0733254552,0.0743679926,0.5315700769,0.7246355414,-0.0349526033,-0.4374448359,-1.5259255171,1.0376293659,-0.6103702188,-0.5280922651,0.8742942810,0.0222174749,-0.2913907170,0.4682760239,-0.3278908730,0.0687243938,0.0733254552,0.0743679926,0.5315700769,0.7246355414,-0.0349526033,-0.4374448359,0.0000000000,0.0000000000,0.0000000000,0.0000000000,0.0000000000,0.0000000000,-0.3730582595,0.3574327826,-0.2968840599,0.9851217270,-0.1670178771,-0.0463584065,0.3029172421,0.6667372584,0.1803480387,-0.6568259597,
7035.147,0.1220740378,0.0000000000,0.9765923023,0.0679952428,0.0019531846,-1.0107730627,-0.1480758041,-0.0441908017,-0.4373912811,0.0027779117,0.0060256026,-0.0129097700,0.0322791487,0.0953326896,-0.9950308800,0.0051390035,-1.4038513899,1.4648884535,-0.6103702188,-0.5318765640,0.8764916062,0.0184331797,-0.2920010984,0.4708395600,-0.3208105862,0.0646428466,0.0752754211,0.0701911151,0.5311645269,0.7244451046,-0.0360793285,-0.4381612539,-1.4038513899,1.4648884535,-0.6103702188,-0.5318765640,0.8764916062,0.0184331797,-0.2920010984,0.4708395600,-0.3208105862,0.0646428466,0.0752754211,0.0701911151,0.5311645269,0.7244451046,-0.0360793285,-0.4381612539,0.0000000000,0.0000000000,0.0000000000,0.0000000000,0.0000000000,0.0000000000,-0.3745231628,0.3564561903,-0.2949308753,0.9851216674,-0.1670183539,-0.0463588238,0.3029937148,0.6667162180,0.1804252416,-0.6567908525,
7035.160,0.1220740378,-0.0610370189,0.9765923023,0.0673848689,0.0031739250,-1.0115054846,-0.1512497365,-0.0438245796,-0.4350718856,0.0021725670,0.0072427141,-0.0136418939,0.0322767384,0.0953471586,-0.9950296879,0.0051374245,-1.0986663103,2.5025177002,-0.6103702188,-0.5261390805,0.8731955886,0.0236823633,-0.2912686467,0.4682760239,-0.3186132312,0.0700634122,0.0717264414,0.0751746073,0.5307515860,0.7242980003,-0.0371736661,-0.4388127625,-1.0986663103,2.5025177002,-0.6103702188,-0.5261390805,0.8731955886,0.0236823633,-0.2912686467,0.4682760239,-0.3186132312,0.0700634122,0.0717264414,0.0751746073,0.5307515860,0.7242980003,-0.0371736661,-0.4388127625,0.0000000000,0.0000000000,0.0000000000,0.0000000000,0.0000000000,0.0000000000,-0.3720816672,0.3608508706,-0.2949308753,0.9851216078,-0.1670188457,-0.0463591814,0.3030832708,0.6666916013,0.1805157363,-0.6567496657,
7035.173,0.1831110567,0.0000000000,0.9765923023,0.0676290169,0.0031739250,-1.0112613440,-0.1502731442,-0.0407727286,-0.4290902317,0.0024098232,0.0072497297,-0.0133982301,0.0322799496,0.0953256860,-0.9950315356,0.0051405514,-1.0376293659,2.4414808750,-0.7324442267,-0.5210120082,0.8696554303,0.0264900662,-0.2974944413,0.4653462470,-0.3182470202,0.0748830438,0.0679399371,0.0777054727,0.5303174853,0.7241438627,-0.0382976383,-0.4394947588,-1.0376293659,2.4414808750,-0.7324442267,-0.5210120082,0.8696554303,0.0264900662,-0.2974944413,0.4653462470,-0.3182470202,0.0748830438,0.0679399371,0.0777054727,0.5303174853,0.7241438627,-0.0382976383,-0.4394947588,0.0000000000,0.0000000000,0.0000000000,0.0000000000,0.0000000000,0.0000000000,-0.3733024001,0.3593859673,-0.2968840599,0.9851214886,-0.1670193523,-0.0463595390,0.3031626046,0.6666697860,0.1805958450,-0.6567131877,
7035.186,0.1220740378,-0.0610370189,0.9765923023,0.0662862062,0.0026856288,-1.0101627111,-0.1470992118,-0.0368663594,-0.4310434163,0.0010770336,0.0067601767,-0.0122989416,0.0322753564,0.0952598229,-0.9950380325,0.0051373099,-1.0986663103,1.9531846046,-0.8545182943,-0.5186926126,0.8684347272,0.0263679922,-0.2952970862,0.4660786688,-0.3165379763,0.0769125819,0.0664824843,0.0772488713,0.5298892260,0.7239680290,-0.0394212417,-0.4402010739,-1.0986663103,1.9531846046,-0.8545182943,-0.5186926126,0.8684347272,0.0263679922,-0.2952970862,0.4660786688,-0.3165379763,0.0769125819,0.0664824843,0.0772488713,0.5298892260,0.7239680290,-0.0394212417,-0.4402010739,0.0000000000,0.0000000000,0.0000000000,0.0000000000,0.0000000000,0.0000000000,-0.3733024001,0.3579210937,-0.2968840599,0.9851214290,-0.1670198441,-0.0463598967,0.3032375276,0.6666491628,0.1806714833,-0.6566787362,
7035.199,0.1220740378,0.0000000000,0.9765923023,0.0667745024,0.0030518509,-1.0100406408,-0.1538132876,-0.0411389507,-0.4323862493,0.0015622228,0.0071233376,-0.0121770501,0.0322771929,0.0952324569,-0.9950405955,0.0051350463,-1.2817773819,1.1597033739,-1.3428144455,-0.5201574564,0.8684347272,0.0208746605,-0.2949308753,0.4671773314,-0.3217871785,0.0752387643,0.0663008690,0.0713411719,0.5294426084,0.7237633467,-0.0405370668,-0.4409731030,-1.2817773819,1.1597033739,-1.3428144455,-0.5201574564,0.8684347272,0.0208746605,-0.2949308753,0.4671773314,-0.3217871785,0.0752387643,0.0663008690,0.0713411719,0.5294426084,0.7237633467,-0.0405370668,-0.4409731030,0.0000000000,0.0000000000,0.0000000000,0.0000000000,0.0000000000,0.0000000000,-0.3737907112,0.3598742783,-0.2968840599,0.9851213098,-0.1670203209,-0.0463603735,0.3033171296,0.6666272283,0.1807518750,-0.6566421390,
7035.212,0.1220740378,-0.0610370189,0.9765923023,0.0660420582,0.0029297769,-1.0104068518,-0.1513718069,-0.0432142094,-0.4321421087,0.0008410439,0.0069988263,-0.0125424862,0.0322716571,0.0952397361,-0.9950400591,0.0051335306,-1.2817773819,1.3428144455,-1.5259255171,-0.5232093334,0.8697775006,0.0191656239,-0.2906582952,0.4679097831,-0.3209326565,0.0720100403,0.0674886107,0.0692476183,0.5289962292,0.7235695720,-0.0416069590,-0.4417261481,-1.2817773819,1.3428144455,-1.5259255171,-0.5232093334,0.8697775006,0.0191656239,-0.2906582952,0.4679097831,-0.3209326565,0.0720100403,0.0674886107,0.0692476183,0.5289962292,0.7235695720,-0.0416069590,-0.4417261481,0.0000000000,0.0000000000,0.0000000000,0.0000000000,0.0000000000,0.0000000000,-0.3742789924,0.3574327826,-0.2910245061,0.9851211905,-0.1670207977,-0.0463607311,0.3034046292,0.6666030884,0.1808402836,-0.6566018462,
7035.225,0.1220740378,-0.0610370189,0.9765923023,0.0675069466,0.0028077029,-1.0112613440,-0.1519821733,-0.0391857661,-0.4371471405,0.0023102164,0.0068749385,-0.0133966804,0.0322698615,0.0951907784,-0.9950448275,0.0051308353,-1.2207404375,1.6479995251,-1.7090365887,-0.5236976147,0.8698995709,0.0181890316,-0.2934660017,0.4657124579,-0.3169042170,0.0713704824,0.0674769282,0.0679328293,0.5285297036,0.7233914137,-0.0426633731,-0.4424753785,-1.2207404375,1.6479995251,-1.7090365887,-0.5236976147,0.8698995709,0.0181890316,-0.2934660017,0.4657124579,-0.3169042170,0.0713704824,0.0674769282,0.0679328293,0.5285297036,0.7233914137,-0.0426633731,-0.4424753785,0.0000000000,0.0000000000,0.0000000000,0.0000000000,0.0000000000,0.0000000000,-0.3733024001,0.3608508706,-0.2968840599,0.9851209521,-0.1670212597,-0.0463609695,0.3034863174,0.6665804982,0.1809228063,-0.6565641761,
7035.238,0.1220740378,0.0000000000,0.9765923023,0.0676290169,0.0025635548,-1.0100406408,-0.1543015838,-0.0412610248,-0.4288460910,0.0024249181,0.0066301767,-0.0121764541,0.0322736986,0.0951648206,-0.9950471520,0.0051300400,-1.2207404375,1.8921475410,-2.1973326206,-0.5162510872,0.8664815426,0.0250251777,-0.2901699841,0.4655903876,-0.3199560642,0.0787152052,0.0639621019,0.0744235963,0.5280663967,0.7232118845,-0.0436706543,-0.4432230294,-1.2207404375,1.8921475410,-2.1973326206,-0.5162510872,0.8664815426,0.0250251777,-0.2901699841,0.4655903876,-0.3199560642,0.0787152052,0.0639621019,0.0744235963,0.5280663967,0.7232118845,-0.0436706543,-0.4432230294,0.0000000000,0.0000000000,0.0000000000,0.0000000000,0.0000000000,0.0000000000,-0.3715933859,0.3584093750,-0.2949308753,0.9851208329,-0.1670216918,-0.0463613868,0.3035669923,0.6665582061,0.1810043156,-0.6565270424,
7035.251,0.1220740378,-0.0610370189,0.9155552983,0.0659199804,0.0024414808,-1.0110172033,-0.1533249915,-0.0402844325,-0.4320200086,0.0007278472,0.0065074116,-0.0131522417,0.0322679244,0.0951335058,-0.9950503707,0.0051281084,-1.2817773819,1.4648884535,-2.5635547638,-0.5158848763,0.8652607799,0.0266121402,-0.2905362248,0.4682760239,-0.3219092488,0.0790368319,0.0626830459,0.0756057575,0.5275962949,0.7230114937,-0.0446626171,-0.4440104961,-1.2817773819,1.4648884535,-2.5635547638,-0.5158848763,0.8652607799,0.0266121402,-0.2905362248,0.4682760239,-0.3219092488,0.0790368319,0.0626830459,0.0756057575,0.5275962949,0.7230114937,-0.0446626171,-0.4440104961,0.0000000000,0.0000000000,0.0000000000,0.0000000000,0.0000000000,0.0000000000,-0.3728141189,0.3569445014,-0.3086031675,0.9851212502,-0.1670221984,-0.0463621616,0.3036079109,0.6665470600,0.1810454428,-0.6565084457,
7035.264,0.1220740378,-0.0610370189,0.9765923023,0.0668965727,0.0026856288,-1.0101627111,-0.1528366953,-0.0416272469,-0.4260383844,0.0017113090,0.0067503504,-0.0122972727,0.0322646387,0.0951175839,-0.9950520992,0.0051266616,-1.4038513899,0.9765923023,-2.8687398434,-0.5161290169,0.8650166392,0.0251472518,-0.2921231687,0.4699850380,-0.3167821169,0.0787959099,0.0624135733,0.0736780390,0.5271193981,0.7227897048,-0.0456461087,-0.4448367655,-1.4038513899,0.9765923023,-2.8687398434,-0.5161290169,0.8650166392,0.0251472518,-0.2921231687,0.4699850380,-0.3167821169,0.0787959099,0.0624135733,0.0736780390,0.5271193981,0.7227897048,-0.0456461087,-0.4448367655,0.0000000000,0.0000000000,0.0000000000,0.0000000000,0.0000000000,0.0000000000,-0.3728141189,0.3603625596,-0.2929776907,0.9851205945,-0.1670226008,-0.0463621020,0.3036976457,0.6665220857,0.1811361462,-0.6564669013,
7035.277,0.1220740378,0.0000000000,0.9765923023,0.0665303543,0.0035401471,-1.0105289221,-0.1538132876,-0.0390636921,-0.4287240207,0.0013432354,0.0075994455,-0.0126636028,0.0322660990,0.0950646549,-0.9950570464,0.0051223342,-1.7090365887,0.1831110567,-3.3570361137,-0.5250404477,0.8656269908,0.0203863643,-0.2924894094,0.4627826810,-0.3249610960,0.0699912906,0.0630688667,0.0683545172,0.5266081095,0.7225320339,-0.0466348231,-0.4457575977,-1.7090365887,0.1831110567,-3.3570361137,-0.5250404477,0.8656269908,0.0203863643,-0.2924894094,0.4627826810,-0.3249610960,0.0699912906,0.0630688667,0.0683545172,0.5266081095,0.7225320339,-0.0466348231,-0.4457575977,0.0000000000,0.0000000000,0.0000000000,0.0000000000,0.0000000000,0.0000000000,-0.3747673035,0.3603625596,-0.2929776907,0.9851207137,-0.1670231372,-0.0463627577,0.3037858903,0.6664977670,0.1812252849,-0.6564263105,
7035.290,0.1220740378,0.0000000000,0.9765923023,0.0667745024,0.0036622211,-1.0116275549,-0.1530808508,-0.0394299142,-0.4378795624,0.0015846714,0.0077155395,-0.0137624145,0.0322679803,0.0950167328,-0.9950615764,0.0051179319,-1.8311105967,0.1831110567,-3.5401470661,-0.5307779312,0.8673360348,0.0187994018,-0.2949308753,0.4648579359,-0.3147068620,0.0644009113,0.0648532510,0.0661988929,0.5260925889,0.7222726345,-0.0475931168,-0.4466842711,-1.8311105967,0.1831110567,-3.5401470661,-0.5307779312,0.8673360348,0.0187994018,-0.2949308753,0.4648579359,-0.3147068620,0.0644009113,0.0648532510,0.0661988929,0.5260925889,0.7222726345,-0.0475931168,-0.4466842711,0.0000000000,0.0000000000,0.0000000000,0.0000000000,0.0000000000,0.0000000000,-0.3720816672,0.3588976860,-0.2910245061,0.9851205349,-0.1670235991,-0.0463631153,0.3038763404,0.6664727330,0.1813167036,-0.6563845873,
7035.303,0.1220740378,-0.0610370189,0.9765923023,0.0682393909,0.0036622211,-1.0117496252,-0.1535691470,-0.0393078402,-0.4304330647,0.0030503199,0.0077095949,-0.0138843656,0.0322681293,0.0949679017,-0.9950664043,0.0051133507,-1.7700735331,0.6103702188,-3.7232582569,-0.5324869752,0.8697775006,0.0178228095,-0.2968840599,0.4665669799,-0.3183690906,0.0628612638,0.0673899055,0.0647139624,0.5255637765,0.7220350504,-0.0485227816,-0.4475903809,-1.7700735331,0.6103702188,-3.7232582569,-0.5324869752,0.8697775006,0.0178228095,-0.2968840599,0.4665669799,-0.3183690906,0.0628612638,0.0673899055,0.0647139624,0.5255637765,0.7220350504,-0.0485227816,-0.4475903809,0.0000000000,0.0000000000,0.0000000000,0.0000000000,0.0000000000,0.0000000000,-0.3742789924,0.3584093750,-0.2929776907,0.9851204753,-0.1670240611,-0.0463635325,0.3039585650,0.6664499640,0.1813997924,-0.6563466787,
7035.316,0.1220740378,-0.0610370189,0.9765923023,0.0683614612,0.0043946654,-1.0115054846,-0.1530808508,-0.0380870998,-0.4369029701,0.0031725094,0.0084325038,-0.0136402249,0.0322688594,0.0949031115,-0.9950724244,0.0051064971,-1.5869624615,1.5259255171,-4.0284433365,-0.5291909575,0.8673360348,0.0249031037,-0.2970061302,0.4668111205,-0.3180028796,0.0663558245,0.0650715232,0.0713747293,0.5250274539,0.7218304873,-0.0493952259,-0.4484532773,-1.5869624615,1.5259255171,-4.0284433365,-0.5291909575,0.8673360348,0.0249031037,-0.2970061302,0.4668111205,-0.3180028796,0.0663558245,0.0650715232,0.0713747293,0.5250274539,0.7218304873,-0.0493952259,-0.4484532773,0.0000000000,0.0000000000,0.0000000000,0.0000000000,0.0000000000,0.0000000000,-0.3750114441,0.3588976860,-0.2949308753,0.9851202965,-0.1670245230,-0.0463638902,0.3040362000,0.6664284468,0.1814782023,-0.6563108563,
7035.329,0.1220740378,-0.0610370189,0.9765923023,0.0665303543,0.0026856288,-1.0110172033,-0.1554002464,-0.0400402844,-0.4339731932,0.0013503358,0.0067224069,-0.0131512880,0.0322646834,0.0948586464,-0.9950768352,0.0051041017,-1.4648884535,1.5869624615,-4.1505174637,-0.5300454497,0.8670918941,0.0257576220,-0.2949308753,0.4670552611,-0.3239845037,0.0657191873,0.0649658442,0.0718308836,0.5244830251,0.7216334939,-0.0502513647,-0.4493116140,-1.4648884535,1.5869624615,-4.1505174637,-0.5300454497,0.8670918941,0.0257576220,-0.2949308753,0.4670552611,-0.3239845037,0.0657191873,0.0649658442,0.0718308836,0.5244830251,0.7216334939,-0.0502513647,-0.4493116140,0.0000000000,0.0000000000,0.0000000000,0.0000000000,0.0000000000,0.0000000000,-0.3737907112,0.3584093750,-0.2968840599,0.9851201773,-0.1670249701,-0.0463642478,0.3041077554,0.6664085984,0.1815504581,-0.6562778354,
7035.342,0.1831110567,-0.0610370189,0.9765923023,0.0672627985,0.0028077029,-1.0105289221,-0.1512497365,-0.0408948027,-0.4289681613,0.0020878986,0.0068534492,-0.0126627088,0.0322618075,0.0948386714,-0.9950789213,0.0051076757,-1.4648884535,1.5259255171,-4.2115545273,-0.5341960192,0.8674581051,0.0244148076,-0.2933439016,0.4704733491,-0.3167821169,0.0618071556,0.0654867291,0.0700923502,0.5239440799,0.7214383483,-0.0510759540,-0.4501597881,-1.4648884535,1.5259255171,-4.2115545273,-0.5341960192,0.8674581051,0.0244148076,-0.2933439016,0.4704733491,-0.3167821169,0.0618071556,0.0654867291,0.0700923502,0.5239440799,0.7214383483,-0.0510759540,-0.4501597881,0.0000000000,0.0000000000,0.0000000000,0.0000000000,0.0000000000,0.0000000000,-0.3725699782,0.3588976860,-0.2968840599,0.9851202369,-0.1670254618,-0.0463648438,0.3041810393,0.6663883328,0.1816244423,-0.6562440991,
7035.355,0.1220740378,0.0000000000,0.9765923023,0.0688497573,0.0029297769,-1.0105289221,-0.1554002464,-0.0434583575,-0.4282357395,0.0036615357,0.0069732131,-0.0126636028,0.0322685502,0.0948401764,-0.9950785041,0.0051072082,-1.2207404375,2.4414808750,-4.0894804001,-0.5443281531,0.8703879118,0.0178228095,-0.2940763533,0.4694967568,-0.3192236125,0.0519149303,0.0685816407,0.0632688180,0.5233780146,0.7213016152,-0.0518681332,-0.4509461522,-1.2207404375,2.4414808750,-4.0894804001,-0.5443281531,0.8703879118,0.0178228095,-0.2940763533,0.4694967568,-0.3192236125,0.0519149303,0.0685816407,0.0632688180,0.5233780146,0.7213016152,-0.0518681332,-0.4509461522,0.0000000000,0.0000000000,0.0000000000,0.0000000000,0.0000000000,0.0000000000,-0.3720816672,0.3613391519,-0.2929776907,0.9851200581,-0.1670258939,-0.0463650823,0.3042709827,0.6663633585,0.1817153841,-0.6562024951,
7035.368,0.1220740378,-0.0610370189,0.9765923023,0.0677510947,0.0045167394,-1.0106509924,-0.1535691470,-0.0427259132,-0.4338511229,0.0025656894,0.0085500404,-0.0127854347,0.0322676487,0.0948363319,-0.9950789213,0.0051019033,-1.0986663103,3.1128878593,-3.9063692093,-0.5407879949,0.8685567975,0.0206305124,-0.2963957787,0.4679097831,-0.3191015422,0.0556554198,0.0668905973,0.0659195483,0.5228136778,0.7211899161,-0.0526584461,-0.4516872168,-1.0986663103,3.1128878593,-3.9063692093,-0.5407879949,0.8685567975,0.0206305124,-0.2963957787,0.4679097831,-0.3191015422,0.0556554198,0.0668905973,0.0659195483,0.5228136778,0.7211899161,-0.0526584461,-0.4516872168,0.0000000000,0.0000000000,0.0000000000,0.0000000000,0.0000000000,0.0000000000,-0.3747673035,0.3603625596,-0.2968840599,0.9851199389,-0.1670263708,-0.0463654995,0.3043461442,0.6663424969,0.1817912757,-0.6561678052,
7035.381,0.1220740378,-0.0610370189,0.9765923023,0.0677510947,0.0029297769,-1.0108951330,-0.1518601030,-0.0405285805,-0.4327524602,0.0025685653,0.0069608344,-0.0130293965,0.0322664641,0.0948087797,-0.9950816035,0.0050997557,-1.0376293659,3.4180731773,-3.9063692093,-0.5390789509,0.8684347272,0.0225836970,-0.2962736785,0.4658345282,-0.3222754598,0.0575562716,0.0669040680,0.0677471161,0.5222480297,0.7210887074,-0.0534430072,-0.4524105191,-1.0376293659,3.4180731773,-3.9063692093,-0.5390789509,0.8684347272,0.0225836970,-0.2962736785,0.4658345282,-0.3222754598,0.0575562716,0.0669040680,0.0677471161,0.5222480297,0.7210887074,-0.0534430072,-0.4524105191,0.0000000000,0.0000000000,0.0000000000,0.0000000000,0.0000000000,0.0000000000,-0.3747673035,0.3564561903,-0.2929776907,0.9851198792,-0.1670268774,-0.0463659167,0.3044203520,0.6663219333,0.1818661988,-0.6561335325,
7035.394,0.1220740378,-0.0610370189,0.9765923023,0.0662862062,0.0029297769,-1.0097965002,-0.1532029212,-0.0404065065,-0.4339731932,0.0011133924,0.0069585843,-0.0119301081,0.0322618969,0.0947756842,-0.9950848818,0.0050971000,-0.9765923023,3.2959990501,-3.9063692093,-0.5410321355,0.8647724986,0.0246589556,-0.2994476259,0.4665669799,-0.3204443455,0.0558092594,0.0633875132,0.0696830526,0.5216726065,0.7209812999,-0.0542342924,-0.4531507790,-0.9765923023,3.2959990501,-3.9063692093,-0.5410321355,0.8647724986,0.0246589556,-0.2994476259,0.4665669799,-0.3204443455,0.0558092594,0.0633875132,0.0696830526,0.5216726065,0.7209812999,-0.0542342924,-0.4531507790,0.0000000000,0.0000000000,0.0000000000,0.0000000000,0.0000000000,0.0000000000,-0.3735465705,0.3603625596,-0.2949308753,0.9851198196,-0.1670274138,-0.0463662744,0.3045005202,0.6662997007,0.1819471866,-0.6560964584,
7035.407,0.1220740378,-0.0610370189,0.9155552983,0.0660420582,0.0030518509,-1.0095522404,-0.1496627778,-0.0415051728,-0.4329966009,0.0008799881,0.0070771184,-0.0116851330,0.0322567225,0.0947731137,-0.9950852990,0.0050947429,-0.9765923023,3.1128878593,-3.8453321457,-0.5427411795,0.8650166392,0.0250251777,-0.2956633270,0.4688863754,-0.3158055246,0.0543034673,0.0637741089,0.0698901862,0.5211145282,0.7208675146,-0.0550073087,-0.4538801014,-0.9765923023,3.1128878593,-3.8453321457,-0.5427411795,0.8650166392,0.0250251777,-0.2956633270,0.4688863754,-0.3158055246,0.0543034673,0.0637741089,0.0698901862,0.5211145282,0.7208675146,-0.0550073087,-0.4538801014,0.0000000000,0.0000000000,0.0000000000,0.0000000000,0.0000000000,0.0000000000,-0.3735465705,0.3618274629,-0.2968840599,0.9851197004,-0.1670278758,-0.0463666916,0.3045792282,0.6662778258,0.1820266843,-0.6560600996,
7035.420,0.1220740378,-0.0610370189,0.9765923023,0.0665303543,0.0032959990,-1.0100406408,-0.1563768387,-0.0390636921,-0.4312875867,0.0013767704,0.0073172352,-0.0121729374,0.0322529823,0.0947147533,-0.9950910211,0.0050904402,-0.9765923023,2.9297769070,-3.7232582569,-0.5431073904,0.8645283580,0.0251472518,-0.2972502708,0.4680318534,-0.3177587092,0.0541261435,0.0634166002,0.0698342249,0.5205551982,0.7207447290,-0.0558015294,-0.4546194077,-0.9765923023,2.9297769070,-3.7232582569,-0.5431073904,0.8645283580,0.0251472518,-0.2972502708,0.4680318534,-0.3177587092,0.0541261435,0.0634166002,0.0698342249,0.5205551982,0.7207447290,-0.0558015294,-0.4546194077,0.0000000000,0.0000000000,0.0000000000,0.0000000000,0.0000000000,0.0000000000,-0.3718375266,0.3564561903,-0.2968840599,0.9851196408,-0.1670283824,-0.0463670492,0.3046438396,0.6662598848,0.1820918769,-0.6560302377,
7035.433,0.0610370189,-0.0610370189,0.9155552983,0.0670186505,0.0007324442,-1.0102847815,-0.1511276662,-0.0404065065,-0.4340952933,0.0018711239,0.0047510122,-0.0124167204,0.0322501957,0.0946930349,-0.9950932860,0.0050881188,-0.7934812307,3.1128878593,-3.6622211933,-0.5411542058,0.8636738062,0.0240485854,-0.2956633270,0.4653462470,-0.3216650784,0.0562524796,0.0626841187,0.0686084777,0.5199864507,0.7206382751,-0.0566010550,-0.4553395808,-0.7934812307,3.1128878593,-3.6622211933,-0.5411542058,0.8636738062,0.0240485854,-0.2956633270,0.4653462470,-0.3216650784,0.0562524796,0.0626841187,0.0686084777,0.5199864507,0.7206382751,-0.0566010550,-0.4553395808,0.0000000000,0.0000000000,0.0000000000,0.0000000000,0.0000000000,0.0000000000,-0.3750114441,0.3593859673,-0.2949308753,0.9851195216,-0.1670288742,-0.0463675261,0.3047193587,0.6662389040,0.1821681559,-0.6559953094,
7035.446,0.1220740378,0.0000000000,0.9765923023,0.0684835389,0.0040284432,-1.0107730627,-0.1500289887,-0.0397961363,-0.4353160262,0.0033244491,0.0080394074,-0.0129057169,0.0322564878,0.0946612284,-0.9950959682,0.0050838524,-0.7934812307,3.1739249229,-3.7232582569,-0.5393230915,0.8615985513,0.0234382153,-0.2966399193,0.4649800062,-0.3206884861,0.0582622290,0.0607355833,0.0678808093,0.5194143057,0.7205347419,-0.0573951602,-0.4560564458,-0.7934812307,3.1739249229,-3.7232582569,-0.5393230915,0.8615985513,0.0234382153,-0.2966399193,0.4649800062,-0.3206884861,0.0582622290,0.0607355833,0.0678808093,0.5194143057,0.7205347419,-0.0573951602,-0.4560564458,0.0000000000,0.0000000000,0.0000000000,0.0000000000,0.0000000000,0.0000000000,-0.3735465705,0.3618274629,-0.2949308753,0.9851193428,-0.1670293510,-0.0463678241,0.3048020005,0.6662158966,0.1822516620,-0.6559570432,
7035.459,0.1220740378,0.0000000000,0.9765923023,0.0655537620,0.0037842952,-1.0100406408,-0.1486861855,-0.0411389507,-0.4348277152,0.0003972948,0.0077888872,-0.0121731162,0.0322555266,0.0946516544,-0.9950970411,0.0050802431,-0.7934812307,2.9908139706,-3.9063692093,-0.5382244587,0.8603778481,0.0240485854,-0.2963957787,0.4670552611,-0.3156834543,0.0595644712,0.0596591830,0.0683524162,0.5188432336,0.7204242349,-0.0581723377,-0.4567819834,-0.7934812307,2.9908139706,-3.9063692093,-0.5382244587,0.8603778481,0.0240485854,-0.2963957787,0.4670552611,-0.3156834543,0.0595644712,0.0596591830,0.0683524162,0.5188432336,0.7204242349,-0.0581723377,-0.4567819834,0.0000000000,0.0000000000,0.0000000000,0.0000000000,0.0000000000,0.0000000000,-0.3740348518,0.3623157442,-0.2949308753,0.9851194024,-0.1670298576,-0.0463683605,0.3048852980,0.6661927700,0.1823358238,-0.6559185386,
7035.472,0.1220740378,0.0000000000,0.9765923023,0.0688497573,0.0032959990,-1.0113834143,-0.1500289887,-0.0416272469,-0.4309213459,0.0036801472,0.0072966865,-0.0135166645,0.0322622955,0.0946455970,-0.9950973988,0.0050787269,-0.9765923023,2.0752587318,-4.2725911140,-0.5357829332,0.8572039008,0.0269783624,-0.2983489633,0.4637592733,-0.3167821169,0.0622659326,0.0566639304,0.0710079223,0.5182591081,0.7202638984,-0.0589750707,-0.4575944841,-0.9765923023,2.0752587318,-4.2725911140,-0.5357829332,0.8572039008,0.0269783624,-0.2983489633,0.4637592733,-0.3167821169,0.0622659326,0.0566639304,0.0710079223,0.5182591081,0.7202638984,-0.0589750707,-0.4575944841,0.0000000000,0.0000000000,0.0000000000,0.0000000000,0.0000000000,0.0000000000,-0.3723258078,0.3628040552,-0.2910245061,0.9851189852,-0.1670302749,-0.0463684201,0.3049806058,0.6661661267,0.1824322492,-0.6558742523,
7035.485,0.1220740378,-0.0610370189,0.9765923023,0.0670186505,0.0035401471,-1.0097965002,-0.1475875080,-0.0408948027,-0.4364146888,0.0018550754,0.0075357188,-0.0119293332,0.0322595797,0.0946357399,-0.9950984120,0.0050755735,-1.0986663103,1.5259255171,-4.3946652412,-0.5415204167,0.8576921821,0.0260017700,-0.2971282005,0.4652241468,-0.3188574016,0.0568260550,0.0573557019,0.0696892291,0.5176745653,0.7200796008,-0.0597705543,-0.4584422708,-1.0986663103,1.5259255171,-4.3946652412,-0.5415204167,0.8576921821,0.0260017700,-0.2971282005,0.4652241468,-0.3188574016,0.0568260550,0.0573557019,0.0696892291,0.5176745653,0.7200796008,-0.0597705543,-0.4584422708,0.0000000000,0.0000000000,0.0000000000,0.0000000000,0.0000000000,0.0000000000,-0.3750114441,0.3569445014,-0.2949308753,0.9851194620,-0.1670307815,-0.0463693738,0.3050477803,0.6661475897,0.1825000495,-0.6558433771,
7035.498,0.1220740378,0.0000000000,0.9765923023,0.0683614612,0.0030518509,-1.0106509924,-0.1490523964,-0.0426038392,-0.4373912811,0.0031869262,0.0070447596,-0.0127845407,0.0322651230,0.0946441367,-0.9950974584,0.0050750398,-1.1597033739,1.2817773819,-4.4557023048,-0.5450605750,0.8591570854,0.0240485854,-0.2974944413,0.4691305161,-0.3231299818,0.0536007285,0.0590360761,0.0673716515,0.5170908570,0.7198874950,-0.0605559051,-0.4592989385,-1.1597033739,1.2817773819,-4.4557023048,-0.5450605750,0.8591570854,0.0240485854,-0.2974944413,0.4691305161,-0.3231299818,0.0536007285,0.0590360761,0.0673716515,0.5170908570,0.7198874950,-0.0605559051,-0.4592989385,0.0000000000,0.0000000000,0.0000000000,0.0000000000,0.0000000000,0.0000000000,-0.3735465705,0.3618274629,-0.2929776907,0.9851188660,-0.1670311987,-0.0463692546,0.3051337898,0.6661234498,0.1825870126,-0.6558033228,
7035.511,0.1220740378,-0.0610370189,0.9765923023,0.0676290169,0.0024414808,-1.0106509924,-0.1494186223,-0.0399182104,-0.4338511229,0.0024578273,0.0064347554,-0.0127843618,0.0322635844,0.0946163386,-0.9951001406,0.0050741620,-0.9765923023,1.8921475410,-4.6998505592,-0.5464034081,0.8581804633,0.0230719931,-0.3014008105,0.4691305161,-0.3238624334,0.0526068807,0.0583065152,0.0661271065,0.5164773464,0.7197300196,-0.0613141321,-0.4601343274,-0.9765923023,1.8921475410,-4.6998505592,-0.5464034081,0.8581804633,0.0230719931,-0.3014008105,0.4691305161,-0.3238624334,0.0526068807,0.0583065152,0.0661271065,0.5164773464,0.7197300196,-0.0613141321,-0.4601343274,0.0000000000,0.0000000000,0.0000000000,0.0000000000,0.0000000000,0.0000000000,-0.3735465705,0.3584093750,-0.2949308753,0.9851188660,-0.1670316905,-0.0463697314,0.3052050173,0.6661036015,0.1826589406,-0.6557703614,
7035.524,0.1220740378,-0.0610370189,0.9765923023,0.0682393909,0.0037842952,-1.0117496252,-0.1500289887,-0.0415051728,-0.4367808998,0.0030688792,0.0077713197,-0.0138829350,0.0322635882,0.0946074948,-0.9951009750,0.0050707310,-0.8545182943,2.3194067478,-4.8829617500,-0.5402997136,0.8552507162,0.0249031037,-0.2966399193,0.4696188271,-0.3197118938,0.0590664744,0.0556317568,0.0677434951,0.5158742070,0.7195944786,-0.0620255396,-0.4609269202,-0.8545182943,2.3194067478,-4.8829617500,-0.5402997136,0.8552507162,0.0249031037,-0.2966399193,0.4696188271,-0.3197118938,0.0590664744,0.0556317568,0.0677434951,0.5158742070,0.7195944786,-0.0620255396,-0.4609269202,0.0000000000,0.0000000000,0.0000000000,0.0000000000,0.0000000000,0.0000000000,-0.3747673035,0.3584093750,-0.2910245061,0.9851187468,-0.1670321673,-0.0463701487,0.3052853942,0.6660811901,0.1827401519,-0.6557331085,
7035.537,0.1220740378,-0.0610370189,0.9765923023,0.0686056092,0.0030518509,-1.0107730627,-0.1550340354,-0.0416272469,-0.4339731932,0.0034336448,0.0070362571,-0.0129064322,0.0322645418,0.0945864767,-0.9951029420,0.0050688144,-0.7324442267,2.3194067478,-5.3102207184,-0.5344401598,0.8530533910,0.0297860652,-0.3018890917,0.4716940820,-0.3191015422,0.0653254986,0.0537219644,0.0724050850,0.5152503848,0.7194565535,-0.0627304986,-0.4617440104,-0.7324442267,2.3194067478,-5.3102207184,-0.5344401598,0.8530533910,0.0297860652,-0.3018890917,0.4716940820,-0.3191015422,0.0653254986,0.0537219644,0.0724050850,0.5152503848,0.7194565535,-0.0627304986,-0.4617440104,0.0000000000,0.0000000000,0.0000000000,0.0000000000,0.0000000000,0.0000000000,-0.3750114441,0.3598742783,-0.2929776907,0.9851186872,-0.1670326442,-0.0463706255,0.3053641021,0.6660591960,0.1828196794,-0.6556966305,
7035.550,0.1220740378,-0.0610370189,0.9765923023,0.0670186505,0.0017090365,-1.0113834143,-0.1505172849,-0.0410168767,-0.4337290525,0.0018532500,0.0056974720,-0.0135164261,0.0322611630,0.0945704803,-0.9951045513,0.0050699911,-0.6103702188,1.7090365887,-6.2257757187,-0.5398113728,0.8528092504,0.0300302133,-0.3000579774,0.4715720117,-0.3131199181,0.0605023503,0.0538749695,0.0723813102,0.5145823359,0.7193059325,-0.0633871928,-0.4626331925,-0.6103702188,1.7090365887,-6.2257757187,-0.5398113728,0.8528092504,0.0300302133,-0.3000579774,0.4715720117,-0.3131199181,0.0605023503,0.0538749695,0.0723813102,0.5145823359,0.7193059325,-0.0633871928,-0.4626331925,0.0000000000,0.0000000000,0.0000000000,0.0000000000,0.0000000000,0.0000000000,-0.3718375266,0.3593859673,-0.2910245061,0.9851186275,-0.1670331061,-0.0463711023,0.3054480553,0.6660357714,0.1829045415,-0.6556577086,
7035.563,0.1220740378,-0.1220740378,0.9765923023,0.0678731650,0.0025635548,-1.0107730627,-0.1521042585,-0.0423596911,-0.4384899437,0.0027205124,0.0065517742,-0.0129051805,0.0322548337,0.0945665687,-0.9951051474,0.0050691515,-0.4882961512,1.7700735331,-6.4699239731,-0.5422528982,0.8536637425,0.0291756950,-0.2998138368,0.4719382226,-0.3180028796,0.0586457253,0.0551565289,0.0712881982,0.5138954520,0.7191665173,-0.0640250742,-0.4635247588,-0.4882961512,1.7700735331,-6.4699239731,-0.5422528982,0.8536637425,0.0291756950,-0.2998138368,0.4719382226,-0.3180028796,0.0586457253,0.0551565289,0.0712881982,0.5138954520,0.7191665173,-0.0640250742,-0.4635247588,0.0000000000,0.0000000000,0.0000000000,0.0000000000,0.0000000000,0.0000000000,-0.3737907112,0.3593859673,-0.2968840599,0.9851185083,-0.1670335531,-0.0463714600,0.3055151701,0.6660169959,0.1829723120,-0.6556265950,
7035.576,0.1220740378,-0.1220740378,1.0376293659,0.0677510947,0.0028077029,-1.0112613440,-0.1519821733,-0.0422376171,-0.4311655164,0.0026119426,0.0067952015,-0.0133926272,0.0322481841,0.0945579857,-0.9951062799,0.0050678733,-0.2441480756,1.8921475410,-6.6530351639,-0.5407879949,0.8513443470,0.0295419171,-0.2990813851,0.4730368853,-0.3182470202,0.0607169271,0.0532835722,0.0714618936,0.5131934881,0.7190440893,-0.0646452904,-0.4644054770,-0.2441480756,1.8921475410,-6.6530351639,-0.5407879949,0.8513443470,0.0295419171,-0.2990813851,0.4730368853,-0.3182470202,0.0607169271,0.0532835722,0.0714618936,0.5131934881,0.7190440893,-0.0646452904,-0.4644054770,0.0000000000,0.0000000000,0.0000000000,0.0000000000,0.0000000000,0.0000000000,-0.3742789924,0.3588976860,-0.2949308753,0.9851181507,-0.1670339555,-0.0463715792,0.3055853248,0.6659972668,0.1830431968,-0.6555939317,
7035.589,0.1831110567,-0.1220740378,0.9765923023,0.0668965727,0.0019531846,-1.0101627111,-0.1513718069,-0.0377208777,-0.4329966009,0.0017746761,0.0059541045,-0.0122928619,0.0322392657,0.0944962054,-0.9951122403,0.0050717378,0.1220740378,1.7700735331,-7.4465165138,-0.5423749685,0.8485366106,0.0299081393,-0.3016449511,0.4698629677,-0.3202002048,0.0598556399,0.0510152578,0.0716727823,0.5124219656,0.7189356089,-0.0652474761,-0.4653400779,0.1220740378,1.7700735331,-7.4465165138,-0.5423749685,0.8485366106,0.0299081393,-0.3016449511,0.4698629677,-0.3202002048,0.0598556399,0.0510152578,0.0716727823,0.5124219656,0.7189356089,-0.0652474761,-0.4653400779,0.0000000000,0.0000000000,0.0000000000,0.0000000000,0.0000000000,0.0000000000,-0.3730582595,0.3574327826,-0.2949308753,0.9851186275,-0.1670345068,-0.0463725328,0.3056519330,0.6659788489,0.1831104457,-0.6555632353,
7035.602,0.1831110567,-0.1220740378,0.9765923023,0.0660420582,0.0024414808,-1.0095522404,-0.1523483992,-0.0375988036,-0.4325083196,0.0009412915,0.0064533353,-0.0116810799,0.0322285444,0.0944306478,-0.9951190352,0.0050740559,0.3662221134,1.8921475410,-7.8737754822,-0.5443281531,0.8492690921,0.0279549547,-0.2998138368,0.4670552611,-0.3191015422,0.0586875677,0.0523357987,0.0696216375,0.5116171837,0.7188493609,-0.0658212677,-0.4662773013,0.3662221134,1.8921475410,-7.8737754822,-0.5443281531,0.8492690921,0.0279549547,-0.2998138368,0.4670552611,-0.3191015422,0.0586875677,0.0523357987,0.0696216375,0.5116171837,0.7188493609,-0.0658212677,-0.4662773013,0.0000000000,0.0000000000,0.0000000000,0.0000000000,0.0000000000,0.0000000000,-0.3735465705,0.3603625596,-0.2949308753,0.9851182103,-0.1670348942,-0.0463725328,0.3057258129,0.6659580469,0.1831851304,-0.6555287838,
7035.615,0.1220740378,-0.0610370189,1.0376293659,0.0662862062,0.0039063692,-1.0113834143,-0.1529587656,-0.0386974700,-0.4372692108,0.0011953190,0.0079119485,-0.0135115981,0.0322242230,0.0943718106,-0.9951245785,0.0050685592,0.6103702188,2.0752587318,-8.2399978638,-0.5423749685,0.8463392854,0.0286873989,-0.2999359071,0.4697408974,-0.3164159060,0.0614705682,0.0500323176,0.0703063458,0.5107938647,0.7187831402,-0.0663595200,-0.4672046304,0.6103702188,2.0752587318,-8.2399978638,-0.5423749685,0.8463392854,0.0286873989,-0.2999359071,0.4697408974,-0.3164159060,0.0614705682,0.0500323176,0.0703063458,0.5107938647,0.7187831402,-0.0663595200,-0.4672046304,0.0000000000,0.0000000000,0.0000000000,0.0000000000,0.0000000000,0.0000000000,-0.3737907112,0.3564561903,-0.2929776907,0.9851179719,-0.1670353115,-0.0463727713,0.3057935834,0.6659390330,0.1832535863,-0.6554972529,
7035.628,0.1220740378,-0.1220740378,0.9765923023,0.0657979101,0.0023194067,-1.0106509924,-0.1506393701,-0.0415051728,-0.4387340844,0.0007295609,0.0063258754,-0.0127777457,0.0322129913,0.0943618715,-0.9951260090,0.0050676120,1.1597033739,2.4414808750,-9.2776269913,-0.5492110848,0.8447523713,0.0242927335,-0.3003021479,0.4692526162,-0.3126316071,0.0556265712,0.0492034554,0.0660008490,0.5098857284,0.7187711000,-0.0668235496,-0.4681479335,1.1597033739,2.4414808750,-9.2776269913,-0.5492110848,0.8447523713,0.0242927335,-0.3003021479,0.4692526162,-0.3126316071,0.0556265712,0.0492034554,0.0660008490,0.5098857284,0.7187711000,-0.0668235496,-0.4681479335,0.0000000000,0.0000000000,0.0000000000,0.0000000000,0.0000000000,0.0000000000,-0.3713492155,0.3574327826,-0.2929776907,0.9851180911,-0.1670358479,-0.0463733077,0.3058652282,0.6659190655,0.1833259314,-0.6554640532,
7035.641,0.1220740378,-0.1220740378,1.0376293659,0.0675069466,0.0024414808,-1.0099185705,-0.1541795135,-0.0416272469,-0.4360484779,0.0024524480,0.0064489134,-0.0120443702,0.0322061591,0.0943387002,-0.9951283932,0.0050666863,1.4648884535,3.1128878593,-9.7048864365,-0.5518967509,0.8454847932,0.0198980682,-0.3029877543,0.4690084457,-0.3139744401,0.0539885163,0.0507449508,0.0618299358,0.5089333057,0.7188094854,-0.0672484189,-0.4690639079,1.4648884535,3.1128878593,-9.7048864365,-0.5518967509,0.8454847932,0.0198980682,-0.3029877543,0.4690084457,-0.3139744401,0.0539885163,0.0507449508,0.0618299358,0.5089333057,0.7188094854,-0.0672484189,-0.4690639079,0.0000000000,0.0000000000,0.0000000000,0.0000000000,0.0000000000,0.0000000000,-0.3720816672,0.3554795980,-0.2968840599,0.9851180315,-0.1670363247,-0.0463737845,0.3059205115,0.6659035683,0.1833816916,-0.6554384232,
7035.654,0.1220740378,-0.1220740378,1.0376293659,0.0677510947,0.0034180731,-1.0110172033,-0.1533249915,-0.0389416181,-0.4381237328,0.0027095377,0.0074216519,-0.0131421685,0.0322001800,0.0942824334,-0.9951339364,0.0050623342,1.7700735331,4.0284433365,-10.0711078644,-0.5570238233,0.8452406526,0.0162358470,-0.3004242182,0.4674215019,-0.3111667335,0.0499633551,0.0513626933,0.0585486479,0.5079516172,0.7189086080,-0.0676027983,-0.4699241817,1.7700735331,4.0284433365,-10.0711078644,-0.5570238233,0.8452406526,0.0162358470,-0.3004242182,0.4674215019,-0.3111667335,0.0499633551,0.0513626933,0.0585486479,0.5079516172,0.7189086080,-0.0676027983,-0.4699241817,0.0000000000,0.0000000000,0.0000000000,0.0000000000,0.0000000000,0.0000000000,-0.3740348518,0.3559679091,-0.2910245061,0.9851177931,-0.1670367271,-0.0463740230,0.3059909344,0.6658837795,0.1834528446,-0.6554056406,
7035.667,0.1220740378,-0.0610370189,1.0376293659,0.0655537620,0.0023194067,-1.0101627111,-0.1538132876,-0.0407727286,-0.4309213459,0.0005249754,0.0063245632,-0.0122868419,0.0321938992,0.0942507535,-0.9951370955,0.0050614909,2.3194067478,5.9205908775,-10.8035526276,-0.5547044277,0.8412122130,0.0155034028,-0.3032319248,0.4671773314,-0.3178808093,0.0534664989,0.0482761264,0.0584752820,0.5069099069,0.7191135287,-0.0678615570,-0.4706977904,2.3194067478,5.9205908775,-10.8035526276,-0.5547044277,0.8412122130,0.0155034028,-0.3032319248,0.4671773314,-0.3178808093,0.0534664989,0.0482761264,0.0584752820,0.5069099069,0.7191135287,-0.0678615570,-0.4706977904,0.0000000000,0.0000000000,0.0000000000,0.0000000000,0.0000000000,0.0000000000,-0.3740348518,0.3588976860,-0.2968840599,0.9851176739,-0.1670372039,-0.0463744998,0.3060538471,0.6658661366,0.1835163385,-0.6553764343,
7035.680,0.1220740378,-0.0610370189,1.0376293659,0.0668965727,0.0025635548,-1.0105289221,-0.1523483992,-0.0402844325,-0.4376354218,0.0018739998,0.0065690768,-0.0126526356,0.0321909636,0.0942153782,-0.9951405525,0.0050602350,2.4414808750,6.2257757187,-11.3528852463,-0.5529953837,0.8385265470,0.0180669576,-0.3057954609,0.4666890502,-0.3150731027,0.0564253330,0.0465888977,0.0617319494,0.5058428645,0.7193335295,-0.0680820122,-0.4714769125,2.4414808750,6.2257757187,-11.3528852463,-0.5529953837,0.8385265470,0.0180669576,-0.3057954609,0.4666890502,-0.3150731027,0.0564253330,0.0465888977,0.0617319494,0.5058428645,0.7193335295,-0.0680820122,-0.4714769125,0.0000000000,0.0000000000,0.0000000000,0.0000000000,0.0000000000,0.0000000000,-0.3713492155,0.3637806475,-0.2929776907,0.9851174355,-0.1670376658,-0.0463747978,0.3061413765,0.6658415198,0.1836048514,-0.6553356647,
7035.693,0.1220740378,-0.0610370189,1.0376293659,0.0659199804,0.0024414808,-1.0104068518,-0.1562547684,-0.0406506546,-0.4329966009,0.0009083524,0.0064479671,-0.0125299096,0.0321856663,0.0941752195,-0.9951445460,0.0050588986,2.4414808750,6.1037020683,-11.8411817551,-0.5539720058,0.8347422481,0.0189214759,-0.3093356192,0.4688863754,-0.3165379763,0.0567699671,0.0438609123,0.0632596165,0.5047535896,0.7195490003,-0.0682757646,-0.4722867310,2.4414808750,6.1037020683,-11.8411817551,-0.5539720058,0.8347422481,0.0189214759,-0.3093356192,0.4688863754,-0.3165379763,0.0567699671,0.0438609123,0.0632596165,0.5047535896,0.7195490003,-0.0682757646,-0.4722867310,0.0000000000,0.0000000000,0.0000000000,0.0000000000,0.0000000000,0.0000000000,-0.3718375266,0.3603625596,-0.2929776907,0.9851176143,-0.1670381874,-0.0463753939,0.3062189817,0.6658198237,0.1836832613,-0.6552996635,
7035.706,0.1220740378,-0.0610370189,1.0376293659,0.0678731650,0.0031739250,-1.0111392736,-0.1523483992,-0.0421155430,-0.4292123318,0.0028630644,0.0071777632,-0.0132621527,0.0321850739,0.0941664428,-0.9951453805,0.0050572241,2.3804438114,5.6154055595,-12.5736255646,-0.5660573244,0.8360850811,0.0118411817,-0.3086031675,0.4687643051,-0.3209326565,0.0461371541,0.0463644266,0.0568248965,0.5036205053,0.7197591066,-0.0684236139,-0.4731537998,2.3804438114,5.6154055595,-12.5736255646,-0.5660573244,0.8360850811,0.0118411817,-0.3086031675,0.4687643051,-0.3209326565,0.0461371541,0.0463644266,0.0568248965,0.5036205053,0.7197591066,-0.0684236139,-0.4731537998,0.0000000000,0.0000000000,0.0000000000,0.0000000000,0.0000000000,0.0000000000,-0.3745231628,0.3584093750,-0.2949308753,0.9851173759,-0.1670385897,-0.0463756919,0.3062841296,0.6658014655,0.1837490648,-0.6552693248,
7035.719,0.1220740378,-0.0610370189,1.0376293659,0.0673848689,0.0025635548,-1.0110172033,-0.1536912173,-0.0402844325,-0.4310434163,0.0023786351,0.0065677692,-0.0131399035,0.0321833156,0.0941293240,-0.9951490760,0.0050560273,2.4414808750,5.7985167503,-12.7567367554,-0.5735038519,0.8333994746,0.0076906644,-0.3062837720,0.4740134776,-0.3134861290,0.0401864052,0.0448800921,0.0533656441,0.5024901628,0.7199916244,-0.0685056522,-0.4739896059,2.4414808750,5.7985167503,-12.7567367554,-0.5735038519,0.8333994746,0.0076906644,-0.3062837720,0.4740134776,-0.3134861290,0.0401864052,0.0448800921,0.0533656441,0.5024901628,0.7199916244,-0.0685056522,-0.4739896059,0.0000000000,0.0000000000,0.0000000000,0.0000000000,0.0000000000,0.0000000000,-0.3718375266,0.3593859673,-0.2949308753,0.9851173162,-0.1670390666,-0.0463761687,0.3063532412,0.6657820344,0.1838188618,-0.6552371979,
7035.732,0.1220740378,-0.1220740378,1.0376293659,0.0668965727,0.0035401471,-1.0101627111,-0.1524704695,-0.0417493209,-0.4339731932,0.0019069612,0.0075398977,-0.0122842789,0.0321753174,0.0941145122,-0.9951506853,0.0050525409,2.3804438114,6.0426650047,-12.9398479462,-0.5760673881,0.8308358788,0.0041505173,-0.3049409389,0.4723044634,-0.3155613840,0.0391445160,0.0435461402,0.0505501702,0.5013545156,0.7202383876,-0.0685540810,-0.4748092294,2.3804438114,6.0426650047,-12.9398479462,-0.5760673881,0.8308358788,0.0041505173,-0.3049409389,0.4723044634,-0.3155613840,0.0391445160,0.0435461402,0.0505501702,0.5013545156,0.7202383876,-0.0685540810,-0.4748092294,0.0000000000,0.0000000000,0.0000000000,0.0000000000,0.0000000000,0.0000000000,-0.3730582595,0.3613391519,-0.2968840599,0.9851172566,-0.1670395136,-0.0463766456,0.3064215481,0.6657628417,0.1838878542,-0.6552054286,
7035.745,0.1220740378,-0.1220740378,1.0376293659,0.0676290169,0.0035401471,-1.0104068518,-0.1508835107,-0.0396740623,-0.4318979383,0.0026524216,0.0075354585,-0.0125275254,0.0321692266,0.0940773785,-0.9951543808,0.0050485153,2.1362955570,6.0426650047,-13.6722927094,-0.5686208606,0.8249763250,0.0063478500,-0.3093356192,0.4737693369,-0.3217871785,0.0481921434,0.0389807224,0.0534247309,0.5002057552,0.7204725742,-0.0685637742,-0.4756635129,2.1362955570,6.0426650047,-13.6722927094,-0.5686208606,0.8249763250,0.0063478500,-0.3093356192,0.4737693369,-0.3217871785,0.0481921434,0.0389807224,0.0534247309,0.5002057552,0.7204725742,-0.0685637742,-0.4756635129,0.0000000000,0.0000000000,0.0000000000,0.0000000000,0.0000000000,0.0000000000,-0.3725699782,0.3584093750,-0.2910245061,0.9851171970,-0.1670400202,-0.0463770032,0.3064970672,0.6657416224,0.1839641631,-0.6551702619,
7035.758,0.1220740378,-0.1220740378,0.9765923023,0.0670186505,0.0035401471,-1.0110172033,-0.1527146250,-0.0375988036,-0.4314096570,0.0020581335,0.0075303540,-0.0131368041,0.0321617723,0.0940132961,-0.9951608181,0.0050431425,1.8311105967,5.5543684959,-14.2826623917,-0.5663014650,0.8215582967,0.0061037019,-0.3090914786,0.4720602930,-0.3244727850,0.0521889925,0.0369173288,0.0537623242,0.4990506470,0.7206761241,-0.0685451999,-0.4765701890,1.8311105967,5.5543684959,-14.2826623917,-0.5663014650,0.8215582967,0.0061037019,-0.3090914786,0.4720602930,-0.3244727850,0.0521889925,0.0369173288,0.0537623242,0.4990506470,0.7206761241,-0.0685451999,-0.4765701890,0.0000000000,0.0000000000,0.0000000000,0.0000000000,0.0000000000,0.0000000000,-0.3750114441,0.3545030057,-0.2968840599,0.9851170182,-0.1670404673,-0.0463773608,0.3065447211,0.6657282114,0.1840121895,-0.6551480889,
7035.771,0.1220740378,-0.1220740378,1.0376293659,0.0682393909,0.0036622211,-1.0110172033,-0.1534470618,-0.0366222113,-0.4310434163,0.0032889545,0.0076474361,-0.0131361485,0.0321574099,0.0939294770,-0.9951687455,0.0050374735,1.5259255171,5.0660724640,-14.9540700912,-0.5724051595,0.8200933933,0.0053712577,-0.3081148863,0.4707174897,-0.3128757477,0.0478696227,0.0368922949,0.0535189062,0.4978892803,0.7208530307,-0.0684684291,-0.4775274098,1.5259255171,5.0660724640,-14.9540700912,-0.5724051595,0.8200933933,0.0053712577,-0.3081148863,0.4707174897,-0.3128757477,0.0478696227,0.0368922949,0.0535189062,0.4978892803,0.7208530307,-0.0684684291,-0.4775274098,0.0000000000,0.0000000000,0.0000000000,0.0000000000,0.0000000000,0.0000000000,-0.3713492155,0.3598742783,-0.2929776907,0.9851169586,-0.1670409441,-0.0463778377,0.3066192269,0.6657072306,0.1840874702,-0.6551133990,
7035.784,0.1220740378,-0.1220740378,0.9765923023,0.0660420582,0.0030518509,-1.0112613440,-0.1560106277,-0.0395519882,-0.4293344021,0.0011124611,0.0070344228,-0.0133789182,0.0321473777,0.0938835666,-0.9951735139,0.0050336914,1.2207404375,4.7608876228,-15.4423656464,-0.5860774517,0.8233894110,0.0046388134,-0.3136081994,0.4688863754,-0.3195898235,0.0360742807,0.0417042375,0.0532028899,0.4966978133,0.7210065126,-0.0683738589,-0.4785490930,1.2207404375,4.7608876228,-15.4423656464,-0.5860774517,0.8233894110,0.0046388134,-0.3136081994,0.4688863754,-0.3195898235,0.0360742807,0.0417042375,0.0532028899,0.4966978133,0.7210065126,-0.0683738589,-0.4785490930,0.0000000000,0.0000000000,0.0000000000,0.0000000000,0.0000000000,0.0000000000,-0.3715933859,0.3608508706,-0.2929776907,0.9851168990,-0.1670413911,-0.0463782549,0.3066958487,0.6656856537,0.1841649264,-0.6550776958,
7035.797,0.1220740378,-0.1220740378,0.9765923023,0.0673848689,0.0031739250,-1.0115054846,-0.1549119502,-0.0407727286,-0.4309213459,0.0024694875,0.0071532661,-0.0136221051,0.0321405791,0.0938564539,-0.9951763153,0.0050305370,1.0986663103,4.8219246864,-15.8696250916,-0.5897396803,0.8215582967,0.0050050355,-0.3095797598,0.4746238589,-0.3172704279,0.0343488455,0.0414438844,0.0539730825,0.4955241680,0.7211635113,-0.0681952015,-0.4795537293,1.0986663103,4.8219246864,-15.8696250916,-0.5897396803,0.8215582967,0.0050050355,-0.3095797598,0.4746238589,-0.3172704279,0.0343488455,0.0414438844,0.0539730825,0.4955241680,0.7211635113,-0.0681952015,-0.4795537293,0.0000000000,0.0000000000,0.0000000000,0.0000000000,0.0000000000,0.0000000000,-0.3715933859,0.3623157442,-0.2910245061,0.9851166010,-0.1670418084,-0.0463784337,0.3067811430,0.6656615734,0.1842512041,-0.6550378203,
7035.810,0.1220740378,-0.0610370189,1.0376293659,0.0673848689,0.0025635548,-1.0106509924,-0.1541795135,-0.0426038392,-0.4326303899,0.0024727732,0.0065433728,-0.0127674341,0.0321389511,0.0938496739,-0.9951769710,0.0050304011,1.0986663103,4.9439983368,-16.1137733459,-0.5894955397,0.8187505603,0.0039063692,-0.3106784225,0.4760887623,-0.3216650784,0.0365535021,0.0402353406,0.0532964468,0.4943432808,0.7213290334,-0.0679915920,-0.4805514216,1.0986663103,4.9439983368,-16.1137733459,-0.5894955397,0.8187505603,0.0039063692,-0.3106784225,0.4760887623,-0.3216650784,0.0365535021,0.0402353406,0.0532964468,0.4943432808,0.7213290334,-0.0679915920,-0.4805514216,0.0000000000,0.0000000000,0.0000000000,0.0000000000,0.0000000000,0.0000000000,-0.3730582595,0.3632923365,-0.2910245061,0.9851166010,-0.1670423448,-0.0463789701,0.3068678677,0.6656371951,0.1843388975,-0.6549974084,
7035.823,0.1220740378,-0.1220740378,1.0376293659,0.0660420582,0.0025635548,-1.0112613440,-0.1547898799,-0.0402844325,-0.4337290525,0.0011506677,0.0065438524,-0.0133764148,0.0321288072,0.0938107371,-0.9951809645,0.0050284080,1.0376293659,4.8829617500,-16.4189586639,-0.5902279615,0.8152104020,0.0042725913,-0.3120212555,0.4743797183,-0.3221533895,0.0378195047,0.0383327007,0.0540673845,0.4931506515,0.7214899659,-0.0677698627,-0.4815652072,1.0376293659,4.8829617500,-16.4189586639,-0.5902279615,0.8152104020,0.0042725913,-0.3120212555,0.4743797183,-0.3221533895,0.0378195047,0.0383327007,0.0540673845,0.4931506515,0.7214899659,-0.0677698627,-0.4815652072,0.0000000000,0.0000000000,0.0000000000,0.0000000000,0.0000000000,0.0000000000,-0.3720816672,0.3628040552,-0.2910245061,0.9851164818,-0.1670427620,-0.0463792682,0.3069533408,0.6656130552,0.1844253540,-0.6549574733,
7035.836,0.1220740378,-0.1220740378,1.0376293659,0.0670186505,0.0029297769,-1.0105289221,-0.1549119502,-0.0400402844,-0.4325083196,0.0021428168,0.0069087315,-0.0126429796,0.0321213268,0.0937687978,-0.9951851964,0.0050256532,1.0376293659,4.5777764320,-17.3955497742,-0.5920590758,0.8076418638,0.0072023682,-0.3178808093,0.4713278711,-0.3206884861,0.0381306410,0.0325239301,0.0573524348,0.4918982983,0.7216369510,-0.0675153732,-0.4826603830,1.0376293659,4.5777764320,-17.3955497742,-0.5920590758,0.8076418638,0.0072023682,-0.3178808093,0.4713278711,-0.3206884861,0.0381306410,0.0325239301,0.0573524348,0.4918982983,0.7216369510,-0.0675153732,-0.4826603830,0.0000000000,0.0000000000,0.0000000000,0.0000000000,0.0000000000,0.0000000000,-0.3725699782,0.3637806475,-0.2949308753,0.9851163626,-0.1670432687,-0.0463796258,0.3070305586,0.6655912995,0.1845034063,-0.6549214125,
7035.849,0.1220740378,-0.1220740378,1.0376293659,0.0671407208,0.0028077029,-1.0101627111,-0.1533249915,-0.0427259132,-0.4294564724,0.0022796392,0.0067859171,-0.0122758150,0.0321140140,0.0937674418,-0.9951855540,0.0050245468,1.0376293659,4.3946652412,-17.9448833466,-0.5958433747,0.8053224087,0.0078127384,-0.3177587092,0.4737693369,-0.3222754598,0.0365658998,0.0320357084,0.0582943559,0.4906301200,0.7217801213,-0.0672131777,-0.4837781191,1.0376293659,4.3946652412,-17.9448833466,-0.5958433747,0.8053224087,0.0078127384,-0.3177587092,0.4737693369,-0.3222754598,0.0365658998,0.0320357084,0.0582943559,0.4906301200,0.7217801213,-0.0672131777,-0.4837781191,0.0000000000,0.0000000000,0.0000000000,0.0000000000,0.0000000000,0.0000000000,-0.3747673035,0.3628040552,-0.2968840599,0.9851163030,-0.1670437604,-0.0463801026,0.3070984483,0.6655721664,0.1845719665,-0.6548897624,
7035.862,0.1220740378,-0.1220740378,1.0376293659,0.0670186505,0.0025635548,-1.0096743107,-0.1560106277,-0.0441908017,-0.4317758679,0.0021726862,0.0065422324,-0.0117864609,0.0321064070,0.0937765688,-0.9951849580,0.0050243600,1.1597033739,4.3336281776,-18.3721427917,-0.6032899022,0.8065431714,0.0072023682,-0.3180028796,0.4759666622,-0.3159276247,0.0314003229,0.0351501107,0.0580282323,0.4893454611,0.7219318151,-0.0668642223,-0.4849000871,1.1597033739,4.3336281776,-18.3721427917,-0.6032899022,0.8065431714,0.0072023682,-0.3180028796,0.4759666622,-0.3159276247,0.0314003229,0.0351501107,0.0580282323,0.4893454611,0.7219318151,-0.0668642223,-0.4849000871,0.0000000000,0.0000000000,0.0000000000,0.0000000000,0.0000000000,0.0000000000,-0.3747673035,0.3667104244,-0.2949308753,0.9851163030,-0.1670442820,-0.0463805795,0.3071815372,0.6655487418,0.1846559793,-0.6548509598,
7035.875,0.1220740378,-0.1831110567,0.9765923023,0.0678731650,0.0032959990,-1.0112613440,-0.1539353579,-0.0441908017,-0.4299447536,0.0030491650,0.0072708470,-0.0133720040,0.0320955329,0.0937977210,-0.9951832891,0.0050221020,1.8311105967,5.5543684959,-18.7994022369,-0.6237983108,0.8076418638,0.0010986663,-0.3187353015,0.4724265337,-0.3189794719,0.0132605433,0.0382441282,0.0525243618,0.4879770279,0.7221775651,-0.0664504170,-0.4859687090,1.8311105967,5.5543684959,-18.7994022369,-0.6237983108,0.8076418638,0.0010986663,-0.3187353015,0.4724265337,-0.3189794719,0.0132605433,0.0382441282,0.0525243618,0.4879770279,0.7221775651,-0.0664504170,-0.4859687090,0.0000000000,0.0000000000,0.0000000000,0.0000000000,0.0000000000,0.0000000000,-0.3715933859,0.3628040552,-0.2910245061,0.9851162434,-0.1670447588,-0.0463809967,0.3072657287,0.6655249596,0.1847411245,-0.6548116207,
7035.888,0.1220740378,-0.1831110567,1.0376293659,0.0675069466,0.0032959990,-1.0108951330,-0.1569872200,-0.0412610248,-0.4253059626,0.0027065128,0.0072677173,-0.0130043030,0.0320840813,0.0937678143,-0.9951865077,0.0050184694,2.3804438114,6.7751092911,-18.8604393005,-0.6244087219,0.8058107495,0.0004882962,-0.3191015422,0.4718161523,-0.3150731027,0.0150034428,0.0384227037,0.0527250618,0.4865857661,0.7225000262,-0.0659946054,-0.4869454801,2.3804438114,6.7751092911,-18.8604393005,-0.6244087219,0.8058107495,0.0004882962,-0.3191015422,0.4718161523,-0.3150731027,0.0150034428,0.0384227037,0.0527250618,0.4865857661,0.7225000262,-0.0659946054,-0.4869454801,0.0000000000,0.0000000000,0.0000000000,0.0000000000,0.0000000000,0.0000000000,-0.3728141189,0.3632923365,-0.2968840599,0.9851161242,-0.1670452356,-0.0463812947,0.3073348701,0.6655054092,0.1848109812,-0.6547793150,
7035.901,0.1220740378,-0.1831110567,1.0376293659,0.0672627985,0.0030518509,-1.0101627111,-0.1544236541,-0.0430921353,-0.4279915690,0.0024867803,0.0070216460,-0.0122702718,0.0320720002,0.0937685221,-0.9951868653,0.0050163860,2.9297769070,7.9348125458,-19.1045875549,-0.6230658889,0.8027588725,-0.0004882962,-0.3231299818,0.4716940820,-0.3180028796,0.0187059045,0.0374130607,0.0527649373,0.4851511419,0.7228960395,-0.0655094385,-0.4878542125,2.9297769070,7.9348125458,-19.1045875549,-0.6230658889,0.8027588725,-0.0004882962,-0.3231299818,0.4716940820,-0.3180028796,0.0187059045,0.0374130607,0.0527649373,0.4851511419,0.7228960395,-0.0655094385,-0.4878542125,0.0000000000,0.0000000000,0.0000000000,0.0000000000,0.0000000000,0.0000000000,-0.3718375266,0.3618274629,-0.3066499829,0.9851160049,-0.1670457125,-0.0463817120,0.3073755503,0.6654939055,0.1848518997,-0.6547603607,
7035.914,0.1220740378,-0.1831110567,1.0376293659,0.0655537620,0.0032959990,-1.0110172033,-0.1528366953,-0.0411389507,-0.4343394339,0.0008107051,0.0072626788,-0.0131226182,0.0320558213,0.0937468261,-0.9951894283,0.0050125849,3.6622211933,9.2776269913,-20.2032527924,-0.6150090098,0.7876216769,0.0009765923,-0.3260597587,0.4753563106,-0.3156834543,0.0292478800,0.0244557261,0.0554849803,0.4836420715,0.7233836055,-0.0649144650,-0.4887086451,3.6622211933,9.2776269913,-20.2032527924,-0.6150090098,0.7876216769,0.0009765923,-0.3260597587,0.4753563106,-0.3156834543,0.0292478800,0.0244557261,0.0554849803,0.4836420715,0.7233836055,-0.0649144650,-0.4887086451,0.0000000000,0.0000000000,0.0000000000,0.0000000000,0.0000000000,0.0000000000,-0.3720816672,0.3628040552,-0.3066499829,0.9851158857,-0.1670461893,-0.0463820696,0.3074185252,0.6654817462,0.1848951578,-0.6547403336,
7035.927,0.1220740378,-0.1831110567,1.0376293659,0.0678731650,0.0029297769,-1.0113834143,-0.1511276662,-0.0396740623,-0.4307992756,0.0031516403,0.0068951668,-0.0134873986,0.0320453271,0.0937115550,-0.9951930642,0.0050097941,3.9063692093,9.5217752457,-20.9967346191,-0.6189153790,0.7857905626,-0.0003662221,-0.3267922103,0.4752342403,-0.3153172433,0.0279238224,0.0249083042,0.0554604717,0.4820876420,0.7238973975,-0.0642588362,-0.4895693660,3.9063692093,9.5217752457,-20.9967346191,-0.6189153790,0.7857905626,-0.0003662221,-0.3267922103,0.4752342403,-0.3153172433,0.0279238224,0.0249083042,0.0554604717,0.4820876420,0.7238973975,-0.0642588362,-0.4895693660,0.0000000000,0.0000000000,0.0000000000,0.0000000000,0.0000000000,0.0000000000,-0.3728141189,0.3637806475,-0.2949308753,0.9851158261,-0.1670466810,-0.0463825464,0.3074932694,0.6654605865,0.1849706918,-0.6547054052,
7035.940,0.1220740378,-0.1220740378,1.0376293659,0.0668965727,0.0030518509,-1.0107730627,-0.1521042585,-0.0384533219,-0.4228644669,0.0021904185,0.0070153414,-0.0128760338,0.0320380144,0.0936593488,-0.9951983690,0.0050064442,4.1505174637,9.9490337372,-21.7291793823,-0.6281930208,0.7860347033,-0.0043946654,-0.3254493773,0.4747459292,-0.3143406510,0.0213246942,0.0275435448,0.0528469235,0.4804902077,0.7244504690,-0.0635260195,-0.4904165268,4.1505174637,9.9490337372,-21.7291793823,-0.6281930208,0.7860347033,-0.0043946654,-0.3254493773,0.4747459292,-0.3143406510,0.0213246942,0.0275435448,0.0528469235,0.4804902077,0.7244504690,-0.0635260195,-0.4904165268,0.0000000000,0.0000000000,0.0000000000,0.0000000000,0.0000000000,0.0000000000,-0.3715933859,0.3652455211,-0.3066499829,0.9851157069,-0.1670471132,-0.0463830233,0.3075424731,0.6654466391,0.1850202978,-0.6546824574,
7035.953,0.1220740378,-0.1831110567,1.0376293659,0.0664082766,0.0040284432,-1.0116275549,-0.1502731442,-0.0396740623,-0.4323862493,0.0017307401,0.0079852343,-0.0137286782,0.0320242234,0.0936267152,-0.9952018261,0.0050007124,5.1271095276,12.0853300095,-22.2785110474,-0.6523636580,0.7883541584,-0.0142826624,-0.3263038993,0.4775536358,-0.3162938356,-0.0000782013,0.0323830843,0.0447888784,0.4788008630,0.7251561880,-0.0626714081,-0.4911353886,5.1271095276,12.0853300095,-22.2785110474,-0.6523636580,0.7883541584,-0.0142826624,-0.3263038993,0.4775536358,-0.3162938356,-0.0000782013,0.0323830843,0.0447888784,0.4788008630,0.7251561880,-0.0626714081,-0.4911353886,0.0000000000,0.0000000000,0.0000000000,0.0000000000,0.0000000000,0.0000000000,-0.3715933859,0.3676870167,-0.2929776907,0.9851154685,-0.1670475751,-0.0463832617,0.3076328039,0.6654210091,0.1851116866,-0.6546401381,
7035.966,0.1220740378,-0.1831110567,1.0376293659,0.0665303543,0.0021973327,-1.0097965002,-0.1512497365,-0.0408948027,-0.4283578098,0.0018800944,0.0061564692,-0.0118958950,0.0320106074,0.0936086178,-0.9952039719,0.0050000171,5.6764426231,13.3671073914,-22.2174739838,-0.6513870955,0.7857905626,-0.0162358470,-0.3280129433,0.4775536358,-0.3134861290,0.0036203861,0.0323410034,0.0448885672,0.4770942628,0.7259395719,-0.0617857277,-0.4917508066,5.6764426231,13.3671073914,-22.2174739838,-0.6513870955,0.7857905626,-0.0162358470,-0.3280129433,0.4775536358,-0.3134861290,0.0036203861,0.0323410034,0.0448885672,0.4770942628,0.7259395719,-0.0617857277,-0.4917508066,0.0000000000,0.0000000000,0.0000000000,0.0000000000,0.0000000000,0.0000000000,-0.3725699782,0.3667104244,-0.2929776907,0.9851154089,-0.1670480669,-0.0463837385,0.3077195287,0.6653964520,0.1851994097,-0.6545995474,
7035.979,0.1220740378,-0.1831110567,1.0376293659,0.0657979101,0.0024414808,-1.0117496252,-0.1519821733,-0.0441908017,-0.4367808998,0.0011790246,0.0064017638,-0.0138469934,0.0319948085,0.0936298817,-0.9952024817,0.0049997983,6.1037020683,14.2826623917,-22.2785110474,-0.6488234997,0.7834711671,-0.0180669576,-0.3285012245,0.4777977765,-0.3123874664,0.0088739991,0.0325531960,0.0452744216,0.4753757715,0.7267798781,-0.0608697720,-0.4922876954,6.1037020683,14.2826623917,-22.2785110474,-0.6488234997,0.7834711671,-0.0180669576,-0.3285012245,0.4777977765,-0.3123874664,0.0088739991,0.0325531960,0.0452744216,0.4753757715,0.7267798781,-0.0608697720,-0.4922876954,0.0000000000,0.0000000000,0.0000000000,0.0000000000,0.0000000000,0.0000000000,-0.3747673035,0.3662221134,-0.2949308753,0.9851154685,-0.1670486033,-0.0463843346,0.3077982068,0.6653742194,0.1852789372,-0.6545627713,
7035.992,0.1220740378,-0.2441480756,1.0986663103,0.0654316843,0.0025635548,-1.0117496252,-0.1541795135,-0.0451673940,-0.4376354218,0.0008564964,0.0065250588,-0.0138441324,0.0319728591,0.0936515257,-0.9952011108,0.0049990490,6.7751092911,15.5644397736,-23.0109558105,-0.6454054117,0.7700430155,-0.0228278451,-0.3292336762,0.4790185392,-0.3155613840,0.0150561929,0.0217690468,0.0429835506,0.4735889137,0.7277119756,-0.0598687902,-0.4927553833,6.7751092911,15.5644397736,-23.0109558105,-0.6454054117,0.7700430155,-0.0228278451,-0.3292336762,0.4790185392,-0.3155613840,0.0150561929,0.0217690468,0.0429835506,0.4735889137,0.7277119756,-0.0598687902,-0.4927553833,0.0000000000,0.0000000000,0.0000000000,0.0000000000,0.0000000000,0.0000000000,-0.3735465705,0.3686636090,-0.2910245061,0.9851151705,-0.1670490354,-0.0463845134,0.3078938127,0.6653470397,0.1853757054,-0.6545178890,
7036.005,0.1220740378,-0.1831110567,1.0376293659,0.0659199804,0.0024414808,-1.0102847815,-0.1541795135,-0.0421155430,-0.4365367591,0.0013747215,0.0064040879,-0.0123773217,0.0319579504,0.0936390385,-0.9952027798,0.0049977908,7.1413311958,16.1137733459,-23.6823635101,-0.6506546140,0.7658925056,-0.0262459181,-0.3322855234,0.4774315655,-0.3145847917,0.0126457214,0.0203674436,0.0421551503,0.4717435241,0.7286868691,-0.0588169992,-0.4932114184,7.1413311958,16.1137733459,-23.6823635101,-0.6506546140,0.7658925056,-0.0262459181,-0.3322855234,0.4774315655,-0.3145847917,0.0126457214,0.0203674436,0.0421551503,0.4717435241,0.7286868691,-0.0588169992,-0.4932114184,0.0000000000,0.0000000000,0.0000000000,0.0000000000,0.0000000000,0.0000000000,-0.3730582595,0.3691518903,-0.2910245061,0.9851150513,-0.1670495570,-0.0463849306,0.3079905510,0.6653196216,0.1854736060,-0.6544725299,
7036.018,0.1220740378,-0.1831110567,1.0376293659,0.0655537620,0.0023194067,-1.0104068518,-0.1551561058,-0.0401623584,-0.4409314394,0.0010401160,0.0062837093,-0.0124973655,0.0319423191,0.0935974419,-0.9952073097,0.0049958141,7.4465165138,16.8462181091,-24.2927341461,-0.6610308886,0.7640613914,-0.0345469527,-0.3338724971,0.4771874249,-0.3150731027,0.0051776767,0.0213926435,0.0366003402,0.4698446095,0.7297181487,-0.0576953106,-0.4936318398,7.4465165138,16.8462181091,-24.2927341461,-0.6610308886,0.7640613914,-0.0345469527,-0.3338724971,0.4771874249,-0.3150731027,0.0051776767,0.0213926435,0.0366003402,0.4698446095,0.7297181487,-0.0576953106,-0.4936318398,0.0000000000,0.0000000000,0.0000000000,0.0000000000,0.0000000000,0.0000000000,-0.3733024001,0.3623157442,-0.2910245061,0.9851149917,-0.1670500636,-0.0463853478,0.3080683649,0.6652975678,0.1855522692,-0.6544360518,
7036.031,0.1220740378,-0.1220740378,1.0376293659,0.0646992400,0.0035401471,-1.0111392736,-0.1536912173,-0.0411389507,-0.4316537976,0.0002108663,0.0075001107,-0.0132281780,0.0319300368,0.0935751274,-0.9952097535,0.0049917507,8.0568866730,18.8604393005,-25.0862140656,-0.6698202491,0.7577135563,-0.0483413190,-0.3357036114,0.4740134776,-0.3128757477,-0.0006250739,0.0180428028,0.0259250551,0.4678564370,0.7308822870,-0.0564590283,-0.4939404428,8.0568866730,18.8604393005,-25.0862140656,-0.6698202491,0.7577135563,-0.0483413190,-0.3357036114,0.4740134776,-0.3128757477,-0.0006250739,0.0180428028,0.0259250551,0.4678564370,0.7308822870,-0.0564590283,-0.4939404428,0.0000000000,0.0000000000,0.0000000000,0.0000000000,0.0000000000,0.0000000000,-0.3735465705,0.3647572398,-0.2968840599,0.9851149321,-0.1670505106,-0.0463857651,0.3081369698,0.6652780771,0.1856216043,-0.6544039249,
7036.044,0.1220740378,-0.1220740378,1.0376293659,0.0638447255,0.0040284432,-1.0105289221,-0.1541795135,-0.0388195440,-0.4301889241,-0.0006145015,0.0079816598,-0.0126159191,0.0319160894,0.0935215354,-0.9952152967,0.0049853032,8.2399978638,19.5928821564,-25.2693252563,-0.6733604074,0.7538071871,-0.0520035401,-0.3393658400,0.4771874249,-0.3222754598,-0.0011843443,0.0171786547,0.0254990980,0.4658477902,0.7320853472,-0.0551879369,-0.4942008853,8.2399978638,19.5928821564,-25.2693252563,-0.6733604074,0.7538071871,-0.0520035401,-0.3393658400,0.4771874249,-0.3222754598,-0.0011843443,0.0171786547,0.0254990980,0.4658477902,0.7320853472,-0.0551879369,-0.4942008853,0.0000000000,0.0000000000,0.0000000000,0.0000000000,0.0000000000,0.0000000000,-0.3737907112,0.3691518903,-0.2949308753,0.9851148129,-0.1670510024,-0.0463861823,0.3082218766,0.6652539372,0.1857074946,-0.6543641090,
7036.057,0.1220740378,-0.0610370189,0.9765923023,0.0633564293,0.0025635548,-1.0104068518,-0.1534470618,-0.0410168767,-0.4359263778,-0.0010820925,0.0065166033,-0.0124924779,0.0319058709,0.0935030133,-0.9952173233,0.0049836547,8.3010349274,19.9591045380,-25.5134735107,-0.6750694513,0.7500228882,-0.0548112430,-0.3389995992,0.4782860875,-0.3215430081,0.0000877380,0.0164816976,0.0259825550,0.4638402164,0.7333065867,-0.0538676791,-0.4944242835,8.3010349274,19.9591045380,-25.5134735107,-0.6750694513,0.7500228882,-0.0548112430,-0.3389995992,0.4782860875,-0.3215430081,0.0000877380,0.0164816976,0.0259825550,0.4638402164,0.7333065867,-0.0538676791,-0.4944242835,0.0000000000,0.0000000000,0.0000000000,0.0000000000,0.0000000000,0.0000000000,-0.3725699782,0.3691518903,-0.3066499829,0.9851147532,-0.1670514345,-0.0463866591,0.3082772493,0.6652382016,0.1857633889,-0.6543381810,
7036.070,0.1220740378,0.0000000000,0.9765923023,0.0649433881,0.0030518509,-1.0097965002,-0.1556444019,-0.0429700613,-0.4351939559,0.0005067959,0.0070023113,-0.0118820071,0.0319050178,0.0935039371,-0.9952173829,0.0049823034,8.2399978638,20.5694751740,-26.3679924011,-0.6742148995,0.7412335873,-0.0614032410,-0.3405865729,0.4796288908,-0.3233741224,0.0040009618,0.0109019279,0.0227699019,0.4618021846,0.7345603108,-0.0524525419,-0.4946232736,8.2399978638,20.5694751740,-26.3679924011,-0.6742148995,0.7412335873,-0.0614032410,-0.3405865729,0.4796288908,-0.3233741224,0.0040009618,0.0109019279,0.0227699019,0.4618021846,0.7345603108,-0.0524525419,-0.4946232736,0.0000000000,0.0000000000,0.0000000000,0.0000000000,0.0000000000,0.0000000000,-0.3725699782,0.3711050749,-0.2968840599,0.9851145148,-0.1670518965,-0.0463868976,0.3083622158,0.6652140021,0.1858493686,-0.6542982459,
7036.083,0.1220740378,0.0000000000,0.9765923023,0.0644550920,0.0024414808,-1.0110172033,-0.1569872200,-0.0422376171,-0.4325083196,0.0000232607,0.0063923937,-0.0131024122,0.0319026895,0.0934921503,-0.9952183962,0.0049819294,7.9958496094,20.2642898560,-27.0394001007,-0.6772667766,0.7379375696,-0.0655537620,-0.3418073058,0.4803613424,-0.3245948553,0.0040706396,0.0109107494,0.0219420120,0.4597539902,0.7357934117,-0.0509838685,-0.4948518574,7.9958496094,20.2642898560,-27.0394001007,-0.6772667766,0.7379375696,-0.0655537620,-0.3418073058,0.4803613424,-0.3245948553,0.0040706396,0.0109107494,0.0219420120,0.4597539902,0.7357934117,-0.0509838685,-0.4948518574,0.0000000000,0.0000000000,0.0000000000,0.0000000000,0.0000000000,0.0000000000,-0.3733024001,0.3681752980,-0.2949308753,0.9851145148,-0.1670523584,-0.0463873744,0.3084436655,0.6651908159,0.1859317571,-0.6542600393,
7036.096,0.1220740378,0.0610370189,0.9765923023,0.0643330216,0.0012207404,-1.0094301701,-0.1492965519,-0.0406506546,-0.4371471405,-0.0001046658,0.0051781270,-0.0115157962,0.0319053568,0.0934805274,-0.9952196479,0.0049850531,7.6906642914,19.9591045380,-27.7108058929,-0.6870326996,0.7350077629,-0.0703146458,-0.3457136750,0.4748679996,-0.3239845037,-0.0024946928,0.0113960505,0.0204402804,0.4576710165,0.7370021939,-0.0494840369,-0.4951361120,7.6906642914,19.9591045380,-27.7108058929,-0.6870326996,0.7350077629,-0.0703146458,-0.3457136750,0.4748679996,-0.3239845037,-0.0024946928,0.0113960505,0.0204402804,0.4576710165,0.7370021939,-0.0494840369,-0.4951361120,0.0000000000,0.0000000000,0.0000000000,0.0000000000,0.0000000000,0.0000000000,-0.3715933859,0.3686636090,-0.2968840599,0.9851144552,-0.1670527905,-0.0463879108,0.3085219264,0.6651685238,0.1860109121,-0.6542233229,
7036.109,0.1831110567,0.0610370189,1.0376293659,0.0634784997,0.0024414808,-1.0101627111,-0.1539353579,-0.0426038392,-0.4361705482,-0.0009604692,0.0064105960,-0.0122484565,0.0319054760,0.0934763029,-0.9952198267,0.0049908203,7.4465165138,20.2642898560,-28.1991024017,-0.7058320642,0.7312234640,-0.0773949400,-0.3469344079,0.4766991138,-0.3276467323,-0.0180248022,0.0111413002,0.0166464075,0.4555713236,0.7382207513,-0.0478971712,-0.4954130650,7.4465165138,20.2642898560,-28.1991024017,-0.7058320642,0.7312234640,-0.0773949400,-0.3469344079,0.4766991138,-0.3276467323,-0.0180248022,0.0111413002,0.0166464075,0.4555713236,0.7382207513,-0.0478971712,-0.4954130650,0.0000000000,0.0000000000,0.0000000000,0.0000000000,0.0000000000,0.0000000000,-0.3733024001,0.3706167936,-0.3066499829,0.9851143360,-0.1670532674,-0.0463882685,0.3085792661,0.6651521921,0.1860687882,-0.6541964412,
7036.122,0.1220740378,0.0610370189,0.9765923023,0.0665303543,0.0021973327,-1.0106509924,-0.1551561058,-0.0391857661,-0.4351939559,0.0020751804,0.0061680116,-0.0127378106,0.0319137163,0.0934293345,-0.9952239394,0.0049908534,7.5685901642,20.7525863647,-28.1991024017,-0.7074190378,0.7271950245,-0.0802026466,-0.3452253938,0.4807275534,-0.3226416707,-0.0163831711,0.0106611848,0.0172041878,0.4534981251,0.7394646406,-0.0462475754,-0.4956168234,7.5685901642,20.7525863647,-28.1991024017,-0.7074190378,0.7271950245,-0.0802026466,-0.3452253938,0.4807275534,-0.3226416707,-0.0163831711,0.0106611848,0.0172041878,0.4534981251,0.7394646406,-0.0462475754,-0.4956168234,0.0000000000,0.0000000000,0.0000000000,0.0000000000,0.0000000000,0.0000000000,-0.3730582595,0.3681752980,-0.2929776907,0.9851142168,-0.1670537591,-0.0463886261,0.3086648285,0.6651278138,0.1861553639,-0.6541562080,
7036.135,0.1220740378,0.0610370189,0.9765923023,0.0664082766,0.0028077029,-1.0106509924,-0.1514938772,-0.0400402844,-0.4381237328,0.0019375682,0.0067769261,-0.0127388239,0.0319216587,0.0934032723,-0.9952261448,0.0049900208,7.6296272278,21.2408828735,-28.4432506561,-0.7077852488,0.7207251191,-0.0800805688,-0.3494979739,0.4799951315,-0.3203222752,-0.0135276318,0.0077890158,0.0207494497,0.4514146149,0.7407245040,-0.0445633978,-0.4957921207,7.6296272278,21.2408828735,-28.4432506561,-0.7077852488,0.7207251191,-0.0800805688,-0.3494979739,0.4799951315,-0.3203222752,-0.0135276318,0.0077890158,0.0207494497,0.4514146149,0.7407245040,-0.0445633978,-0.4957921207,0.0000000000,0.0000000000,0.0000000000,0.0000000000,0.0000000000,0.0000000000,-0.3730582595,0.3696402013,-0.2968840599,0.9851140976,-0.1670542657,-0.0463891029,0.3087437451,0.6651053429,0.1862351745,-0.6541191339,
7036.148,0.1220740378,0.0610370189,1.0376293659,0.0676290169,0.0030518509,-1.0105289221,-0.1527146250,-0.0418713950,-0.4327524602,0.0031368583,0.0070191100,-0.0126180649,0.0319324918,0.0933940113,-0.9952266812,0.0049897507,7.7517013550,22.2174739838,-29.1756954193,-0.7010712028,0.7116916180,-0.0885036811,-0.3487655222,0.4843897820,-0.3244727850,-0.0035637021,0.0024560094,0.0159199312,0.4493113160,0.7420417070,-0.0427716486,-0.4958906472,7.7517013550,22.2174739838,-29.1756954193,-0.7010712028,0.7116916180,-0.0885036811,-0.3487655222,0.4843897820,-0.3244727850,-0.0035637021,0.0024560094,0.0159199312,0.4493113160,0.7420417070,-0.0427716486,-0.4958906472,0.0000000000,0.0000000000,0.0000000000,0.0000000000,0.0000000000,0.0000000000,-0.3718375266,0.3696402013,-0.2968840599,0.9851140380,-0.1670547426,-0.0463894010,0.3088229597,0.6650827527,0.1863152832,-0.6540818810,
7036.161,0.1220740378,0.0000000000,1.0376293659,0.0679952428,0.0035401471,-1.0102847815,-0.1547898799,-0.0439466536,-0.4400769174,0.0034904853,0.0075030401,-0.0123747587,0.0319389254,0.0934040099,-0.9952255487,0.0049884873,7.5685901642,21.9733276367,-29.5419178009,-0.6986297369,0.7063204050,-0.0938749388,-0.3508407772,0.4799951315,-0.3236182630,0.0021336079,0.0008385777,0.0141084120,0.4471966326,0.7433415651,-0.0409692712,-0.4960075319,7.5685901642,21.9733276367,-29.5419178009,-0.6986297369,0.7063204050,-0.0938749388,-0.3508407772,0.4799951315,-0.3236182630,0.0021336079,0.0008385777,0.0141084120,0.4471966326,0.7433415651,-0.0409692712,-0.4960075319,0.0000000000,0.0000000000,0.0000000000,0.0000000000,0.0000000000,0.0000000000,-0.3725699782,0.3720816672,-0.2968840599,0.9851139188,-0.1670552194,-0.0463898778,0.3089077771,0.6650585532,0.1864010990,-0.6540420055,
7036.174,0.1220740378,0.0000000000,0.9765923023,0.0675069466,0.0059816279,-1.0122379065,-0.1540574431,-0.0438245796,-0.4387340844,0.0029926449,0.0099274833,-0.0143283606,0.0319443941,0.0934203938,-0.9952238798,0.0049809753,7.1413311958,21.4239940643,-29.7250289917,-0.7009491324,0.7004608512,-0.1027863398,-0.3551133871,0.4792626798,-0.3267922103,0.0030711889,-0.0012266040,0.0086719915,0.4450835288,0.7446065545,-0.0391642973,-0.4961567223,7.1413311958,21.4239940643,-29.7250289917,-0.7009491324,0.7004608512,-0.1027863398,-0.3551133871,0.4792626798,-0.3267922103,0.0030711889,-0.0012266040,0.0086719915,0.4450835288,0.7446065545,-0.0391642973,-0.4961567223,0.0000000000,0.0000000000,0.0000000000,0.0000000000,0.0000000000,0.0000000000,-0.3713492155,0.3671987057,-0.2968840599,0.9851138592,-0.1670556813,-0.0463904142,0.3089799583,0.6650379300,0.1864740700,-0.6540080905,
7036.187,0.1220740378,-0.0610370189,0.9765923023,0.0678731650,0.0040284432,-1.0118716955,-0.1584521085,-0.0405285805,-0.4351939559,0.0033580959,0.0079669710,-0.0139622092,0.0319453105,0.0933825299,-0.9952273965,0.0049761469,6.1037020683,19.4708099365,-29.7250289917,-0.6964324117,0.6843470335,-0.1052278206,-0.3541367948,0.4797509611,-0.3219092488,0.0108625293,-0.0135335922,0.0093485191,0.4430469573,0.7457457781,-0.0373480730,-0.4964083135,6.1037020683,19.4708099365,-29.7250289917,-0.6964324117,0.6843470335,-0.1052278206,-0.3541367948,0.4797509611,-0.3219092488,0.0108625293,-0.0135335922,0.0093485191,0.4430469573,0.7457457781,-0.0373480730,-0.4964083135,0.0000000000,0.0000000000,0.0000000000,0.0000000000,0.0000000000,0.0000000000,-0.3737907112,0.3706167936,-0.2968840599,0.9851137996,-0.1670561433,-0.0463908911,0.3090594411,0.6650152206,0.1865544617,-0.6539707184,
7036.200,0.0610370189,-0.0610370189,0.9765923023,0.0676290169,0.0025635548,-1.0102847815,-0.1530808508,-0.0421155430,-0.4371471405,0.0031138510,0.0064913677,-0.0123752952,0.0319458731,0.0933797136,-0.9952276945,0.0049707247,5.3102207184,17.6396980286,-29.9081401825,-0.6919156313,0.6790978909,-0.1046174541,-0.3606067002,0.4786522985,-0.3299661279,0.0186689496,-0.0149661303,0.0127460882,0.4410361052,0.7467652559,-0.0355912410,-0.4967951179,5.3102207184,17.6396980286,-29.9081401825,-0.6919156313,0.6790978909,-0.1046174541,-0.3606067002,0.4786522985,-0.3299661279,0.0186689496,-0.0149661303,0.0127460882,0.4410361052,0.7467652559,-0.0355912410,-0.4967951179,0.0000000000,0.0000000000,0.0000000000,0.0000000000,0.0000000000,0.0000000000,-0.3735465705,0.3671987057,-0.3086031675,0.9851136804,-0.1670566201,-0.0463913679,0.3091000319,0.6650035977,0.1865953207,-0.6539517045,
7036.213,0.1220740378,-0.0610370189,0.9765923023,0.0648213178,0.0026856288,-1.0110172033,-0.1527146250,-0.0429700613,-0.4360484779,0.0003201142,0.0066128178,-0.0131068230,0.0319388956,0.0933897048,-0.9952269793,0.0049700807,4.5167393684,15.0761432648,-30.3964347839,-0.6883754730,0.6733604074,-0.0966826379,-0.3618274629,0.4799951315,-0.3211767972,0.0255755186,-0.0168399215,0.0230092704,0.4390890300,0.7476261854,-0.0338308662,-0.4973478317,4.5167393684,15.0761432648,-30.3964347839,-0.6883754730,0.6733604074,-0.0966826379,-0.3618274629,0.4799951315,-0.3211767972,0.0255755186,-0.0168399215,0.0230092704,0.4390890300,0.7476261854,-0.0338308662,-0.4973478317,0.0000000000,0.0000000000,0.0000000000,0.0000000000,0.0000000000,0.0000000000,-0.3730582595,0.3720816672,-0.2929776907,0.9851136208,-0.1670570821,-0.0463917255,0.3091932833,0.6649769545,0.1866897196,-0.6539077759,
7036.226,0.1220740378,0.0000000000,0.9765923023,0.0664082766,0.0030518509,-1.0107730627,-0.1518601030,-0.0407727286,-0.4412976503,0.0019024238,0.0069766054,-0.0128629208,0.0319414102,0.0933719873,-0.9952285886,0.0049685170,3.1739249229,9.8269596100,-31.9833984375,-0.7004608512,0.6661580205,-0.0924100503,-0.3615832925,0.4786522985,-0.3222754598,0.0171648860,-0.0199598074,0.0287641957,0.4371469617,0.7481986880,-0.0320805833,-0.4983125627,3.1739249229,9.8269596100,-31.9833984375,-0.7004608512,0.6661580205,-0.0924100503,-0.3615832925,0.4786522985,-0.3222754598,0.0171648860,-0.0199598074,0.0287641957,0.4371469617,0.7481986880,-0.0320805833,-0.4983125627,0.0000000000,0.0000000000,0.0000000000,0.0000000000,0.0000000000,0.0000000000,-0.3737907112,0.3701284826,-0.2929776907,0.9851134419,-0.1670575738,-0.0463920236,0.3092804849,0.6649519801,0.1867779791,-0.6538666487,
7036.239,0.1220740378,0.0000000000,0.9765923023,0.0653096139,0.0026856288,-1.0113834143,-0.1494186223,-0.0407727286,-0.4315317273,0.0008047521,0.0066097761,-0.0134732127,0.0319409892,0.0933637843,-0.9952293634,0.0049679056,2.8077027798,7.7517013550,-32.6548042297,-0.7155979872,0.6649372578,-0.0961943418,-0.3619495332,0.4792626798,-0.3221533895,0.0058215261,-0.0169778466,0.0261688083,0.4351954162,0.7486693859,-0.0303150788,-0.4994230270,2.8077027798,7.7517013550,-32.6548042297,-0.7155979872,0.6649372578,-0.0961943418,-0.3619495332,0.4792626798,-0.3221533895,0.0058215261,-0.0169778466,0.0261688083,0.4351954162,0.7486693859,-0.0303150788,-0.4994230270,0.0000000000,0.0000000000,0.0000000000,0.0000000000,0.0000000000,0.0000000000,-0.3742789924,0.3667104244,-0.2968840599,0.9851133227,-0.1670580506,-0.0463923812,0.3093478084,0.6649327278,0.1868460178,-0.6538349390,
7036.252,0.1220740378,0.0000000000,0.9765923023,0.0644550920,0.0015869625,-1.0108951330,-0.1562547684,-0.0451673940,-0.4351939559,-0.0000447631,0.0055159288,-0.0129846334,0.0319381207,0.0933918208,-0.9952269197,0.0049709692,2.5635547638,6.5309610367,-33.0210266113,-0.7314676642,0.6633503437,-0.1060823426,-0.3676870167,0.4782860875,-0.3255714476,-0.0061921477,-0.0142720938,0.0173275247,0.4332089126,0.7490877509,-0.0285637788,-0.5006247163,2.5635547638,6.5309610367,-33.0210266113,-0.7314676642,0.6633503437,-0.1060823426,-0.3676870167,0.4782860875,-0.3255714476,-0.0061921477,-0.0142720938,0.0173275247,0.4332089126,0.7490877509,-0.0285637788,-0.5006247163,0.0000000000,0.0000000000,0.0000000000,0.0000000000,0.0000000000,0.0000000000,-0.3735465705,0.3696402013,-0.2968840599,0.9851132631,-0.1670585424,-0.0463927984,0.3094229996,0.6649112105,0.1869220585,-0.6537995338,
7036.265,0.1220740378,0.0000000000,0.9765923023,0.0643330216,0.0018311106,-1.0100406408,-0.1528366953,-0.0424817652,-0.4298226833,-0.0001614839,0.0057636546,-0.0121298432,0.0319352672,0.0933964103,-0.9952265024,0.0049726483,2.4414808750,6.5919981003,-32.9599914551,-0.7586901188,0.6607867479,-0.1257362664,-0.3674428463,0.4807275534,-0.3220313191,-0.0295531154,-0.0124716759,-0.0012026131,0.4312184751,0.7495300174,-0.0267408267,-0.5017806292,2.4414808750,6.5919981003,-32.9599914551,-0.7586901188,0.6607867479,-0.1257362664,-0.3674428463,0.4807275534,-0.3220313191,-0.0295531154,-0.0124716759,-0.0012026131,0.4312184751,0.7495300174,-0.0267408267,-0.5017806292,0.0000000000,0.0000000000,0.0000000000,0.0000000000,0.0000000000,0.0000000000,-0.3747673035,0.3735465705,-0.2968840599,0.9851132035,-0.1670590192,-0.0463932753,0.3095073700,0.6648870707,0.1870074421,-0.6537597775,
7036.278,0.1220740378,0.0000000000,0.9765923023,0.0642109439,0.0030518509,-1.0102847815,-0.1535691470,-0.0446790978,-0.4354380965,-0.0002775639,0.0069819246,-0.0123735666,0.0319322459,0.0934261754,-0.9952237606,0.0049720923,2.4414808750,7.0192570686,-32.7768783569,-0.7608875036,0.6548051238,-0.1251258850,-0.3702505529,0.4808496237,-0.3226416707,-0.0279461145,-0.0140897632,0.0005816221,0.4292420447,0.7499848008,-0.0249009859,-0.5028891563,2.4414808750,7.0192570686,-32.7768783569,-0.7608875036,0.6548051238,-0.1251258850,-0.3702505529,0.4808496237,-0.3226416707,-0.0279461145,-0.0140897632,0.0005816221,0.4292420447,0.7499848008,-0.0249009859,-0.5028891563,0.0000000000,0.0000000000,0.0000000000,0.0000000000,0.0000000000,0.0000000000,-0.3735465705,0.3686636090,-0.2949308753,0.9851131439,-0.1670595109,-0.0463936329,0.3095842004,0.6648650765,0.1870851517,-0.6537235379,
7036.291,0.1220740378,0.0000000000,0.9765923023,0.0653096139,0.0046388134,-1.0100406408,-0.1550340354,-0.0393078402,-0.4367808998,0.0008215755,0.0085585807,-0.0121293068,0.0319327153,0.0933814198,-0.9952279925,0.0049655009,2.3194067478,6.7751092911,-32.7158432007,-0.7593005300,0.6458937526,-0.1197546348,-0.3730582595,0.4790185392,-0.3255714476,-0.0225812793,-0.0186280012,0.0070559159,0.4272758365,0.7504109144,-0.0230716243,-0.5040139556,2.3194067478,6.7751092911,-32.7158432007,-0.7593005300,0.6458937526,-0.1197546348,-0.3730582595,0.4790185392,-0.3255714476,-0.0225812793,-0.0186280012,0.0070559159,0.4272758365,0.7504109144,-0.0230716243,-0.5040139556,0.0000000000,0.0000000000,0.0000000000,0.0000000000,0.0000000000,0.0000000000,-0.3733024001,0.3715933859,-0.2929776907,0.9851129651,-0.1670599729,-0.0463940501,0.3096735775,0.6648394465,0.1871756315,-0.6536813378,
7036.304,0.1220740378,0.0610370189,0.9765923023,0.0656758323,0.0028077029,-1.0106509924,-0.1549119502,-0.0452894680,-0.4351939559,0.0011760369,0.0067262752,-0.0127404928,0.0319384672,0.0934151188,-0.9952245951,0.0049665389,1.6479995251,3.7842950821,-33.5093231201,-0.7632068992,0.6313669086,-0.1059602648,-0.3714712858,0.4809717238,-0.3271584213,-0.0225459933,-0.0286480188,0.0214235038,0.4253373444,0.7506563067,-0.0212227777,-0.5053674579,1.6479995251,3.7842950821,-33.5093231201,-0.7632068992,0.6313669086,-0.1059602648,-0.3714712858,0.4809717238,-0.3271584213,-0.0225459933,-0.0286480188,0.0214235038,0.4253373444,0.7506563067,-0.0212227777,-0.5053674579,0.0000000000,0.0000000000,0.0000000000,0.0000000000,0.0000000000,0.0000000000,-0.3735465705,0.3715933859,-0.3066499829,0.9851129055,-0.1670604199,-0.0463944674,0.3097275198,0.6648239493,0.1872300953,-0.6536559463,
7036.317,0.1220740378,0.0610370189,0.9765923023,0.0660420582,0.0024414808,-1.0116275549,-0.1556444019,-0.0443128757,-0.4365367591,0.0015290529,0.0063606864,-0.0137178898,0.0319449306,0.0934335068,-0.9952227473,0.0049680634,1.3428144455,2.1362955570,-34.0586547852,-0.7745597959,0.6259956956,-0.1092562675,-0.3763542473,0.4818262160,-0.3266701400,-0.0298686624,-0.0294029713,0.0184638500,0.4233832657,0.7508185506,-0.0193657354,-0.5068397522,1.3428144455,2.1362955570,-34.0586547852,-0.7745597959,0.6259956956,-0.1092562675,-0.3763542473,0.4818262160,-0.3266701400,-0.0298686624,-0.0294029713,0.0184638500,0.4233832657,0.7508185506,-0.0193657354,-0.5068397522,0.0000000000,0.0000000000,0.0000000000,0.0000000000,0.0000000000,0.0000000000,-0.3730582595,0.3701284826,-0.2949308753,0.9851126671,-0.1670608670,-0.0463947058,0.3098073602,0.6648010015,0.1873108894,-0.6536182165,
7036.330,0.1220740378,0.0610370189,0.9765923023,0.0673848689,0.0024414808,-1.0105289221,-0.1557664722,-0.0456556901,-0.4383678734,0.0028517693,0.0063613057,-0.0126205683,0.0319547430,0.0934681892,-0.9952191114,0.0049704276,1.1597033739,1.0986663103,-34.4248771667,-0.7872554660,0.6239203811,-0.1162144840,-0.3776970804,0.4813379347,-0.3231299818,-0.0384897590,-0.0267784595,0.0117141902,0.4214244187,0.7509342432,-0.0174822304,-0.5083671212,1.1597033739,1.0986663103,-34.4248771667,-0.7872554660,0.6239203811,-0.1162144840,-0.3776970804,0.4813379347,-0.3231299818,-0.0384897590,-0.0267784595,0.0117141902,0.4214244187,0.7509342432,-0.0174822304,-0.5083671212,0.0000000000,0.0000000000,0.0000000000,0.0000000000,0.0000000000,0.0000000000,-0.3737907112,0.3725699782,-0.2949308753,0.9851125479,-0.1670613587,-0.0463951826,0.3098928332,0.6647764444,0.1873973906,-0.6535778642,
7036.343,0.1220740378,0.0610370189,0.9765923023,0.0671407208,0.0030518509,-1.0101627111,-0.1534470618,-0.0427259132,-0.4367808998,0.0025887042,0.0069692763,-0.0122555494,0.0319642648,0.0934721828,-0.9952184558,0.0049702479,1.2207404375,1.5259255171,-34.6079902649,-0.8078860044,0.6162297726,-0.1297647059,-0.3818475902,0.4798730314,-0.3188574016,-0.0550307631,-0.0296671987,-0.0015062988,0.4194266200,0.7510865331,-0.0155392904,-0.5098549724,1.2207404375,1.5259255171,-34.6079902649,-0.8078860044,0.6162297726,-0.1297647059,-0.3818475902,0.4798730314,-0.3188574016,-0.0550307631,-0.0296671987,-0.0015062988,0.4194266200,0.7510865331,-0.0155392904,-0.5098549724,0.0000000000,0.0000000000,0.0000000000,0.0000000000,0.0000000000,0.0000000000,-0.3728141189,0.3711050749,-0.2949308753,0.9851126075,-0.1670618802,-0.0463957787,0.3099746108,0.6647530198,0.1874801219,-0.6535393000,
7036.356,0.1220740378,0.0610370189,0.9765923023,0.0686056092,0.0042725913,-1.0096743107,-0.1551561058,-0.0400402844,-0.4336069822,0.0040274113,0.0081815924,-0.0117688179,0.0319778882,0.0934370756,-0.9952213168,0.0049661524,1.3428144455,2.3804438114,-34.6690254211,-0.8164311647,0.6104922891,-0.1326944828,-0.3827021122,0.4820703864,-0.3202002048,-0.0595197082,-0.0305534601,-0.0039698482,0.4174268544,0.7512808442,-0.0135312984,-0.5112655759,1.3428144455,2.3804438114,-34.6690254211,-0.8164311647,0.6104922891,-0.1326944828,-0.3827021122,0.4820703864,-0.3202002048,-0.0595197082,-0.0305534601,-0.0039698482,0.4174268544,0.7512808442,-0.0135312984,-0.5112655759,0.0000000000,0.0000000000,0.0000000000,0.0000000000,0.0000000000,0.0000000000,-0.3740348518,0.3701284826,-0.2949308753,0.9851123095,-0.1670623273,-0.0463958979,0.3100526333,0.6647305489,0.1875590831,-0.6535023451,
7036.369,0.1220740378,0.0000000000,0.9765923023,0.0686056092,0.0041505173,-1.0119937658,-0.1518601030,-0.0395519882,-0.4327524602,0.0040127710,0.0080517884,-0.0140891671,0.0319857113,0.0934050456,-0.9952240586,0.0049619600,1.4648884535,3.2349619865,-34.7300643921,-0.8244880438,0.6081728339,-0.1320841163,-0.3855098188,0.4820703864,-0.3255714476,-0.0635632873,-0.0279847383,-0.0027738661,0.4154132903,0.7515095472,-0.0114934435,-0.5126174688,1.4648884535,3.2349619865,-34.7300643921,-0.8244880438,0.6081728339,-0.1320841163,-0.3855098188,0.4820703864,-0.3255714476,-0.0635632873,-0.0279847383,-0.0027738661,0.4154132903,0.7515095472,-0.0114934435,-0.5126174688,0.0000000000,0.0000000000,0.0000000000,0.0000000000,0.0000000000,0.0000000000,-0.3723258078,0.3662221134,-0.3086031675,0.9851123691,-0.1670627594,-0.0463963747,0.3100863397,0.6647208929,0.1875929683,-0.6534865499,
7036.382,0.1220740378,0.0000000000,0.9765923023,0.0687276870,0.0018311106,-1.0113834143,-0.1543015838,-0.0407727286,-0.4327524602,0.0041194558,0.0057361270,-0.0134798288,0.0319933183,0.0933822766,-0.9952259660,0.0049638147,2.1973326206,5.5543684959,-34.7910995483,-0.8464613557,0.6014587879,-0.1246375963,-0.3945432901,0.4813379347,-0.3250831664,-0.0815599561,-0.0297200680,0.0056030825,0.4133338034,0.7518481612,-0.0093903458,-0.5138431787,2.1973326206,5.5543684959,-34.7910995483,-0.8464613557,0.6014587879,-0.1246375963,-0.3945432901,0.4813379347,-0.3250831664,-0.0815599561,-0.0297200680,0.0056030825,0.4133338034,0.7518481612,-0.0093903458,-0.5138431787,0.0000000000,0.0000000000,0.0000000000,0.0000000000,0.0000000000,0.0000000000,-0.3728141189,0.3696402013,-0.2968840599,0.9851122499,-0.1670632511,-0.0463967919,0.3101582229,0.6647002101,0.1876656562,-0.6534525752,
7036.395,0.1220740378,-0.0610370189,0.9765923023,0.0673848689,0.0028077029,-1.0115054846,-0.1543015838,-0.0394299142,-0.4349497855,0.0027786121,0.0067116292,-0.0136017799,0.0319925882,0.0933415964,-0.9952297807,0.0049618715,2.9297769070,7.5075531006,-34.7910995483,-0.8507339954,0.5954771638,-0.1253700405,-0.3958860934,0.4802392721,-0.3263038993,-0.0819315910,-0.0306779146,0.0061435550,0.4112103581,0.7522951961,-0.0072359126,-0.5149264336,2.9297769070,7.5075531006,-34.7910995483,-0.8507339954,0.5954771638,-0.1253700405,-0.3958860934,0.4802392721,-0.3263038993,-0.0819315910,-0.0306779146,0.0061435550,0.4112103581,0.7522951961,-0.0072359126,-0.5149264336,0.0000000000,0.0000000000,0.0000000000,0.0000000000,0.0000000000,0.0000000000,-0.3742789924,0.3671987057,-0.2949308753,0.9851120710,-0.1670637578,-0.0463971496,0.3102274537,0.6646803021,0.1877356470,-0.6534198523,
7036.408,0.1220740378,-0.0610370189,0.9765923023,0.0677510947,0.0019531846,-1.0118716955,-0.1533249915,-0.0410168767,-0.4344615042,0.0031451210,0.0058602481,-0.0139679313,0.0319923870,0.0933247134,-0.9952313900,0.0049628778,3.6011841297,9.3386640549,-34.7300643921,-0.8476821184,0.5882747769,-0.1309854388,-0.3963744044,0.4814600050,-0.3264259696,-0.0750724077,-0.0328305960,0.0021473765,0.4090600908,0.7528509498,-0.0050235321,-0.5158521533,3.6011841297,9.3386640549,-34.7300643921,-0.8476821184,0.5882747769,-0.1309854388,-0.3963744044,0.4814600050,-0.3264259696,-0.0750724077,-0.0328305960,0.0021473765,0.4090600908,0.7528509498,-0.0050235321,-0.5158521533,0.0000000000,0.0000000000,0.0000000000,0.0000000000,0.0000000000,0.0000000000,-0.3713492155,0.3691518903,-0.2910245061,0.9851121902,-0.1670642644,-0.0463977456,0.3103134036,0.6646556258,0.1878226399,-0.6533792615,
7036.421,0.1220740378,-0.1220740378,0.9765923023,0.0657979101,0.0054933317,-1.0111392736,-0.1532029212,-0.0412610248,-0.4307992756,0.0012122020,0.0093860282,-0.0132341981,0.0319830142,0.0933126360,-0.9952328801,0.0049543860,4.6388134956,12.0242929459,-34.3638420105,-0.8581804633,0.5742362738,-0.1334269196,-0.3947874308,0.4796288908,-0.3228858411,-0.0818688869,-0.0417782068,0.0018064827,0.4068613052,0.7535601854,-0.0027348248,-0.5165725350,4.6388134956,12.0242929459,-34.3638420105,-0.8581804633,0.5742362738,-0.1334269196,-0.3947874308,0.4796288908,-0.3228858411,-0.0818688869,-0.0417782068,0.0018064827,0.4068613052,0.7535601854,-0.0027348248,-0.5165725350,0.0000000000,0.0000000000,0.0000000000,0.0000000000,0.0000000000,0.0000000000,-0.3725699782,0.3720816672,-0.2949308753,0.9851118922,-0.1670646816,-0.0463979840,0.3103956878,0.6646318436,0.1879059374,-0.6533402801,
7036.434,0.1220740378,-0.1220740378,0.9765923023,0.0650654659,0.0008545183,-1.0121158361,-0.1532029212,-0.0395519882,-0.4364146888,0.0005038381,0.0047558225,-0.0142092109,0.0319707878,0.0932765529,-0.9952366352,0.0049563861,5.2491836548,13.6112556458,-34.0586547852,-0.8651387095,0.5714285970,-0.1351359636,-0.4002807736,0.4782860875,-0.3291116059,-0.0852339864,-0.0394977927,0.0024778098,0.4046207070,0.7543541789,-0.0004561170,-0.5171800256,5.2491836548,13.6112556458,-34.0586547852,-0.8651387095,0.5714285970,-0.1351359636,-0.4002807736,0.4782860875,-0.3291116059,-0.0852339864,-0.0394977927,0.0024778098,0.4046207070,0.7543541789,-0.0004561170,-0.5171800256,0.0000000000,0.0000000000,0.0000000000,0.0000000000,0.0000000000,0.0000000000,-0.3713492155,0.3696402013,-0.2949308753,0.9851117730,-0.1670651883,-0.0463983417,0.3104718626,0.6646099091,0.1879830062,-0.6533042192,
7036.447,0.1220740378,-0.1220740378,1.0376293659,0.0681173131,0.0017090365,-1.0100406408,-0.1549119502,-0.0428479873,-0.4348277152,0.0035640150,0.0056153615,-0.0121335387,0.0319664143,0.0932740048,-0.9952369928,0.0049584149,6.2257757187,16.0527362823,-33.8755455017,-0.8717306852,0.5684987903,-0.1375774443,-0.4019898176,0.4795068204,-0.3272804916,-0.0883508921,-0.0373180509,0.0028544366,0.4023432732,0.7552854419,0.0018848756,-0.5175943971,6.2257757187,16.0527362823,-33.8755455017,-0.8717306852,0.5684987903,-0.1375774443,-0.4019898176,0.4795068204,-0.3272804916,-0.0883508921,-0.0373180509,0.0028544366,0.4023432732,0.7552854419,0.0018848756,-0.5175943971,0.0000000000,0.0000000000,0.0000000000,0.0000000000,0.0000000000,0.0000000000,-0.3745231628,0.3671987057,-0.2929776907,0.9851118922,-0.1670656651,-0.0463989973,0.3105444610,0.6645890474,0.1880564392,-0.6532699466,
7036.460,0.1220740378,-0.1220740378,1.0376293659,0.0660420582,0.0035401471,-1.0117496252,-0.1523483992,-0.0415051728,-0.4307992756,0.0015077889,0.0074424427,-0.0138412714,0.0319571681,0.0932624862,-0.9952384830,0.0049551469,8.6672563553,22.1564388275,-33.8755455017,-0.8703879118,0.5581225157,-0.1374553740,-0.4011352956,0.4798730314,-0.3276467323,-0.0837215781,-0.0424934626,0.0068819821,0.3999200165,0.7565667033,0.0043629254,-0.5175860524,8.6672563553,22.1564388275,-33.8755455017,-0.8703879118,0.5581225157,-0.1374553740,-0.4011352956,0.4798730314,-0.3276467323,-0.0837215781,-0.0424934626,0.0068819821,0.3999200165,0.7565667033,0.0043629254,-0.5175860524,0.0000000000,0.0000000000,0.0000000000,0.0000000000,0.0000000000,0.0000000000,-0.3750114441,0.3676870167,-0.2929776907,0.9851114750,-0.1670660675,-0.0463990569,0.3106176257,0.6645678282,0.1881304830,-0.6532351971,
7036.473,0.1220740378,-0.1220740378,1.0376293659,0.0657979101,0.0015869625,-1.0100406408,-0.1547898799,-0.0401623584,-0.4312875867,0.0012832582,0.0054948693,-0.0121310353,0.0319473110,0.0932262242,-0.9952421188,0.0049558599,9.9490337372,25.2693252563,-33.7534713745,-0.8756370544,0.5537278652,-0.1401409954,-0.4028443396,0.4804834127,-0.3287453949,-0.0858241320,-0.0416447520,0.0086602122,0.3974281847,0.7580214739,0.0069059664,-0.5173492432,9.9490337372,25.2693252563,-33.7534713745,-0.8756370544,0.5537278652,-0.1401409954,-0.4028443396,0.4804834127,-0.3287453949,-0.0858241320,-0.0416447520,0.0086602122,0.3974281847,0.7580214739,0.0069059664,-0.5173492432,0.0000000000,0.0000000000,0.0000000000,0.0000000000,0.0000000000,0.0000000000,-0.3715933859,0.3671987057,-0.2910245061,0.9851115942,-0.1670665741,-0.0463995934,0.3106962740,0.6645452380,0.1882100701,-0.6531980038,
7036.486,0.1220740378,-0.1220740378,1.0376293659,0.0655537620,0.0014648885,-1.0100406408,-0.1533249915,-0.0418713950,-0.4333628416,0.0010598153,0.0053789793,-0.0121297240,0.0319367498,0.0932161734,-0.9952433705,0.0049576485,11.2308111191,28.6263618469,-33.4482879639,-0.8768578172,0.5465254784,-0.1483199596,-0.4033326209,0.4798730314,-0.3311868608,-0.0840741396,-0.0435813069,0.0055640340,0.3948640525,0.7596678734,0.0095038852,-0.5168562531,11.2308111191,28.6263618469,-33.4482879639,-0.8768578172,0.5465254784,-0.1483199596,-0.4033326209,0.4798730314,-0.3311868608,-0.0840741396,-0.0435813069,0.0055640340,0.3948640525,0.7596678734,0.0095038852,-0.5168562531,0.0000000000,0.0000000000,0.0000000000,0.0000000000,0.0000000000,0.0000000000,-0.3713492155,0.3720816672,-0.2949308753,0.9851114750,-0.1670670360,-0.0464000702,0.3107773662,0.6645218134,0.1882921308,-0.6531596184,
7036.499,0.1220740378,-0.1220740378,1.0376293659,0.0656758323,0.0029297769,-1.0107730627,-0.1561326981,-0.0416272469,-0.4294564724,0.0012021139,0.0068427864,-0.0128608346,0.0319268145,0.0931959972,-0.9952456951,0.0049555162,13.5502185822,35.4014701843,-32.2275466919,-0.8959013820,0.5333414674,-0.1660206914,-0.4087038934,0.4759666622,-0.3292336762,-0.1004841924,-0.0515149236,-0.0058218837,0.3921563923,0.7617052197,0.0121725742,-0.5158623457,13.5502185822,35.4014701843,-32.2275466919,-0.8959013820,0.5333414674,-0.1660206914,-0.4087038934,0.4759666622,-0.3292336762,-0.1004841924,-0.0515149236,-0.0058218837,0.3921563923,0.7617052197,0.0121725742,-0.5158623457,0.0000000000,0.0000000000,0.0000000000,0.0000000000,0.0000000000,0.0000000000,-0.3735465705,0.3696402013,-0.2929776907,0.9851114154,-0.1670675427,-0.0464004874,0.3108554482,0.6644992828,0.1883711368,-0.6531226039,
7036.512,0.1220740378,-0.1220740378,1.0376293659,0.0665303543,0.0039063692,-1.0102847815,-0.1525925547,-0.0411389507,-0.4382458031,0.0020724386,0.0078134667,-0.0123715401,0.0319193117,0.0931776240,-0.9952474833,0.0049512452,14.6488847733,38.7585067749,-31.6782131195,-0.9005401731,0.5245521665,-0.1754203886,-0.4096804857,0.4792626798,-0.3331400454,-0.1027058959,-0.0550521016,-0.0083123296,0.3894032836,0.7639210820,0.0149072381,-0.5145979524,14.6488847733,38.7585067749,-31.6782131195,-0.9005401731,0.5245521665,-0.1754203886,-0.4096804857,0.4792626798,-0.3331400454,-0.1027058959,-0.0550521016,-0.0083123296,0.3894032836,0.7639210820,0.0149072381,-0.5145979524,0.0000000000,0.0000000000,0.0000000000,0.0000000000,0.0000000000,0.0000000000,-0.3725699782,0.3686636090,-0.2929776907,0.9851112962,-0.1670680046,-0.0464009643,0.3109310865,0.6644774079,0.1884476691,-0.6530867815,
7036.525,0.1220740378,-0.1220740378,1.0986663103,0.0651875362,0.0012207404,-1.0096743107,-0.1556444019,-0.0429700613,-0.4321421087,0.0007517412,0.0051359087,-0.0117595792,0.0319079347,0.0931704491,-0.9952487350,0.0049539986,15.7475509644,42.1155433655,-31.4340648651,-0.9029816389,0.5177159905,-0.1844538748,-0.4095583856,0.4815820754,-0.3355815411,-0.1029340029,-0.0565999150,-0.0098471940,0.3865966201,0.7663112283,0.0177273639,-0.5130689144,15.7475509644,42.1155433655,-31.4340648651,-0.9029816389,0.5177159905,-0.1844538748,-0.4095583856,0.4815820754,-0.3355815411,-0.1029340029,-0.0565999150,-0.0098471940,0.3865966201,0.7663112283,0.0177273639,-0.5130689144,0.0000000000,0.0000000000,0.0000000000,0.0000000000,0.0000000000,0.0000000000,-0.4350718856,0.3720816672,-0.2949308753,0.9851111770,-0.1670684367,-0.0464013815,0.3109744787,0.6644648314,0.1884914041,-0.6530662775,
7036.538,0.1220740378,-0.0610370189,1.0376293659,0.0660420582,0.0043946654,-1.0112613440,-0.1560106277,-0.0432142094,-0.4369029701,0.0016139373,0.0083015123,-0.0133461356,0.0319045000,0.0931697413,-0.9952488542,0.0049494733,18.3111057281,49.9282798767,-31.7392501831,-0.9018830061,0.5101473927,-0.2055726796,-0.4099246264,0.4823145270,-0.3394879103,-0.0999386907,-0.0587158799,-0.0220556408,0.3835833073,0.7691375613,0.0207377635,-0.5109846592,18.3111057281,49.9282798767,-31.7392501831,-0.9018830061,0.5101473927,-0.2055726796,-0.4099246264,0.4823145270,-0.3394879103,-0.0999386907,-0.0587158799,-0.0220556408,0.3835833073,0.7691375613,0.0207377635,-0.5109846592,0.0000000000,0.0000000000,0.0000000000,0.0000000000,0.0000000000,0.0000000000,-0.3735465705,0.3711050749,-0.2929776907,0.9851111174,-0.1670689732,-0.0464017987,0.3110554218,0.6644414663,0.1885733157,-0.6530278921,
7036.551,0.1831110567,-0.0610370189,1.0986663103,0.0670186505,0.0000000000,-1.0119937658,-0.1541795135,-0.0439466536,-0.4384899437,0.0025936589,0.0039315815,-0.0140784383,0.0319017507,0.0931780934,-0.9952480197,0.0049619139,19.5928821564,53.7736129761,-31.9833984375,-0.8924832940,0.5064851642,-0.2221747488,-0.4143192768,0.4787743688,-0.3433942795,-0.0888866186,-0.0568321347,-0.0290434211,0.3804504573,0.7721673846,0.0238151308,-0.5086175203,19.5928821564,53.7736129761,-31.9833984375,-0.8924832940,0.5064851642,-0.2221747488,-0.4143192768,0.4787743688,-0.3433942795,-0.0888866186,-0.0568321347,-0.0290434211,0.3804504573,0.7721673846,0.0238151308,-0.5086175203,0.0000000000,0.0000000000,0.0000000000,0.0000000000,0.0000000000,0.0000000000,-0.3733024001,0.3735465705,-0.2929776907,0.9851108789,-0.1670694202,-0.0464020371,0.3111424446,0.6644162536,0.1886614561,-0.6529865265,
7036.564,0.1220740378,-0.0610370189,1.0986663103,0.0671407208,0.0018311106,-1.0102847815,-0.1552781761,-0.0449232459,-0.4325083196,0.0027176738,0.0057676220,-0.0123693347,0.0319004580,0.0931970328,-0.9952462912,0.0049648853,20.6915493011,57.3137626648,-32.1054725647,-0.8855250478,0.5059968829,-0.2376781553,-0.4190801680,0.4784081578,-0.3458357453,-0.0805436969,-0.0517067909,-0.0343048424,0.3772346675,0.7753731608,0.0269694813,-0.5059716702,20.6915493011,57.3137626648,-32.1054725647,-0.8855250478,0.5059968829,-0.2376781553,-0.4190801680,0.4784081578,-0.3458357453,-0.0805436969,-0.0517067909,-0.0343048424,0.3772346675,0.7753731608,0.0269694813,-0.5059716702,0.0000000000,0.0000000000,0.0000000000,0.0000000000,0.0000000000,0.0000000000,-0.4340952933,0.3696402013,-0.2949308753,0.9851108193,-0.1670698971,-0.0464025140,0.3111787140,0.6644057631,0.1886979342,-0.6529694200,
7036.577,0.1220740378,-0.0610370189,1.0986663103,0.0664082766,0.0045167394,-1.0116275549,-0.1555223316,-0.0446790978,-0.4340952933,0.0019911900,0.0084449137,-0.0137117505,0.0318977982,0.0932117924,-0.9952450395,0.0049609272,22.5836963654,64.1499099731,-31.5561389923,-0.8814966083,0.4973296225,-0.2595294118,-0.4183477163,0.4732810557,-0.3377788663,-0.0755893588,-0.0547162592,-0.0447214246,0.3739052713,0.7789297700,0.0302774422,-0.5027831197,22.5836963654,64.1499099731,-31.5561389923,-0.8814966083,0.4973296225,-0.2595294118,-0.4183477163,0.4732810557,-0.3377788663,-0.0755893588,-0.0547162592,-0.0447214246,0.3739052713,0.7789297700,0.0302774422,-0.5027831197,0.0000000000,0.0000000000,0.0000000000,0.0000000000,0.0000000000,0.0000000000,-0.3723258078,0.3706167936,-0.2949308753,0.9851107001,-0.1670703739,-0.0464029312,0.3112529516,0.6643842459,0.1887730509,-0.6529341936,
7036.590,0.1831110567,-0.0610370189,1.0986663103,0.0665303543,0.0026856288,-1.0118716955,-0.1573534310,-0.0440687276,-0.4268929064,0.0021186844,0.0066251783,-0.0139555931,0.0318945535,0.0932150185,-0.9952448010,0.0049664425,23.3161411285,67.2627944946,-31.1288795471,-0.8764916062,0.4885402918,-0.2680746019,-0.4185918868,0.4766991138,-0.3396099806,-0.0699858665,-0.0578299761,-0.0413457155,0.3705597520,0.7826074362,0.0336811617,-0.4993205667,23.3161411285,67.2627944946,-31.1288795471,-0.8764916062,0.4885402918,-0.2680746019,-0.4185918868,0.4766991138,-0.3396099806,-0.0699858665,-0.0578299761,-0.0413457155,0.3705597520,0.7826074362,0.0336811617,-0.4993205667,0.0000000000,0.0000000000,0.0000000000,0.0000000000,0.0000000000,0.0000000000,-0.4372692108,0.3701284826,-0.2929776907,0.9851107597,-0.1670708358,-0.0464035273,0.3112931848,0.6643726230,0.1888135672,-0.6529152393,
7036.603,0.1831110567,-0.1220740378,1.0986663103,0.0659199804,0.0029297769,-1.0106509924,-0.1543015838,-0.0430921353,-0.4304330647,0.0015269369,0.0068794228,-0.0127336979,0.0318848006,0.0932137519,-0.9952452183,0.0049705585,23.9875488281,69.9484252930,-30.8236942291,-0.8701437712,0.4765770435,-0.2732017040,-0.4177373648,0.4759666622,-0.3460798860,-0.0633456111,-0.0640738606,-0.0341504216,0.3671688735,0.7863782644,0.0371400677,-0.4956423938,23.9875488281,69.9484252930,-30.8236942291,-0.8701437712,0.4765770435,-0.2732017040,-0.4177373648,0.4759666622,-0.3460798860,-0.0633456111,-0.0640738606,-0.0341504216,0.3671688735,0.7863782644,0.0371400677,-0.4956423938,0.0000000000,0.0000000000,0.0000000000,0.0000000000,0.0000000000,0.0000000000,-0.4372692108,0.3725699782,-0.2929776907,0.9851105213,-0.1670712680,-0.0464038253,0.3113397956,0.6643590331,0.1888605803,-0.6528931260,
7036.616,0.1220740378,-0.1220740378,1.0986663103,0.0667745024,0.0035401471,-1.0100406408,-0.1541795135,-0.0456556901,-0.4337290525,0.0023956150,0.0074861776,-0.0121224523,0.0318777598,0.0932451487,-0.9952424765,0.0049691023,24.3537712097,72.0236816406,-30.7016201019,-0.8415784240,0.4610736370,-0.2855311632,-0.4155400395,0.4762108326,-0.3510849476,-0.0347994566,-0.0738219023,-0.0338159800,0.3637530208,0.7902205586,0.0406650193,-0.4917582273,24.3537712097,72.0236816406,-30.7016201019,-0.8415784240,0.4610736370,-0.2855311632,-0.4155400395,0.4762108326,-0.3510849476,-0.0347994566,-0.0738219023,-0.0338159800,0.3637530208,0.7902205586,0.0406650193,-0.4917582273,0.0000000000,0.0000000000,0.0000000000,0.0000000000,0.0000000000,0.0000000000,-0.4338511229,0.3691518903,-0.2929776907,0.9851105213,-0.1670717299,-0.0464042425,0.3113788962,0.6643477082,0.1888999492,-0.6528746486,
7036.629,0.1220740378,-0.1220740378,1.0986663103,0.0661641285,0.0045167394,-1.0107730627,-0.1552781761,-0.0433362834,-0.4288460910,0.0018025488,0.0084543582,-0.0128536820,0.0318695270,0.0932443589,-0.9952428341,0.0049640778,24.4148082733,71.2302017212,-30.7626571655,-0.8249763250,0.4565569162,-0.2932218313,-0.4172490537,0.4716940820,-0.3476668596,-0.0183933377,-0.0725553632,-0.0289795995,0.3603546917,0.7939853668,0.0441919975,-0.4878763855,24.4148082733,71.2302017212,-30.7626571655,-0.8249763250,0.4565569162,-0.2932218313,-0.4172490537,0.4716940820,-0.3476668596,-0.0183933377,-0.0725553632,-0.0289795995,0.3603546917,0.7939853668,0.0441919975,-0.4878763855,0.0000000000,0.0000000000,0.0000000000,0.0000000000,0.0000000000,0.0000000000,-0.3750114441,0.3730582595,-0.2949308753,0.9851104021,-0.1670721769,-0.0464047790,0.3114570081,0.6643250585,0.1889790148,-0.6528375745,
7036.642,0.1831110567,-0.1220740378,1.0986663103,0.0661641285,0.0042725913,-1.0106509924,-0.1538132876,-0.0408948027,-0.4325083196,0.0018197149,0.0082136709,-0.0127305388,0.0318609513,0.0932153314,-0.9952459335,0.0049640690,24.1096229553,69.5211639404,-30.7626571655,-0.8099612594,0.4515518546,-0.2996917665,-0.4194464087,0.4748679996,-0.3529160321,-0.0037024617,-0.0717726946,-0.0232289135,0.3570055962,0.7976213694,0.0477067828,-0.4840615392,24.1096229553,69.5211639404,-30.7626571655,-0.8099612594,0.4515518546,-0.2996917665,-0.4194464087,0.4748679996,-0.3529160321,-0.0037024617,-0.0717726946,-0.0232289135,0.3570055962,0.7976213694,0.0477067828,-0.4840615392,0.0000000000,0.0000000000,0.0000000000,0.0000000000,0.0000000000,0.0000000000,-0.4367808998,0.3696402013,-0.3066499829,0.9851102829,-0.1670726091,-0.0464051366,0.3114607334,0.6643239260,0.1889824122,-0.6528359652,
7036.655,0.1831110567,-0.1220740378,1.0376293659,0.0644550920,0.0028077029,-1.0106509924,-0.1517380327,-0.0421155430,-0.4338511229,0.0001361445,0.0067587746,-0.0127289295,0.0318477973,0.0932133868,-0.9952464700,0.0049677915,23.5602893829,67.0186462402,-30.8236942291,-0.7820062637,0.4326303899,-0.3195898235,-0.4174932241,0.4735251963,-0.3576769233,0.0238487720,-0.0848699510,-0.0312511325,0.3536822796,0.8011198044,0.0511950590,-0.4803535342,23.5602893829,67.0186462402,-30.8236942291,-0.7820062637,0.4326303899,-0.3195898235,-0.4174932241,0.4735251963,-0.3576769233,0.0238487720,-0.0848699510,-0.0312511325,0.3536822796,0.8011198044,0.0511950590,-0.4803535342,0.0000000000,0.0000000000,0.0000000000,0.0000000000,0.0000000000,0.0000000000,-0.4343394339,0.3706167936,-0.2968840599,0.9851102233,-0.1670730412,-0.0464055538,0.3114929199,0.6643145680,0.1890147626,-0.6528207660,
7036.668,0.1831110567,-0.1220740378,1.0376293659,0.0662862062,0.0036622211,-1.0116275549,-0.1523483992,-0.0438245796,-0.4342173636,0.0019839033,0.0076190284,-0.0137044191,0.0318391398,0.0932320580,-0.9952449799,0.0049704667,21.7902164459,59.2669448853,-31.0068054199,-0.7752922177,0.4228644669,-0.3333841860,-0.4190801680,0.4730368853,-0.3513290882,0.0303996801,-0.0888232887,-0.0344214737,0.3505386114,0.8042028546,0.0546202287,-0.4771177471,21.7902164459,59.2669448853,-31.0068054199,-0.7752922177,0.4228644669,-0.3333841860,-0.4190801680,0.4730368853,-0.3513290882,0.0303996801,-0.0888232887,-0.0344214737,0.3505386114,0.8042028546,0.0546202287,-0.4771177471,0.0000000000,0.0000000000,0.0000000000,0.0000000000,0.0000000000,0.0000000000,-0.4375133514,0.3701284826,-0.2968840599,0.9851101637,-0.1670734584,-0.0464060307,0.3115217686,0.6643061638,0.1890437305,-0.6528071761,
7036.681,0.1220740378,-0.1220740378,1.0376293659,0.0642109439,0.0037842952,-1.0113834143,-0.1544236541,-0.0380870998,-0.4257942438,-0.0000646710,0.0077355593,-0.0134585500,0.0318263993,0.0931710675,-0.9952511191,0.0049645077,20.7525863647,54.6891708374,-31.3730278015,-0.7729728222,0.4133426845,-0.3465681970,-0.4178594351,0.4724265337,-0.3556016684,0.0326902866,-0.0924807489,-0.0377200544,0.3474669456,0.8070336580,0.0580076352,-0.4741757810,20.7525863647,54.6891708374,-31.3730278015,-0.7729728222,0.4133426845,-0.3465681970,-0.4178594351,0.4724265337,-0.3556016684,0.0326902866,-0.0924807489,-0.0377200544,0.3474669456,0.8070336580,0.0580076352,-0.4741757810,0.0000000000,0.0000000000,0.0000000000,0.0000000000,0.0000000000,0.0000000000,-0.4338511229,0.3711050749,-0.2968840599,0.9851098657,-0.1670738906,-0.0464062095,0.3115552366,0.6642963886,0.1890773922,-0.6527912617,
7036.694,0.1831110567,-0.1220740378,1.0376293659,0.0645771697,0.0030518509,-1.0102847815,-0.1525925547,-0.0438245796,-0.4312875867,0.0003259555,0.0070118341,-0.0123583674,0.0318137333,0.0931899399,-0.9952497482,0.0049683121,19.7149562836,49.8062057495,-31.8002872467,-0.7746818662,0.4029664099,-0.3607287705,-0.4223761857,0.4709616303,-0.3540147245,0.0311365724,-0.0969258845,-0.0427708030,0.3444768488,0.8096022010,0.0613789186,-0.4715471566,19.7149562836,49.8062057495,-31.8002872467,-0.7746818662,0.4029664099,-0.3607287705,-0.4223761857,0.4709616303,-0.3540147245,0.0311365724,-0.0969258845,-0.0427708030,0.3444768488,0.8096022010,0.0613789186,-0.4715471566,0.0000000000,0.0000000000,0.0000000000,0.0000000000,0.0000000000,0.0000000000,-0.4375133514,0.3676870167,-0.2929776907,0.9851098657,-0.1670743525,-0.0464066863,0.3115870953,0.6642871499,0.1891093999,-0.6527762413,
7036.707,0.1831110567,-0.1220740378,1.0376293659,0.0643330216,0.0024414808,-1.0102847815,-0.1529587656,-0.0429700613,-0.4276253581,0.0001072884,0.0064131492,-0.0123568177,0.0318004489,0.0931972414,-0.9952494502,0.0049731736,17.4565868378,39.0636940002,-32.5327301025,-0.7916501164,0.3932004869,-0.3806268573,-0.4226203263,0.4674215019,-0.3612170815,0.0149042010,-0.1006961167,-0.0552574992,0.3416292369,0.8116391897,0.0645780042,-0.4696858227,17.4565868378,39.0636940002,-32.5327301025,-0.7916501164,0.3932004869,-0.3806268573,-0.4226203263,0.4674215019,-0.3612170815,0.0149042010,-0.1006961167,-0.0552574992,0.3416292369,0.8116391897,0.0645780042,-0.4696858227,0.0000000000,0.0000000000,0.0000000000,0.0000000000,0.0000000000,0.0000000000,-0.4362926185,0.3720816672,-0.2968840599,0.9851096869,-0.1670747846,-0.0464070439,0.3116214871,0.6642771363,0.1891440004,-0.6527599692,
7036.720,0.1220740378,-0.0610370189,0.9765923023,0.0632343516,0.0030518509,-1.0108951330,-0.1529587656,-0.0443128757,-0.4277474284,-0.0009711161,0.0070208171,-0.0129657984,0.0317903198,0.0932272077,-0.9952470660,0.0049718367,16.4799957275,33.5093231201,-32.4716949463,-0.8025147319,0.3858760297,-0.3895382583,-0.4262825549,0.4668111205,-0.3552354574,0.0050207973,-0.1020368636,-0.0576451719,0.3389145732,0.8133891821,0.0677371249,-0.4681777060,16.4799957275,33.5093231201,-32.4716949463,-0.8025147319,0.3858760297,-0.3895382583,-0.4262825549,0.4668111205,-0.3552354574,0.0050207973,-0.1020368636,-0.0576451719,0.3389145732,0.8133891821,0.0677371249,-0.4681777060,0.0000000000,0.0000000000,0.0000000000,0.0000000000,0.0000000000,0.0000000000,-0.4343394339,0.3701284826,-0.2968840599,0.9851095676,-0.1670752317,-0.0464075208,0.3116515577,0.6642683744,0.1891741902,-0.6527457833,
7036.733,0.1220740378,-0.0610370189,0.9765923023,0.0650654659,0.0020752586,-1.0096743107,-0.1547898799,-0.0416272469,-0.4321421087,0.0008708015,0.0060463427,-0.0117442608,0.0317848995,0.0932153836,-0.9952482581,0.0049720095,15.5644397736,28.3211765289,-32.4106559753,-0.8037354946,0.3794061244,-0.3973509967,-0.4260383844,0.4691305161,-0.3607287705,0.0050052404,-0.1025547683,-0.0597492754,0.3363015950,0.8148813248,0.0708021000,-0.4670121670,15.5644397736,28.3211765289,-32.4106559753,-0.8037354946,0.3794061244,-0.3973509967,-0.4260383844,0.4691305161,-0.3607287705,0.0050052404,-0.1025547683,-0.0597492754,0.3363015950,0.8148813248,0.0708021000,-0.4670121670,0.0000000000,0.0000000000,0.0000000000,0.0000000000,0.0000000000,0.0000000000,-0.4353160262,0.3720816672,-0.2929776907,0.9851096869,-0.1670757085,-0.0464081168,0.3116962314,0.6642554402,0.1892192215,-0.6527246833,
7036.746,0.1831110567,0.0000000000,0.9765923023,0.0645771697,-0.0006103702,-1.0110172033,-0.1575975865,-0.0402844325,-0.4268929064,0.0003854334,0.0033867275,-0.0130870938,0.0317824073,0.0931795612,-0.9952516556,0.0049836840,13.3671073914,18.8604393005,-32.8379173279,-0.8036133647,0.3780632913,-0.4127323329,-0.4286019504,0.4683980942,-0.3580431640,0.0068422556,-0.0980055630,-0.0709121823,0.3339094222,0.8159126043,0.0737592429,-0.4664701819,13.3671073914,18.8604393005,-32.8379173279,-0.8036133647,0.3780632913,-0.4127323329,-0.4286019504,0.4683980942,-0.3580431640,0.0068422556,-0.0980055630,-0.0709121823,0.3339094222,0.8159126043,0.0737592429,-0.4664701819,0.0000000000,0.0000000000,0.0000000000,0.0000000000,0.0000000000,0.0000000000,-0.4345835745,0.3711050749,-0.2949308753,0.9851094484,-0.1670761555,-0.0464083552,0.3117333651,0.6642445922,0.1892566234,-0.6527070403,
7036.759,0.1220740378,-0.0610370189,0.9155552983,0.0622577593,0.0021973327,-1.0091860294,-0.1538132876,-0.0426038392,-0.4255501032,-0.0019096285,0.0061951135,-0.0112543702,0.0317701809,0.0931903347,-0.9952510595,0.0049832291,12.5736255646,15.8085880280,-33.1431007385,-0.8146000504,0.3635364771,-0.4178594351,-0.4312875867,0.4643696547,-0.3623157442,-0.0022403002,-0.1065714955,-0.0723318458,0.3315482736,0.8167785406,0.0766839162,-0.4661673009,12.5736255646,15.8085880280,-33.1431007385,-0.8146000504,0.3635364771,-0.4178594351,-0.4312875867,0.4643696547,-0.3623157442,-0.0022403002,-0.1065714955,-0.0723318458,0.3315482736,0.8167785406,0.0766839162,-0.4661673009,0.0000000000,0.0000000000,0.0000000000,0.0000000000,0.0000000000,0.0000000000,-0.4340952933,0.3745231628,-0.2968840599,0.9851095080,-0.1670766026,-0.0464090109,0.3117749095,0.6642325521,0.1892984957,-0.6526874304,
7036.772,0.1220740378,0.0000000000,0.9765923023,0.0644550920,0.0024414808,-1.0111392736,-0.1544236541,-0.0452894680,-0.4321421087,0.0002911463,0.0064394358,-0.0132074356,0.0317682736,0.0932272524,-0.9952476025,0.0049843341,12.1463670731,13.9774770737,-33.4482879639,-0.8285164833,0.3547471464,-0.4223761857,-0.4326303899,0.4642475545,-0.3602404892,-0.0141416192,-0.1093308330,-0.0734599829,0.3292317390,0.8175310493,0.0796541497,-0.4659917951,12.1463670731,13.9774770737,-33.4482879639,-0.8285164833,0.3547471464,-0.4223761857,-0.4326303899,0.4642475545,-0.3602404892,-0.0141416192,-0.1093308330,-0.0734599829,0.3292317390,0.8175310493,0.0796541497,-0.4659917951,0.0000000000,0.0000000000,0.0000000000,0.0000000000,0.0000000000,0.0000000000,-0.4340952933,0.3720816672,-0.3086031675,0.9851092696,-0.1670770049,-0.0464090705,0.3117803931,0.6642308831,0.1893036962,-0.6526848674,
7036.785,0.1220740378,-0.0610370189,0.9765923023,0.0665303543,0.0004882962,-1.0102847815,-0.1525925547,-0.0427259132,-0.4355601668,0.0023699701,0.0044960668,-0.0123527050,0.0317659974,0.0932351574,-0.9952468872,0.0049893078,12.3905143738,12.5736255646,-34.1196937561,-0.8435316086,0.3380230069,-0.4298226833,-0.4333628416,0.4668111205,-0.3623157442,-0.0270148516,-0.1198283434,-0.0777031481,0.3268694282,0.8182101846,0.0826769844,-0.4659362733,12.3905143738,12.5736255646,-34.1196937561,-0.8435316086,0.3380230069,-0.4298226833,-0.4333628416,0.4668111205,-0.3623157442,-0.0270148516,-0.1198283434,-0.0777031481,0.3268694282,0.8182101846,0.0826769844,-0.4659362733,0.0000000000,0.0000000000,0.0000000000,0.0000000000,0.0000000000,0.0000000000,-0.4375133514,0.3730582595,-0.3066499829,0.9851093888,-0.1670774817,-0.0464097261,0.3117913902,0.6642277241,0.1893144697,-0.6526798606,
7036.798,0.1220740378,-0.0610370189,0.9765923023,0.0665303543,0.0007324442,-1.0113834143,-0.1532029212,-0.0412610248,-0.4265266955,0.0023738667,0.0047487780,-0.0134511590,0.0317637101,0.0932241231,-0.9952480793,0.0049930373,12.5125885010,11.7801446915,-34.1196937561,-0.8481703997,0.3310647905,-0.4338511229,-0.4392223954,0.4643696547,-0.3684194386,-0.0295071602,-0.1205240488,-0.0786435008,0.3244853318,0.8188474774,0.0856528655,-0.4659457505,12.5125885010,11.7801446915,-34.1196937561,-0.8481703997,0.3310647905,-0.4338511229,-0.4392223954,0.4643696547,-0.3684194386,-0.0295071602,-0.1205240488,-0.0786435008,0.3244853318,0.8188474774,0.0856528655,-0.4659457505,0.0000000000,0.0000000000,0.0000000000,0.0000000000,0.0000000000,0.0000000000,-0.4348277152,0.3715933859,-0.3086031675,0.9851090312,-0.1670778990,-0.0464099646,0.3117950559,0.6642265320,0.1893178076,-0.6526781917,
7036.811,0.0610370189,-0.0610370189,0.9155552983,0.0679952428,0.0036622211,-1.0112613440,-0.1510055810,-0.0422376171,-0.4310434163,0.0038353652,0.0076612951,-0.0133292079,0.0317661427,0.0932367370,-0.9952468276,0.0049850033,12.4515514374,10.9256267548,-33.9976196289,-0.8495132327,0.3263038993,-0.4386120141,-0.4383678734,0.4651020765,-0.3692739606,-0.0287148356,-0.1190286577,-0.0804474652,0.3221321702,0.8194334507,0.0886272490,-0.4659920633,12.4515514374,10.9256267548,-33.9976196289,-0.8495132327,0.3263038993,-0.4386120141,-0.4383678734,0.4651020765,-0.3692739606,-0.0287148356,-0.1190286577,-0.0804474652,0.3221321702,0.8194334507,0.0886272490,-0.4659920633,0.0000000000,0.0000000000,0.0000000000,0.0000000000,0.0000000000,0.0000000000,-0.4348277152,0.3740348518,-0.3066499829,0.9851091504,-0.1670783609,-0.0464105606,0.3118101358,0.6642221808,0.1893327385,-0.6526712179,
7036.824,0.0610370189,-0.0610370189,0.9155552983,0.0684835389,0.0032959990,-1.0117496252,-0.1534470618,-0.0421155430,-0.4268929064,0.0043180585,0.0072797160,-0.0138177872,0.0317696333,0.0932414979,-0.9952462316,0.0049777697,12.2684412003,9.8879966736,-33.6924362183,-0.8564714789,0.3162938356,-0.4478896558,-0.4340952933,0.4655903876,-0.3701284826,-0.0335392356,-0.1227919459,-0.0869221389,0.3198114634,0.8199622035,0.0915933028,-0.4660867751,12.2684412003,9.8879966736,-33.6924362183,-0.8564714789,0.3162938356,-0.4478896558,-0.4340952933,0.4655903876,-0.3701284826,-0.0335392356,-0.1227919459,-0.0869221389,0.3198114634,0.8199622035,0.0915933028,-0.4660867751,0.0000000000,0.0000000000,0.0000000000,0.0000000000,0.0000000000,0.0000000000,-0.4340952933,0.3745231628,-0.2949308753,0.9851088524,-0.1670787781,-0.0464107990,0.3118562102,0.6642087102,0.1893792450,-0.6526492834,
7036.837,0.0610370189,-0.0610370189,0.9155552983,0.0668965727,0.0039063692,-1.0112613440,-0.1519821733,-0.0407727286,-0.4369029701,0.0027331114,0.0078717843,-0.0133293271,0.0317695290,0.0932305381,-0.9952474236,0.0049682097,12.2074041367,9.9490337372,-33.6313972473,-0.8585467339,0.3109225631,-0.4536271393,-0.4366588295,0.4651020765,-0.3685415089,-0.0335416794,-0.1219114363,-0.0898533762,0.3175139129,0.8204768300,0.0945952535,-0.4661523700,12.2074041367,9.9490337372,-33.6313972473,-0.8585467339,0.3109225631,-0.4536271393,-0.4366588295,0.4651020765,-0.3685415089,-0.0335416794,-0.1219114363,-0.0898533762,0.3175139129,0.8204768300,0.0945952535,-0.4661523700,0.0000000000,0.0000000000,0.0000000000,0.0000000000,0.0000000000,0.0000000000,-0.4360484779,0.3715933859,-0.3086031675,0.9851089120,-0.1670792103,-0.0464113951,0.3118589222,0.6642079353,0.1893815994,-0.6526482105,
7036.850,0.0610370189,-0.0610370189,0.9155552983,0.0672627985,0.0029297769,-1.0115054846,-0.1554002464,-0.0408948027,-0.4311655164,0.0030996501,0.0068818047,-0.0135734081,0.0317700841,0.0932129249,-0.9952490330,0.0049609658,12.2684412003,10.6204414368,-33.5703620911,-0.8615985513,0.3056733906,-0.4580217898,-0.4403210580,0.4658345282,-0.3737907112,-0.0346173644,-0.1208966374,-0.0913491547,0.3152054846,0.8210072517,0.0976071730,-0.4661643207,12.2684412003,10.6204414368,-33.5703620911,-0.8615985513,0.3056733906,-0.4580217898,-0.4403210580,0.4658345282,-0.3737907112,-0.0346173644,-0.1208966374,-0.0913491547,0.3152054846,0.8210072517,0.0976071730,-0.4661643207,0.0000000000,0.0000000000,0.0000000000,0.0000000000,0.0000000000,0.0000000000,-0.4355601668,0.3691518903,-0.3066499829,0.9851088524,-0.1670796573,-0.0464117527,0.3118600249,0.6642075777,0.1893823147,-0.6526478529,
7036.863,0.1220740378,-0.1220740378,0.9155552983,0.0664082766,0.0040284432,-1.0105289221,-0.1561326981,-0.0429700613,-0.4305551350,0.0022599623,0.0079723438,-0.0125958323,0.0317630321,0.0932207406,-0.9952484965,0.0049564745,13.2450332642,13.4891815186,-33.6313972473,-0.8600115776,0.2929776907,-0.4568010569,-0.4412976503,0.4655903876,-0.3712271452,-0.0312702060,-0.1272171736,-0.0867594779,0.3128143847,0.8216575980,0.1007126272,-0.4659682214,13.2450332642,13.4891815186,-33.6313972473,-0.8600115776,0.2929776907,-0.4568010569,-0.4412976503,0.4655903876,-0.3712271452,-0.0312702060,-0.1272171736,-0.0867594779,0.3128143847,0.8216575980,0.1007126272,-0.4659682214,0.0000000000,0.0000000000,0.0000000000,0.0000000000,0.0000000000,0.0000000000,-0.4358043075,0.3691518903,-0.2949308753,0.9851085544,-0.1670801044,-0.0464119315,0.3118903339,0.6641986966,0.1894127578,-0.6526334286,
7036.876,0.0610370189,-0.1831110567,0.9155552983,0.0653096139,0.0032959990,-1.0108951330,-0.1536912173,-0.0433362834,-0.4305551350,0.0011921898,0.0072248033,-0.0129600167,0.0317482352,0.0932403505,-0.9952473044,0.0049481355,13.8554029465,14.7709589005,-33.6924362183,-0.8584246635,0.2862636149,-0.4553361535,-0.4430066943,0.4630268216,-0.3687856793,-0.0280494094,-0.1274931729,-0.0817223191,0.3103853762,0.8223517537,0.1038652807,-0.4656758606,13.8554029465,14.7709589005,-33.6924362183,-0.8584246635,0.2862636149,-0.4553361535,-0.4430066943,0.4630268216,-0.3687856793,-0.0280494094,-0.1274931729,-0.0817223191,0.3103853762,0.8223517537,0.1038652807,-0.4656758606,0.0000000000,0.0000000000,0.0000000000,0.0000000000,0.0000000000,0.0000000000,-0.4340952933,0.3701284826,-0.3086031675,0.9851086140,-0.1670805514,-0.0464124680,0.3118900061,0.6641988158,0.1894120425,-0.6526337862,
7036.889,0.1220740378,-0.1220740378,0.9155552983,0.0634784997,0.0035401471,-1.0108951330,-0.1539353579,-0.0427259132,-0.4309213459,-0.0006097779,0.0074633472,-0.0129581094,0.0317339189,0.0932513401,-0.9952465892,0.0049443329,14.4047365189,15.6254768372,-33.6924362183,-0.8594012260,0.2766197622,-0.4572893381,-0.4471572042,0.4598529041,-0.3765984178,-0.0274933577,-0.1306309700,-0.0799571276,0.3078825176,0.8230813146,0.1069903001,-0.4653410017,14.4047365189,15.6254768372,-33.6924362183,-0.8594012260,0.2766197622,-0.4572893381,-0.4471572042,0.4598529041,-0.3765984178,-0.0274933577,-0.1306309700,-0.0799571276,0.3078825176,0.8230813146,0.1069903001,-0.4653410017,0.0000000000,0.0000000000,0.0000000000,0.0000000000,0.0000000000,0.0000000000,-0.4345835745,0.3711050749,-0.2949308753,0.9851084948,-0.1670810133,-0.0464128256,0.3119262159,0.6641882658,0.1894484758,-0.6526166201,
7036.902,0.1220740378,-0.1220740378,0.9155552983,0.0627460554,0.0031739250,-1.0102847815,-0.1541795135,-0.0455336161,-0.4294564724,-0.0013098344,0.0070933471,-0.0123456717,0.0317177139,0.0932984799,-0.9952427149,0.0049424381,14.7709589005,16.1137733459,-33.3872489929,-0.8714865446,0.2584307492,-0.4658345282,-0.4477675855,0.4603411853,-0.3762321770,-0.0381278396,-0.1422505975,-0.0846924782,0.3053510189,0.8238217831,0.1101469323,-0.4649620652,14.7709589005,16.1137733459,-33.3872489929,-0.8714865446,0.2584307492,-0.4658345282,-0.4477675855,0.4603411853,-0.3762321770,-0.0381278396,-0.1422505975,-0.0846924782,0.3053510189,0.8238217831,0.1101469323,-0.4649620652,0.0000000000,0.0000000000,0.0000000000,0.0000000000,0.0000000000,0.0000000000,-0.4358043075,0.3701284826,-0.2929776907,0.9851084352,-0.1670814753,-0.0464133024,0.3119638860,0.6641772985,0.1894863993,-0.6525987983,
7036.915,0.1220740378,-0.0610370189,0.9155552983,0.0632343516,0.0023194067,-1.0102847815,-0.1530808508,-0.0448011719,-0.4282357395,-0.0008023456,0.0062392880,-0.0123444200,0.0317079201,0.0933395550,-0.9952391982,0.0049430770,14.9540700912,16.1137733459,-33.1431007385,-0.8741722107,0.2507400811,-0.4710837007,-0.4477675855,0.4554582238,-0.3779412210,-0.0394331217,-0.1433689892,-0.0861310363,0.3028075695,0.8245533109,0.1132783294,-0.4645764232,14.9540700912,16.1137733459,-33.1431007385,-0.8741722107,0.2507400811,-0.4710837007,-0.4477675855,0.4554582238,-0.3779412210,-0.0394331217,-0.1433689892,-0.0861310363,0.3028075695,0.8245533109,0.1132783294,-0.4645764232,0.0000000000,0.0000000000,0.0000000000,0.0000000000,0.0000000000,0.0000000000,-0.4360484779,0.3711050749,-0.2968840599,0.9851083755,-0.1670819223,-0.0464137197,0.3119938970,0.6641685367,0.1895165294,-0.6525846124,
7036.928,0.1220740378,-0.0610370189,0.9155552983,0.0639667958,0.0030518509,-1.0111392736,-0.1557664722,-0.0440687276,-0.4286019504,-0.0000541434,0.0069685779,-0.0131978989,0.0317000970,0.0933627114,-0.9952372909,0.0049415054,15.1371803284,16.1748104095,-32.9599914551,-0.8711203337,0.2464674860,-0.4738914073,-0.4494765997,0.4555803239,-0.3783074319,-0.0350804329,-0.1410792917,-0.0851205289,0.3002757430,0.8252735734,0.1164160669,-0.4641648829,15.1371803284,16.1748104095,-32.9599914551,-0.8711203337,0.2464674860,-0.4738914073,-0.4494765997,0.4555803239,-0.3783074319,-0.0350804329,-0.1410792917,-0.0851205289,0.3002757430,0.8252735734,0.1164160669,-0.4641648829,0.0000000000,0.0000000000,0.0000000000,0.0000000000,0.0000000000,0.0000000000,-0.4355601668,0.3691518903,-0.3086031675,0.9851081371,-0.1670823395,-0.0464140177,0.3119895160,0.6641697288,0.1895116866,-0.6525868177,
7036.941,0.1220740378,-0.0610370189,0.9155552983,0.0643330216,0.0031739250,-1.0111392736,-0.1541795135,-0.0426038392,-0.4314096570,0.0003259629,0.0070869070,-0.0131970048,0.0316933133,0.0933708027,-0.9952367544,0.0049392483,16.1137733459,16.5410327911,-33.3262138367,-0.8551286459,0.2352366745,-0.4670552611,-0.4510635734,0.4565569162,-0.3774529397,-0.0178418159,-0.1456101239,-0.0743690729,0.2976750433,0.8260053992,0.1195904315,-0.4637310207,16.1137733459,16.5410327911,-33.3262138367,-0.8551286459,0.2352366745,-0.4670552611,-0.4510635734,0.4565569162,-0.3774529397,-0.0178418159,-0.1456101239,-0.0743690729,0.2976750433,0.8260053992,0.1195904315,-0.4637310207,0.0000000000,0.0000000000,0.0000000000,0.0000000000,0.0000000000,0.0000000000,-0.4350718856,0.3711050749,-0.3066499829,0.9851081967,-0.1670827717,-0.0464146137,0.3119955659,0.6641680002,0.1895174533,-0.6525841355,
7036.954,0.1220740378,0.0000000000,0.9765923023,0.0637226477,0.0030518509,-1.0105289221,-0.1524704695,-0.0429700613,-0.4337290525,-0.0002783760,0.0069623818,-0.0125862360,0.0316903591,0.0933828577,-0.9952356815,0.0049381284,16.7241439819,16.5410327911,-33.8755455017,-0.8493911624,0.2284005284,-0.4629047513,-0.4542374909,0.4549699426,-0.3827021122,-0.0108731985,-0.1456131637,-0.0662999451,0.2950069010,0.8267244697,0.1227708012,-0.4633233547,16.7241439819,16.5410327911,-33.8755455017,-0.8493911624,0.2284005284,-0.4629047513,-0.4542374909,0.4549699426,-0.3827021122,-0.0108731985,-0.1456131637,-0.0662999451,0.2950069010,0.8267244697,0.1227708012,-0.4633233547,0.0000000000,0.0000000000,0.0000000000,0.0000000000,0.0000000000,0.0000000000,-0.4370250702,0.3701284826,-0.3066499829,0.9851078391,-0.1670831740,-0.0464146137,0.3119977415,0.6641672254,0.1895192862,-0.6525831223,
7036.967,0.1220740378,0.0000000000,0.9765923023,0.0648213178,0.0030518509,-1.0101627111,-0.1532029212,-0.0456556901,-0.4312875867,0.0008207634,0.0069599370,-0.0122199655,0.0316900127,0.0934283435,-0.9952314496,0.0049383370,17.2124385834,16.4799957275,-34.4248771667,-0.8479262590,0.2232734114,-0.4610736370,-0.4500869811,0.4555803239,-0.3802606165,-0.0081915855,-0.1437846571,-0.0605660975,0.2923094332,0.8274172544,0.1260086894,-0.4629270136,17.2124385834,16.4799957275,-34.4248771667,-0.8479262590,0.2232734114,-0.4610736370,-0.4500869811,0.4555803239,-0.3802606165,-0.0081915855,-0.1437846571,-0.0605660975,0.2923094332,0.8274172544,0.1260086894,-0.4629270136,0.0000000000,0.0000000000,0.0000000000,0.0000000000,0.0000000000,0.0000000000,-0.4338511229,0.3715933859,-0.3105563521,0.9851082563,-0.1670836657,-0.0464155674,0.3119962513,0.6641678214,0.1895173639,-0.6525841951,
7036.980,0.1220740378,0.0610370189,0.9765923023,0.0654316843,0.0032959990,-1.0106509924,-0.1573534310,-0.0440687276,-0.4334849119,0.0014181137,0.0072004530,-0.0127090812,0.0316966102,0.0934399590,-0.9952301383,0.0049375081,18.3111057281,16.7241439819,-35.2793960571,-0.8625751734,0.2092349082,-0.4664449096,-0.4560686052,0.4499649107,-0.3839228451,-0.0216200948,-0.1505988687,-0.0619645119,0.2894706130,0.8281135559,0.1292739958,-0.4625652134,18.3111057281,16.7241439819,-35.2793960571,-0.8625751734,0.2092349082,-0.4664449096,-0.4560686052,0.4499649107,-0.3839228451,-0.0216200948,-0.1505988687,-0.0619645119,0.2894706130,0.8281135559,0.1292739958,-0.4625652134,0.0000000000,0.0000000000,0.0000000000,0.0000000000,0.0000000000,0.0000000000,-0.4338511229,0.3720816672,-0.3105563521,0.9851077795,-0.1670840085,-0.0464155078,0.3119959831,0.6641677022,0.1895167232,-0.6525843143,
7036.993,0.1220740378,0.0000000000,0.9765923023,0.0651875362,0.0026856288,-1.0110172033,-0.1545457393,-0.0450453199,-0.4323862493,0.0011729747,0.0065894919,-0.0130753517,0.0316969715,0.0934727639,-0.9952270389,0.0049383054,19.0435504913,17.8228092194,-35.3404350281,-0.8773460984,0.2016663104,-0.4740134776,-0.4548478723,0.4495986700,-0.3855098188,-0.0352955461,-0.1508461386,-0.0653886199,0.2865655124,0.8288444877,0.1325633675,-0.4621339440,19.0435504913,17.8228092194,-35.3404350281,-0.8773460984,0.2016663104,-0.4740134776,-0.4548478723,0.4495986700,-0.3855098188,-0.0352955461,-0.1508461386,-0.0653886199,0.2865655124,0.8288444877,0.1325633675,-0.4621339440,0.0000000000,0.0000000000,0.0000000000,0.0000000000,0.0000000000,0.0000000000,-0.4362926185,0.3706167936,-0.3125095367,0.9851078987,-0.1670845002,-0.0464161634,0.3119857311,0.6641707420,0.1895058900,-0.6525894403,
7037.006,0.1220740378,0.0610370189,0.9765923023,0.0664082766,0.0028077029,-1.0107730627,-0.1547898799,-0.0426038392,-0.4375133514,0.0023760051,0.0067103710,-0.0128323436,0.0317058600,0.0934717581,-0.9952268600,0.0049385088,20.0811786652,19.8980674744,-35.2183609009,-0.8856471181,0.1954405308,-0.4791406095,-0.4587542415,0.4472792745,-0.3844111562,-0.0427173376,-0.1496714354,-0.0660385787,0.2835809588,0.8296563625,0.1358865052,-0.4615526199,20.0811786652,19.8980674744,-35.2183609009,-0.8856471181,0.1954405308,-0.4791406095,-0.4587542415,0.4472792745,-0.3844111562,-0.0427173376,-0.1496714354,-0.0660385787,0.2835809588,0.8296563625,0.1358865052,-0.4615526199,0.0000000000,0.0000000000,0.0000000000,0.0000000000,0.0000000000,0.0000000000,-0.4370250702,0.3730582595,-0.3066499829,0.9851074815,-0.1670848727,-0.0464161634,0.3119958639,0.6641676426,0.1895158440,-0.6525846124,
7037.019,0.1220740378,0.0610370189,0.9765923023,0.0679952428,0.0023194067,-1.0113834143,-0.1564989239,-0.0454115421,-0.4350718856,0.0039377511,0.0062233093,-0.0134443045,0.0317182243,0.0935024098,-0.9952235818,0.0049412833,22.8278446198,24.8420658112,-35.1573219299,-0.8690450788,0.1820123941,-0.4823145270,-0.4608294964,0.4498428404,-0.3840449154,-0.0256808400,-0.1554744095,-0.0638374388,0.2803499699,0.8307151198,0.1392652988,-0.4606140852,22.8278446198,24.8420658112,-35.1573219299,-0.8690450788,0.1820123941,-0.4823145270,-0.4608294964,0.4498428404,-0.3840449154,-0.0256808400,-0.1554744095,-0.0638374388,0.2803499699,0.8307151198,0.1392652988,-0.4606140852,0.0000000000,0.0000000000,0.0000000000,0.0000000000,0.0000000000,0.0000000000,-0.4338511229,0.3706167936,-0.3066499829,0.9851078391,-0.1670853943,-0.0464170575,0.3120013177,0.6641662121,0.1895209700,-0.6525823474,
7037.032,0.1220740378,0.0000000000,0.9765923023,0.0661641285,0.0023194067,-1.0108951330,-0.1530808508,-0.0462660603,-0.4340952933,0.0021010190,0.0062245359,-0.0129564404,0.0317207091,0.0935548022,-0.9952185750,0.0049438276,24.2316970825,26.4290294647,-35.4625091553,-0.8535416722,0.1718802452,-0.4812158644,-0.4610736370,0.4466688931,-0.3831903934,-0.0099263787,-0.1578105092,-0.0570718050,0.2769935429,0.8318410516,0.1426758617,-0.4595677853,24.2316970825,26.4290294647,-35.4625091553,-0.8535416722,0.1718802452,-0.4812158644,-0.4610736370,0.4466688931,-0.3831903934,-0.0099263787,-0.1578105092,-0.0570718050,0.2769935429,0.8318410516,0.1426758617,-0.4595677853,0.0000000000,0.0000000000,0.0000000000,0.0000000000,0.0000000000,0.0000000000,-0.4367808998,0.3735465705,-0.3125095367,0.9851074219,-0.1670857519,-0.0464170575,0.3119985461,0.6641668677,0.1895177960,-0.6525836587,
7037.045,0.1220740378,-0.0610370189,0.9765923023,0.0682393909,0.0039063692,-1.0107730627,-0.1530808508,-0.0426038392,-0.4349497855,0.0041710660,0.0078048818,-0.0128346682,0.0317235924,0.0935590789,-0.9952180982,0.0049409135,25.2082881927,27.1614742279,-36.0118408203,-0.8423108459,0.1615039557,-0.4836573303,-0.4614398777,0.4437391162,-0.3962523341,0.0014439225,-0.1602063030,-0.0537056923,0.2734954655,0.8329992294,0.1460546106,-0.4585023522,25.2082881927,27.1614742279,-36.0118408203,-0.8423108459,0.1615039557,-0.4836573303,-0.4614398777,0.4437391162,-0.3962523341,0.0014439225,-0.1602063030,-0.0537056923,0.2734954655,0.8329992294,0.1460546106,-0.4585023522,0.0000000000,0.0000000000,0.0000000000,0.0000000000,0.0000000000,0.0000000000,-0.4353160262,0.5009918809,-0.3066499829,0.9851072431,-0.1670863032,-0.0464174151,0.3122940063,0.6640809178,0.1898180246,-0.6524424553,
7037.058,0.1220740378,0.0000000000,0.9765923023,0.0679952428,0.0026856288,-1.0105289221,-0.1495406926,-0.0454115421,-0.4279915690,0.0039122328,0.0065835859,-0.0125914812,0.0317306742,0.0936130509,-0.9952127934,0.0049430472,26.3069553375,26.7952518463,-37.2325820923,-0.8446302414,0.1391644031,-0.4963530302,-0.4643696547,0.4388561547,-0.3969847858,-0.0007177591,-0.1742030829,-0.0605920255,0.2698428929,0.8341290951,0.1495090276,-0.4574978948,26.3069553375,26.7952518463,-37.2325820923,-0.8446302414,0.1391644031,-0.4963530302,-0.4643696547,0.4388561547,-0.3969847858,-0.0007177591,-0.1742030829,-0.0605920255,0.2698428929,0.8341290951,0.1495090276,-0.4574978948,0.0000000000,0.0000000000,0.0000000000,0.0000000000,0.0000000000,0.0000000000,-0.4365367591,0.3715933859,-0.3125095367,0.9851073623,-0.1670867801,-0.0464180112,0.3122847676,0.6640836596,0.1898082197,-0.6524471045,
7037.071,0.1220740378,-0.0610370189,0.9765923023,0.0672627985,0.0035401471,-1.0104068518,-0.1533249915,-0.0441908017,-0.4271370471,0.0031793639,0.0074333292,-0.0124693513,0.0317309797,0.0936389714,-0.9952103496,0.0049415156,26.8562889099,27.0394001007,-37.5377655029,-0.8600115776,0.1311075240,-0.5045319796,-0.4637592733,0.4351939559,-0.3969847858,-0.0160185099,-0.1737924963,-0.0629619658,0.2661407888,0.8352373838,0.1529947370,-0.4564910531,26.8562889099,27.0394001007,-37.5377655029,-0.8600115776,0.1311075240,-0.5045319796,-0.4637592733,0.4351939559,-0.3969847858,-0.0160185099,-0.1737924963,-0.0629619658,0.2661407888,0.8352373838,0.1529947370,-0.4564910531,0.0000000000,0.0000000000,0.0000000000,0.0000000000,0.0000000000,0.0000000000,-0.4375133514,0.3725699782,-0.3105563521,0.9851072431,-0.1670872122,-0.0464183092,0.3122823238,0.6640843153,0.1898053437,-0.6524484158,
7037.084,0.1220740378,-0.0610370189,0.9765923023,0.0672627985,0.0019531846,-1.0108951330,-0.1514938772,-0.0450453199,-0.4294564724,0.0031791106,0.0058494611,-0.0129576921,0.0317307524,0.0936809927,-0.9952063560,0.0049444083,27.9549541473,28.3211765289,-37.6598396301,-0.8701437712,0.1242713705,-0.5145420432,-0.4655903876,0.4328745306,-0.3963744044,-0.0262526870,-0.1720301509,-0.0669676363,0.2623496652,0.8363826275,0.1565098614,-0.4553959370,27.9549541473,28.3211765289,-37.6598396301,-0.8701437712,0.1242713705,-0.5145420432,-0.4655903876,0.4328745306,-0.3963744044,-0.0262526870,-0.1720301509,-0.0669676363,0.2623496652,0.8363826275,0.1565098614,-0.4553959370,0.0000000000,0.0000000000,0.0000000000,0.0000000000,0.0000000000,0.0000000000,-0.4367808998,0.3730582595,-0.3125095367,0.9851071239,-0.1670876294,-0.0464187264,0.3122768998,0.6640858650,0.1897994280,-0.6524511576,
7037.097,0.1220740378,-0.0610370189,1.0376293659,0.0665303543,0.0028077029,-1.0118716955,-0.1518601030,-0.0454115421,-0.4299447536,0.0024503469,0.0067035346,-0.0139340758,0.0317287333,0.0937210843,-0.9952027798,0.0049452907,30.9457683563,32.9599914551,-37.4767303467,-0.8672139645,0.1105990782,-0.5261390805,-0.4675435722,0.4272591472,-0.3986938000,-0.0239061117,-0.1768431365,-0.0717436969,0.2582663000,0.8377574086,0.1600133628,-0.4539833069,30.9457683563,32.9599914551,-37.4767303467,-0.8672139645,0.1105990782,-0.5261390805,-0.4675435722,0.4272591472,-0.3986938000,-0.0239061117,-0.1768431365,-0.0717436969,0.2582663000,0.8377574086,0.1600133628,-0.4539833069,0.0000000000,0.0000000000,0.0000000000,0.0000000000,0.0000000000,0.0000000000,-0.4350718856,0.3696402013,-0.3066499829,0.9851068258,-0.1670880318,-0.0464190841,0.3122774959,0.6640855670,0.1897996515,-0.6524509788,
7037.110,0.1220740378,-0.1220740378,1.0376293659,0.0666524246,0.0040284432,-1.0118716955,-0.1546678096,-0.0419934690,-0.4351939559,0.0025861636,0.0079178056,-0.0139331222,0.0317222625,0.0937066227,-0.9952042103,0.0049409629,32.4716949463,35.0352478027,-37.4767303467,-0.8493911624,0.0992461964,-0.5290688872,-0.4663228393,0.4318979383,-0.3995483220,-0.0069537163,-0.1791782379,-0.0675042868,0.2540527880,0.8392124772,0.1635508537,-0.4524100721,32.4716949463,35.0352478027,-37.4767303467,-0.8493911624,0.0992461964,-0.5290688872,-0.4663228393,0.4318979383,-0.3995483220,-0.0069537163,-0.1791782379,-0.0675042868,0.2540527880,0.8392124772,0.1635508537,-0.4524100721,0.0000000000,0.0000000000,0.0000000000,0.0000000000,0.0000000000,0.0000000000,-0.4348277152,0.3740348518,-0.3086031675,0.9851069450,-0.1670884788,-0.0464196801,0.3122853637,0.6640833020,0.1898072511,-0.6524474621,
7037.123,0.1220740378,-0.1220740378,1.0376293659,0.0659199804,0.0039063692,-1.0102847815,-0.1525925547,-0.0430921353,-0.4288460910,0.0018704459,0.0077898656,-0.0123451352,0.0317141600,0.0937143192,-0.9952038527,0.0049375002,33.6924362183,35.8897666931,-37.5377655029,-0.8312021494,0.0888698995,-0.5300454497,-0.4671773314,0.4277474284,-0.4094363153,0.0101749897,-0.1803938448,-0.0611733198,0.2497087568,0.8407013416,0.1670378894,-0.4507876039,33.6924362183,35.8897666931,-37.5377655029,-0.8312021494,0.0888698995,-0.5300454497,-0.4671773314,0.4277474284,-0.4094363153,0.0101749897,-0.1803938448,-0.0611733198,0.2497087568,0.8407013416,0.1670378894,-0.4507876039,0.0000000000,0.0000000000,0.0000000000,0.0000000000,0.0000000000,0.0000000000,-0.4338511229,0.3715933859,-0.3125095367,0.9851068854,-0.1670889258,-0.0464200377,0.3122776747,0.6640855074,0.1897990108,-0.6524512768,
7037.136,0.1831110567,-0.1220740378,1.0986663103,0.0651875362,0.0030518509,-1.0110172033,-0.1573534310,-0.0429700613,-0.4345835745,0.0011585355,0.0069450550,-0.0130762458,0.0317035392,0.0936998650,-0.9952054620,0.0049409089,34.5469512939,34.3028030396,-38.2091751099,-0.7995849252,0.0629902035,-0.5367595553,-0.4671773314,0.4249397218,-0.4076052010,0.0407527089,-0.1968359798,-0.0607565641,0.2452690750,0.8421116471,0.1705682874,-0.4492678344,34.5469512939,34.3028030396,-38.2091751099,-0.7995849252,0.0629902035,-0.5367595553,-0.4671773314,0.4249397218,-0.4076052010,0.0407527089,-0.1968359798,-0.0607565641,0.2452690750,0.8421116471,0.1705682874,-0.4492678344,0.0000000000,0.0000000000,0.0000000000,0.0000000000,0.0000000000,0.0000000000,-0.4367808998,0.3691518903,-0.2929776907,0.9851067662,-0.1670893878,-0.0464203954,0.3123103380,0.6640759706,0.1898318529,-0.6524357796,
7037.149,0.1220740378,-0.1220740378,1.0376293659,0.0645771697,0.0023194067,-1.0099185705,-0.1551561058,-0.0446790978,-0.4322641790,0.0005711988,0.0062145581,-0.0119761229,0.0316918679,0.0937195718,-0.9952040911,0.0049414225,34.4248771667,32.1665077209,-38.6974716187,-0.8000732660,0.0509048738,-0.5435956717,-0.4669331908,0.4254280329,-0.4079714417,0.0393152833,-0.1993703246,-0.0608516932,0.2408555746,0.8433818817,0.1741353273,-0.4479024410,34.4248771667,32.1665077209,-38.6974716187,-0.8000732660,0.0509048738,-0.5435956717,-0.4669331908,0.4254280329,-0.4079714417,0.0393152833,-0.1993703246,-0.0608516932,0.2408555746,0.8433818817,0.1741353273,-0.4479024410,0.0000000000,0.0000000000,0.0000000000,0.0000000000,0.0000000000,0.0000000000,-0.4965972006,0.3671987057,-0.2929776907,0.9851066470,-0.1670898199,-0.0464208126,0.3123019338,0.6640783548,0.1898229122,-0.6524399519,
7037.162,0.1220740378,-0.1220740378,0.9765923023,0.0639667958,0.0020752586,-1.0100406408,-0.1574755162,-0.0472426526,-0.4310434163,-0.0000132173,0.0059728688,-0.0120965838,0.0316785648,0.0937704369,-0.9951995611,0.0049430467,34.4248771667,30.1522865295,-38.7585067749,-0.8135014176,0.0429700613,-0.5490890145,-0.4681539237,0.4192022383,-0.4138309956,0.0250214338,-0.1977128983,-0.0600079298,0.2364645302,0.8445255160,0.1776544303,-0.4467034638,34.4248771667,30.1522865295,-38.7585067749,-0.8135014176,0.0429700613,-0.5490890145,-0.4681539237,0.4192022383,-0.4138309956,0.0250214338,-0.1977128983,-0.0600079298,0.2364645302,0.8445255160,0.1776544303,-0.4467034638,0.0000000000,0.0000000000,0.0000000000,0.0000000000,0.0000000000,0.0000000000,-0.4990386665,0.3667104244,-0.2929776907,0.9851065874,-0.1670902520,-0.0464212894,0.3122907281,0.6640815735,0.1898110956,-0.6524454951,
7037.175,0.1220740378,-0.1220740378,0.9765923023,0.0640888736,0.0037842952,-1.0102847815,-0.1564989239,-0.0448011719,-0.4339731932,0.0001341254,0.0076759034,-0.0123391151,0.0316661410,0.0937923566,-0.9951980114,0.0049395659,35.8897666931,28.1380653381,-38.5753974915,-0.8237556219,0.0197759941,-0.5678884387,-0.4730368853,0.4221320152,-0.4105349779,0.0139617920,-0.2111151814,-0.0727468431,0.2320009023,0.8455767632,0.1811484694,-0.4456509650,35.8897666931,28.1380653381,-38.5753974915,-0.8237556219,0.0197759941,-0.5678884387,-0.4730368853,0.4221320152,-0.4105349779,0.0139617920,-0.2111151814,-0.0727468431,0.2320009023,0.8455767632,0.1811484694,-0.4456509650,0.0000000000,0.0000000000,0.0000000000,0.0000000000,0.0000000000,0.0000000000,-0.4975737929,0.3681752980,-0.2968840599,0.9851064682,-0.1670906544,-0.0464216471,0.3122747540,0.6640861630,0.1897944510,-0.6524533033,
7037.188,0.1220740378,-0.0610370189,0.9765923023,0.0639667958,0.0026856288,-1.0101627111,-0.1527146250,-0.0455336161,-0.4340952933,0.0000271276,0.0065766890,-0.0122160316,0.0316584371,0.0938352048,-0.9951941967,0.0049399463,36.8053207397,27.8939170837,-38.5143585205,-0.8158208132,0.0101321451,-0.5774102211,-0.4735251963,0.4165166318,-0.4154179394,0.0209846497,-0.2108644098,-0.0762509108,0.2274606228,0.8466105461,0.1845920235,-0.4446144700,36.8053207397,27.8939170837,-38.5143585205,-0.8158208132,0.0101321451,-0.5774102211,-0.4735251963,0.4165166318,-0.4154179394,0.0209846497,-0.2108644098,-0.0762509108,0.2274606228,0.8466105461,0.1845920235,-0.4446144700,0.0000000000,0.0000000000,0.0000000000,0.0000000000,0.0000000000,0.0000000000,-0.4997711182,0.3715933859,-0.2968840599,0.9851063490,-0.1670911014,-0.0464220047,0.3122671843,0.6640883088,0.1897863448,-0.6524570584,
7037.201,0.1220740378,-0.0610370189,1.0376293659,0.0646992400,0.0017090365,-1.0093080997,-0.1534470618,-0.0422376171,-0.4316537976,0.0007707402,0.0056050494,-0.0113607049,0.0316526741,0.0938277543,-0.9951950908,0.0049416497,37.5988044739,27.6497688293,-38.6364326477,-0.8023926616,-0.0006103702,-0.5857112408,-0.4734031260,0.4163945317,-0.4187139571,0.0333962440,-0.2115881294,-0.0785760880,0.2228525132,0.8476193547,0.1880246252,-0.4435867071,37.5988044739,27.6497688293,-38.6364326477,-0.8023926616,-0.0006103702,-0.5857112408,-0.4734031260,0.4163945317,-0.4187139571,0.0333962440,-0.2115881294,-0.0785760880,0.2228525132,0.8476193547,0.1880246252,-0.4435867071,0.0000000000,0.0000000000,0.0000000000,0.0000000000,0.0000000000,0.0000000000,-0.4997711182,0.3676870167,-0.2949308753,0.9851063490,-0.1670915186,-0.0464226007,0.3122535646,0.6640923023,0.1897720993,-0.6524637938,
7037.214,0.1220740378,-0.0610370189,0.9765923023,0.0650654659,0.0051271096,-1.0124820471,-0.1532029212,-0.0457777642,-0.4325083196,0.0011472404,0.0090105385,-0.0145339966,0.0316479206,0.0938726589,-0.9951910377,0.0049363277,38.2091751099,26.5511035919,-39.4299125671,-0.7793206573,-0.0238044374,-0.5962095857,-0.4696188271,0.4149296582,-0.4178594351,0.0554358363,-0.2244966626,-0.0832358599,0.2181515694,0.8485603929,0.1915105283,-0.4426319301,38.2091751099,26.5511035919,-39.4299125671,-0.7793206573,-0.0238044374,-0.5962095857,-0.4696188271,0.4149296582,-0.4178594351,0.0554358363,-0.2244966626,-0.0832358599,0.2181515694,0.8485603929,0.1915105283,-0.4426319301,0.0000000000,0.0000000000,0.0000000000,0.0000000000,0.0000000000,0.0000000000,-0.4965972006,0.3681752980,-0.2929776907,0.9851059914,-0.1670918763,-0.0464226604,0.3122481406,0.6640937328,0.1897662282,-0.6524664164,
7037.227,0.1220740378,-0.0610370189,0.9765923023,0.0638447255,0.0026856288,-1.0110172033,-0.1551561058,-0.0451673940,-0.4371471405,-0.0000577420,0.0065685557,-0.0130681396,0.0316399410,0.0939020962,-0.9951885343,0.0049362709,38.0871009827,25.6965847015,-39.9792480469,-0.7796868682,-0.0358897671,-0.6020691395,-0.4680318534,0.4110232890,-0.4181035757,0.0540260673,-0.2261855304,-0.0834697485,0.2134501338,0.8494127989,0.1950429231,-0.4417457879,38.0871009827,25.6965847015,-39.9792480469,-0.7796868682,-0.0358897671,-0.6020691395,-0.4680318534,0.4110232890,-0.4181035757,0.0540260673,-0.2261855304,-0.0834697485,0.2134501338,0.8494127989,0.1950429231,-0.4417457879,0.0000000000,0.0000000000,0.0000000000,0.0000000000,0.0000000000,0.0000000000,-0.4995269775,0.3696402013,-0.2949308753,0.9851061702,-0.1670923680,-0.0464232564,0.3122403026,0.6640960574,0.1897578388,-0.6524704099,
7037.240,0.1220740378,0.0000000000,0.9765923023,0.0650654659,0.0040284432,-1.0119937658,-0.1573534310,-0.0432142094,-0.4380016625,0.0011623576,0.0079042539,-0.0140446424,0.0316406079,0.0938996747,-0.9951887131,0.0049326806,38.0260620117,24.9031028748,-40.3454704285,-0.7837153077,-0.0472426526,-0.6087832451,-0.4705954194,0.4088259637,-0.4244514406,0.0489345193,-0.2270592600,-0.0847672820,0.2087450922,0.8501849771,0.1985894144,-0.4409280121,38.0260620117,24.9031028748,-40.3454704285,-0.7837153077,-0.0472426526,-0.6087832451,-0.4705954194,0.4088259637,-0.4244514406,0.0489345193,-0.2270592600,-0.0847672820,0.2087450922,0.8501849771,0.1985894144,-0.4409280121,0.0000000000,0.0000000000,0.0000000000,0.0000000000,0.0000000000,0.0000000000,-0.4975737929,0.3637806475,-0.2910245061,0.9851060510,-0.1670927852,-0.0464236140,0.3122268617,0.6640999317,0.1897437721,-0.6524769664,
7037.253,0.1220740378,0.0610370189,1.0376293659,0.0653096139,0.0023194067,-1.0104068518,-0.1519821733,-0.0445570238,-0.4360484779,0.0013935715,0.0061972332,-0.0124586225,0.0316468328,0.0939257964,-0.9951860309,0.0049351249,38.0260620117,23.2551040649,-40.5896186829,-0.7838373780,-0.0744651631,-0.6189153790,-0.4724265337,0.4040650725,-0.4299447536,0.0478026271,-0.2436594367,-0.0897856355,0.2040155679,0.8508519530,0.2021387219,-0.4402417541,38.0260620117,23.2551040649,-40.5896186829,-0.7838373780,-0.0744651631,-0.6189153790,-0.4724265337,0.4040650725,-0.4299447536,0.0478026271,-0.2436594367,-0.0897856355,0.2040155679,0.8508519530,0.2021387219,-0.4402417541,0.0000000000,0.0000000000,0.0000000000,0.0000000000,0.0000000000,0.0000000000,-0.4997711182,0.3642689288,-0.2929776907,0.9851059914,-0.1670932472,-0.0464239717,0.3122085929,0.6641052365,0.1897247881,-0.6524858475,
7037.266,0.0610370189,0.0000000000,0.9765923023,0.0672627985,0.0008545183,-1.0113834143,-0.1545457393,-0.0417493209,-0.4289681613,0.0033351704,0.0047302805,-0.0134359002,0.0316527598,0.0939140916,-0.9951870441,0.0049342695,38.0260620117,21.7902164459,-40.5285797119,-0.7779778242,-0.0866725668,-0.6237983108,-0.4725486040,0.4018677473,-0.4299447536,0.0526711345,-0.2452177405,-0.0898384452,0.1993136555,0.8514222503,0.2056795657,-0.4396522939,38.0260620117,21.7902164459,-40.5285797119,-0.7779778242,-0.0866725668,-0.6237983108,-0.4725486040,0.4018677473,-0.4299447536,0.0526711345,-0.2452177405,-0.0898384452,0.1993136555,0.8514222503,0.2056795657,-0.4396522939,0.0000000000,0.0000000000,0.0000000000,0.0000000000,0.0000000000,0.0000000000,-0.4975737929,0.3593859673,-0.3066499829,0.9851056933,-0.1670936495,-0.0464242101,0.3121439517,0.6641239524,0.1896586269,-0.6525168419,
7037.279,0.0610370189,-0.0610370189,0.9765923023,0.0666524246,0.0023194067,-1.0108951330,-0.1549119502,-0.0434583575,-0.4347056448,0.0027267784,0.0061858790,-0.0129474401,0.0316521712,0.0939223692,-0.9951861501,0.0049298145,37.7208786011,19.8980674744,-40.5285797119,-0.7668691278,-0.1022980437,-0.6311227679,-0.4756004512,0.4004028440,-0.4332407713,0.0628408790,-0.2501719296,-0.0926622748,0.1946535558,0.8518813252,0.2092186362,-0.4391807318,37.7208786011,19.8980674744,-40.5285797119,-0.7668691278,-0.1022980437,-0.6311227679,-0.4756004512,0.4004028440,-0.4332407713,0.0628408790,-0.2501719296,-0.0926622748,0.1946535558,0.8518813252,0.2092186362,-0.4391807318,0.0000000000,0.0000000000,0.0000000000,0.0000000000,0.0000000000,0.0000000000,-0.4978179336,0.3652455211,-0.2929776907,0.9851056337,-0.1670940965,-0.0464245677,0.3121300936,0.6641279459,0.1896441132,-0.6525236368,
7037.292,0.0610370189,-0.0610370189,0.9765923023,0.0653096139,0.0039063692,-1.0108951330,-0.1561326981,-0.0456556901,-0.4371471405,0.0013924912,0.0077557638,-0.0129468441,0.0316485576,0.0939548686,-0.9951834679,0.0049219402,36.3170280457,15.1371803284,-40.5896186829,-0.7674794793,-0.1276894510,-0.6477248669,-0.4738914073,0.3964964747,-0.4359263778,0.0616257787,-0.2649285793,-0.1055318117,0.1901449412,0.8521023989,0.2127489001,-0.4390311539,36.3170280457,15.1371803284,-40.5896186829,-0.7674794793,-0.1276894510,-0.6477248669,-0.4738914073,0.3964964747,-0.4359263778,0.0616257787,-0.2649285793,-0.1055318117,0.1901449412,0.8521023989,0.2127489001,-0.4390311539,0.0000000000,0.0000000000,0.0000000000,0.0000000000,0.0000000000,0.0000000000,-0.4997711182,0.3637806475,-0.3086031675,0.9851057529,-0.1670944840,-0.0464251637,0.3120724857,0.6641446948,0.1895851195,-0.6525514126,
7037.305,0.1220740378,0.0000000000,0.9765923023,0.0668965727,0.0045167394,-1.0106509924,-0.1564989239,-0.0460219122,-0.4388561547,0.0029694587,0.0083567528,-0.0127032995,0.0316538066,0.0939906016,-0.9951797724,0.0049188770,35.5235443115,13.1229591370,-40.8337669373,-0.7621082067,-0.1477095932,-0.6538285613,-0.4773094952,0.3951536715,-0.4360484779,0.0664830208,-0.2742907405,-0.1082689166,0.1857110113,0.8521890044,0.2163273394,-0.4390120506,35.5235443115,13.1229591370,-40.8337669373,-0.7621082067,-0.1477095932,-0.6538285613,-0.4773094952,0.3951536715,-0.4360484779,0.0664830208,-0.2742907405,-0.1082689166,0.1857110113,0.8521890044,0.2163273394,-0.4390120506,0.0000000000,0.0000000000,0.0000000000,0.0000000000,0.0000000000,0.0000000000,-0.4987945259,0.3632923365,-0.2968840599,0.9851055741,-0.1670949310,-0.0464254618,0.3120429516,0.6641532183,0.1895546764,-0.6525656581,
7037.318,0.1220740378,-0.0610370189,0.9155552983,0.0653096139,0.0024414808,-1.0107730627,-0.1572313607,-0.0406506546,-0.4383678734,0.0013909787,0.0062817298,-0.0128248334,0.0316497199,0.0939604640,-0.9951827526,0.0049176365,34.7300643921,10.6814785004,-41.1999893188,-0.7619861364,-0.1610156596,-0.6578570008,-0.4760887623,0.3934446275,-0.4344615042,0.0662364364,-0.2769337893,-0.1093767285,0.1813699007,0.8521209359,0.2199407965,-0.4391637743,34.7300643921,10.6814785004,-41.1999893188,-0.7619861364,-0.1610156596,-0.6578570008,-0.4760887623,0.3934446275,-0.4344615042,0.0662364364,-0.2769337893,-0.1093767285,0.1813699007,0.8521209359,0.2199407965,-0.4391637743,0.0000000000,0.0000000000,0.0000000000,0.0000000000,0.0000000000,0.0000000000,-0.4990386665,0.3623157442,-0.3066499829,0.9851055741,-0.1670953333,-0.0464258790,0.3119866848,0.6641695499,0.1894970536,-0.6525927186,
7037.331,0.0610370189,-0.0610370189,0.9765923023,0.0657979101,0.0035401471,-1.0121158361,-0.1561326981,-0.0439466536,-0.4257942438,0.0018857718,0.0073652756,-0.0141671300,0.0316471234,0.0939736590,-0.9951816201,0.0049102195,32.8379173279,4.6388134956,-42.2376174927,-0.7613757849,-0.1759086847,-0.6584673524,-0.4821924567,0.3905148506,-0.4470351338,0.0669904947,-0.2811598182,-0.1080576777,0.1772232205,0.8517390490,0.2235829234,-0.4397579730,32.8379173279,4.6388134956,-42.2376174927,-0.7613757849,-0.1759086847,-0.6584673524,-0.4821924567,0.3905148506,-0.4470351338,0.0669904947,-0.2811598182,-0.1080576777,0.1772232205,0.8517390490,0.2235829234,-0.4397579730,0.0000000000,0.0000000000,0.0000000000,0.0000000000,0.0000000000,0.0000000000,-0.4983062148,0.3598742783,-0.3086031675,0.9851053357,-0.1670956612,-0.0464261770,0.3119194210,0.6641889811,0.1894282550,-0.6526249647,
7037.344,0.1220740378,-0.1220740378,0.9155552983,0.0662862062,0.0021973327,-1.0100406408,-0.1547898799,-0.0428479873,-0.4294564724,0.0023880601,0.0060239695,-0.0120910406,0.0316400416,0.0939811245,-0.9951811433,0.0049105482,31.9833984375,1.4038513899,-42.3596916199,-0.7701650858,-0.1787163913,-0.6540727019,-0.4821924567,0.3855098188,-0.4495986700,0.0585908890,-0.2733915448,-0.1023309827,0.1732178032,0.8511742353,0.2271945029,-0.4405958652,31.9833984375,1.4038513899,-42.3596916199,-0.7701650858,-0.1787163913,-0.6540727019,-0.4821924567,0.3855098188,-0.4495986700,0.0585908890,-0.2733915448,-0.1023309827,0.1732178032,0.8511742353,0.2271945029,-0.4405958652,0.0000000000,0.0000000000,0.0000000000,0.0000000000,0.0000000000,0.0000000000,-0.4987945259,0.3628040552,-0.3086031675,0.9851052761,-0.1670960635,-0.0464265347,0.3118606210,0.6642060280,0.1893680543,-0.6526532173,
7037.357,0.1831110567,-0.0610370189,0.9765923023,0.0650654659,0.0051271096,-1.0115054846,-0.1568651348,-0.0440687276,-0.4337290525,0.0011771172,0.0089521129,-0.0135552883,0.0316351801,0.0939922854,-0.9951802492,0.0049096276,31.3730278015,-0.8545182943,-42.1155433655,-0.7873775363,-0.1772515029,-0.6441847086,-0.4853663743,0.3831903934,-0.4373912811,0.0419387817,-0.2614949942,-0.0915946960,0.1693823189,0.8504487276,0.2308155745,-0.4416045845,31.3730278015,-0.8545182943,-42.1155433655,-0.7873775363,-0.1772515029,-0.6441847086,-0.4853663743,0.3831903934,-0.4373912811,0.0419387817,-0.2614949942,-0.0915946960,0.1693823189,0.8504487276,0.2308155745,-0.4416045845,0.0000000000,0.0000000000,0.0000000000,0.0000000000,0.0000000000,0.0000000000,-0.4985503852,0.3569445014,-0.3105563521,0.9851052165,-0.1670964658,-0.0464270115,0.3117807806,0.6642291546,0.1892864257,-0.6526915431,
7037.370,0.1220740378,-0.0610370189,0.9765923023,0.0653096139,0.0032959990,-1.0101627111,-0.1545457393,-0.0463881344,-0.4275032878,0.0014293715,0.0071177608,-0.0122119784,0.0316310450,0.0940415934,-0.9951758385,0.0049091973,31.7392501831,-0.7324442267,-41.0779151917,-0.7943357825,-0.1838435084,-0.6368602514,-0.4868312776,0.3805047870,-0.4433729053,0.0354542732,-0.2577810585,-0.0835074186,0.1655641347,0.8497149348,0.2343175858,-0.4426195621,31.7392501831,-0.7324442267,-41.0779151917,-0.7943357825,-0.1838435084,-0.6368602514,-0.4868312776,0.3805047870,-0.4433729053,0.0354542732,-0.2577810585,-0.0835074186,0.1655641347,0.8497149348,0.2343175858,-0.4426195621,0.0000000000,0.0000000000,0.0000000000,0.0000000000,0.0000000000,0.0000000000,-0.4983062148,0.3510849476,-0.3086031675,0.9851051569,-0.1670968235,-0.0464274287,0.3116889000,0.6642557383,0.1891925782,-0.6527355909,
7037.383,0.1220740378,-0.0610370189,0.9155552983,0.0642109439,0.0052491836,-1.0102847815,-0.1562547684,-0.0426038392,-0.4316537976,0.0003442168,0.0090573840,-0.0123330951,0.0316249542,0.0940410346,-0.9951759577,0.0049017901,31.9833984375,0.1220740378,-40.4065055847,-0.7986083627,-0.1912900209,-0.6297799349,-0.4854884446,0.3774529397,-0.4475234151,0.0315029025,-0.2550016642,-0.0756376982,0.1617395729,0.8489950299,0.2377444357,-0.4435867369,31.9833984375,0.1220740378,-40.4065055847,-0.7986083627,-0.1912900209,-0.6297799349,-0.4854884446,0.3774529397,-0.4475234151,0.0315029025,-0.2550016642,-0.0756376982,0.1617395729,0.8489950299,0.2377444357,-0.4435867369,0.0000000000,0.0000000000,0.0000000000,0.0000000000,0.0000000000,0.0000000000,-0.4987945259,0.3549913168,-0.3105563521,0.9851049185,-0.1670971811,-0.0464276075,0.3116040230,0.6642802358,0.1891058534,-0.6527761817,
7037.396,0.1220740378,-0.0610370189,0.9765923023,0.0634784997,0.0034180731,-1.0101627111,-0.1549119502,-0.0426038392,-0.4336069822,-0.0003712177,0.0072225067,-0.0122098923,0.0316166580,0.0940385833,-0.9951766133,0.0048990324,32.2885818481,0.9765923023,-39.5519866943,-0.8071535230,-0.1993469000,-0.6245307922,-0.4878078699,0.3731803298,-0.4461806118,0.0231304765,-0.2529353499,-0.0695768595,0.1579269171,0.8482853174,0.2411076725,-0.4445021152,32.2885818481,0.9765923023,-39.5519866943,-0.8071535230,-0.1993469000,-0.6245307922,-0.4878078699,0.3731803298,-0.4461806118,0.0231304765,-0.2529353499,-0.0695768595,0.1579269171,0.8482853174,0.2411076725,-0.4445021152,0.0000000000,0.0000000000,0.0000000000,0.0000000000,0.0000000000,0.0000000000,-0.4985503852,0.3525498211,-0.3125095367,0.9851050377,-0.1670976132,-0.0464281440,0.3115080595,0.6643080711,0.1890078336,-0.6528221965,
7037.409,0.1220740378,0.0000000000,0.9765923023,0.0634784997,0.0030518509,-1.0106509924,-0.1575975865,-0.0424817652,-0.4320200086,-0.0003647432,0.0068543488,-0.0126978159,0.0316135809,0.0940271914,-0.9951777458,0.0048974017,32.8379173279,2.5635547638,-37.5988044739,-0.7970213890,-0.2164372653,-0.6267281175,-0.4896389544,0.3715933859,-0.4452040195,0.0331673026,-0.2600915730,-0.0707624555,0.1541034430,0.8476575613,0.2443432361,-0.4452744126,32.8379173279,2.5635547638,-37.5988044739,-0.7970213890,-0.2164372653,-0.6267281175,-0.4896389544,0.3715933859,-0.4452040195,0.0331673026,-0.2600915730,-0.0707624555,0.1541034430,0.8476575613,0.2443432361,-0.4452744126,0.0000000000,0.0000000000,0.0000000000,0.0000000000,0.0000000000,0.0000000000,-0.4985503852,0.3520615399,-0.3125095367,0.9851047993,-0.1670979410,-0.0464284420,0.3114110529,0.6643360257,0.1889087856,-0.6528685689,
7037.422,0.1220740378,0.0000000000,0.9765923023,0.0646992400,0.0026856288,-1.0110172033,-0.1579638124,-0.0419934690,-0.4288460910,0.0008565411,0.0064880149,-0.0130640268,0.0316134021,0.0940092653,-0.9951794147,0.0048967511,32.5937690735,2.0752587318,-36.5611724854,-0.7989745736,-0.2205877900,-0.6245307922,-0.4895168841,0.3678090870,-0.4504531920,0.0310927033,-0.2545056939,-0.0677058697,0.1503542513,0.8470022678,0.2474738955,-0.4460730255,32.5937690735,2.0752587318,-36.5611724854,-0.7989745736,-0.2205877900,-0.6245307922,-0.4895168841,0.3678090870,-0.4504531920,0.0310927033,-0.2545056939,-0.0677058697,0.1503542513,0.8470022678,0.2474738955,-0.4460730255,0.0000000000,0.0000000000,0.0000000000,0.0000000000,0.0000000000,0.0000000000,-0.4978179336,0.3515732288,-0.3086031675,0.9851049185,-0.1670983583,-0.0464289784,0.3113227785,0.6643615961,0.1888186038,-0.6529108882,
7037.435,0.1220740378,0.0000000000,0.9765923023,0.0637226477,0.0029297769,-1.0112613440,-0.1558885425,-0.0452894680,-0.4328745306,-0.0001146421,0.0067308499,-0.0133078098,0.0316106230,0.0940389484,-0.9951767921,0.0048967847,32.4716949463,1.6479995251,-35.3404350281,-0.8073976636,-0.2284005284,-0.6195257306,-0.4886623621,0.3661000431,-0.4539933503,0.0225384831,-0.2527815700,-0.0620066524,0.1466784477,0.8463199735,0.2504914105,-0.4469070435,32.4716949463,1.6479995251,-35.3404350281,-0.8073976636,-0.2284005284,-0.6195257306,-0.4886623621,0.3661000431,-0.4539933503,0.0225384831,-0.2527815700,-0.0620066524,0.1466784477,0.8463199735,0.2504914105,-0.4469070435,0.0000000000,0.0000000000,0.0000000000,0.0000000000,0.0000000000,0.0000000000,-0.4992828071,0.3540147245,-0.3105563521,0.9851046801,-0.1670987457,-0.0464292169,0.3112365603,0.6643864512,0.1887305230,-0.6529520750,
7037.448,0.1220740378,0.0000000000,0.9765923023,0.0633564293,0.0025635548,-1.0110172033,-0.1535691470,-0.0457777642,-0.4384899437,-0.0004737377,0.0063651265,-0.0130631924,0.0316068456,0.0940805450,-0.9951729178,0.0048980182,32.7768783569,3.6011841297,-33.2041397095,-0.7893307209,-0.2595294118,-0.6190374494,-0.4897610545,0.3641468585,-0.4508194327,0.0401840806,-0.2745402455,-0.0605617166,0.1429782361,0.8457351923,0.2534043491,-0.4475704730,32.7768783569,3.6011841297,-33.2041397095,-0.7893307209,-0.2595294118,-0.6190374494,-0.4897610545,0.3641468585,-0.4508194327,0.0401840806,-0.2745402455,-0.0605617166,0.1429782361,0.8457351923,0.2534043491,-0.4475704730,0.0000000000,0.0000000000,0.0000000000,0.0000000000,0.0000000000,0.0000000000,-0.4987945259,0.3491317630,-0.3125095367,0.9851046801,-0.1670991182,-0.0464296341,0.3111321330,0.6644166112,0.1886239052,-0.6530020237,
7037.461,0.1220740378,0.0610370189,0.9765923023,0.0664082766,0.0018311106,-1.0104068518,-0.1561326981,-0.0468764305,-0.4344615042,0.0025593489,0.0056367889,-0.0124540329,0.0316157639,0.0941289291,-0.9951679707,0.0049024862,33.3262138367,4.5777764320,-32.6548042297,-0.7798089385,-0.2721030414,-0.6189153790,-0.4919583797,0.3585314453,-0.4482558668,0.0491103530,-0.2777463198,-0.0593835711,0.1392336488,0.8451798558,0.2562826276,-0.4481607974,33.3262138367,4.5777764320,-32.6548042297,-0.7798089385,-0.2721030414,-0.6189153790,-0.4919583797,0.3585314453,-0.4482558668,0.0491103530,-0.2777463198,-0.0593835711,0.1392336488,0.8451798558,0.2562826276,-0.4481607974,0.0000000000,0.0000000000,0.0000000000,0.0000000000,0.0000000000,0.0000000000,-0.4963530302,0.3520615399,-0.3105563521,0.9851044416,-0.1670995206,-0.0464298725,0.3110429049,0.6644423008,0.1885327697,-0.6530445814,
7037.474,0.1220740378,0.0610370189,0.9765923023,0.0657979101,0.0018311106,-1.0110172033,-0.1549119502,-0.0402844325,-0.4344615042,0.0019335151,0.0056408821,-0.0130653977,0.0316234492,0.0940954462,-0.9951708913,0.0049041915,33.3872489929,5.1271095276,-32.2885818481,-0.7630848289,-0.2866298556,-0.6162297726,-0.4914700687,0.3560899794,-0.4563127458,0.0651015639,-0.2829110622,-0.0555981994,0.1354525387,0.8446402550,0.2591187358,-0.4487057328,33.3872489929,5.1271095276,-32.2885818481,-0.7630848289,-0.2866298556,-0.6162297726,-0.4914700687,0.3560899794,-0.4563127458,0.0651015639,-0.2829110622,-0.0555981994,0.1354525387,0.8446402550,0.2591187358,-0.4487057328,0.0000000000,0.0000000000,0.0000000000,0.0000000000,0.0000000000,0.0000000000,-0.4970854819,0.3457136750,-0.3125095367,0.9851043820,-0.1670999080,-0.0464301705,0.3109302819,0.6644747853,0.1884178370,-0.6530983448,
7037.487,0.1220740378,0.0000000000,0.9765923023,0.0683614612,0.0035401471,-1.0105289221,-0.1552781761,-0.0448011719,-0.4281136394,0.0044795349,0.0073455521,-0.0125782490,0.0316322632,0.0941213816,-0.9951681495,0.0049036685,33.2041397095,4.5167393684,-32.1665077209,-0.7331766486,-0.3093356192,-0.6175725460,-0.4942777753,0.3515732288,-0.4542374909,0.0942211151,-0.2962002754,-0.0559194088,0.1316634566,0.8440589309,0.2619826496,-0.4492640495,33.2041397095,4.5167393684,-32.1665077209,-0.7331766486,-0.3093356192,-0.6175725460,-0.4942777753,0.3515732288,-0.4542374909,0.0942211151,-0.2962002754,-0.0559194088,0.1316634566,0.8440589309,0.2619826496,-0.4492640495,0.0000000000,0.0000000000,0.0000000000,0.0000000000,0.0000000000,0.0000000000,-0.4992828071,0.3520615399,-0.3105563521,0.9851045012,-0.1671003103,-0.0464307070,0.3108403087,0.6645007730,0.1883259416,-0.6531413794,
7037.500,0.1220740378,-0.0610370189,0.9765923023,0.0675069466,0.0037842952,-1.0115054846,-0.1555223316,-0.0449232459,-0.4283578098,0.0036227480,0.0075841681,-0.0135548711,0.0316335298,0.0941480100,-0.9951655865,0.0049018678,31.1899166107,-1.1597033739,-32.2275466919,-0.7428205013,-0.3128757477,-0.6145207286,-0.4940336347,0.3536484838,-0.4597308338,0.0843082070,-0.2905473709,-0.0527618527,0.1281669438,0.8431984186,0.2648385167,-0.4502152801,31.1899166107,-1.1597033739,-32.2275466919,-0.7428205013,-0.3128757477,-0.6145207286,-0.4940336347,0.3536484838,-0.4597308338,0.0843082070,-0.2905473709,-0.0527618527,0.1281669438,0.8431984186,0.2648385167,-0.4502152801,0.0000000000,0.0000000000,0.0000000000,0.0000000000,0.0000000000,0.0000000000,-0.4968413413,0.3510849476,-0.3125095367,0.9851042032,-0.1671006680,-0.0464309454,0.3107447624,0.6645281911,0.1882283837,-0.6531869173,
7037.513,0.1220740378,-0.0610370189,0.9765923023,0.0688497573,0.0036622211,-1.0119937658,-0.1554002464,-0.0423596911,-0.4294564724,0.0049568340,0.0074572014,-0.0140437484,0.0316381380,0.0941414386,-0.9951661825,0.0048996340,30.1522865295,-3.7842950821,-31.9223613739,-0.7480697036,-0.3209326565,-0.6275826097,-0.4939115644,0.3504745662,-0.4581438601,0.0789698958,-0.2895838320,-0.0661233664,0.1248311177,0.8422117829,0.2676798999,-0.4513176084,30.1522865295,-3.7842950821,-31.9223613739,-0.7480697036,-0.3209326565,-0.6275826097,-0.4939115644,0.3504745662,-0.4581438601,0.0789698958,-0.2895838320,-0.0661233664,0.1248311177,0.8422117829,0.2676798999,-0.4513176084,0.0000000000,0.0000000000,0.0000000000,0.0000000000,0.0000000000,0.0000000000,-0.5000152588,0.3476668596,-0.3125095367,0.9851042628,-0.1671010554,-0.0464314222,0.3106376529,0.6645590663,0.1881190687,-0.6532380581,
7037.526,0.1220740378,-0.1220740378,0.9765923023,0.0676290169,0.0034180731,-1.0111392736,-0.1554002464,-0.0424817652,-0.4333628416,0.0037437901,0.0072093755,-0.0131887197,0.0316345058,0.0941355750,-0.9951667786,0.0048972531,29.4198436737,-4.9439983368,-31.5561389923,-0.7763909101,-0.3167821169,-0.5987731814,-0.4950102270,0.3487655222,-0.4599749744,0.0507255793,-0.2766074538,-0.0379895568,0.1216448322,0.8411184549,0.2704724073,-0.4525601566,29.4198436737,-4.9439983368,-31.5561389923,-0.7763909101,-0.3167821169,-0.5987731814,-0.4950102270,0.3487655222,-0.4599749744,0.0507255793,-0.2766074538,-0.0379895568,0.1216448322,0.8411184549,0.2704724073,-0.4525601566,0.0000000000,0.0000000000,0.0000000000,0.0000000000,0.0000000000,0.0000000000,-0.4980620742,0.3481551707,-0.3535264134,0.9851040840,-0.1671014279,-0.0464316010,0.3104450703,0.6646144390,0.1879228354,-0.6533296704,
7037.539,0.1220740378,-0.1220740378,0.9765923023,0.0681173131,0.0032959990,-1.0115054846,-0.1549119502,-0.0424817652,-0.4373912811,0.0042374507,0.0070842505,-0.0135545731,0.0316320024,0.0941302329,-0.9951673746,0.0048953104,30.3964347839,-0.9765923023,-30.8847312927,-0.7509995103,-0.3547471464,-0.6225776076,-0.4917142391,0.3452253938,-0.4566789865,0.0756540895,-0.3056207001,-0.0618239045,0.1182462052,0.8402097225,0.2732552290,-0.4534765482,30.3964347839,-0.9765923023,-30.8847312927,-0.7509995103,-0.3547471464,-0.6225776076,-0.4917142391,0.3452253938,-0.4566789865,0.0756540895,-0.3056207001,-0.0618239045,0.1182462052,0.8402097225,0.2732552290,-0.4534765482,0.0000000000,0.0000000000,0.0000000000,0.0000000000,0.0000000000,0.0000000000,-0.4992828071,0.3462019861,-0.3535264134,0.9851041436,-0.1671018153,-0.0464320779,0.3102471530,0.6646713614,0.1877211779,-0.6534238458,
7037.552,0.1220740378,-0.1831110567,1.0376293659,0.0670186505,0.0030518509,-1.0116275549,-0.1541795135,-0.0408948027,-0.4333628416,0.0031602308,0.0068389494,-0.0136752725,0.0316215046,0.0941019878,-0.9951704144,0.0048928261,30.4574718475,-0.4272591472,-30.9457683563,-0.7424542904,-0.3598742783,-0.6178166866,-0.4959868193,0.3429059684,-0.4598529041,0.0836188793,-0.3017899990,-0.0570640564,0.1148310602,0.8392986655,0.2760396302,-0.4543539286,30.4574718475,-0.4272591472,-30.9457683563,-0.7424542904,-0.3598742783,-0.6178166866,-0.4959868193,0.3429059684,-0.4598529041,0.0836188793,-0.3017899990,-0.0570640564,0.1148310602,0.8392986655,0.2760396302,-0.4543539286,0.0000000000,0.0000000000,0.0000000000,0.0000000000,0.0000000000,0.0000000000,-0.4983062148,0.3471785784,-0.3554795980,0.9851039052,-0.1671021134,-0.0464321971,0.3100496233,0.6647279859,0.1875199527,-0.6535176635,
7037.565,0.1220740378,-0.1831110567,1.0376293659,0.0664082766,0.0048829615,-1.0106509924,-0.1535691470,-0.0430921353,-0.4408093393,0.0025738701,0.0086598527,-0.0126971006,0.0316100083,0.0941028148,-0.9951708317,0.0048866346,30.5795459747,-0.5493331552,-31.0068054199,-0.7347636223,-0.3612170815,-0.6132999659,-0.5006256104,0.3422956169,-0.4583880007,0.0906791091,-0.2941808999,-0.0526176691,0.1114280596,0.8383547664,0.2788300216,-0.4552391171,30.5795459747,-0.5493331552,-31.0068054199,-0.7347636223,-0.3612170815,-0.6132999659,-0.5006256104,0.3422956169,-0.4583880007,0.0906791091,-0.2941808999,-0.0526176691,0.1114280596,0.8383547664,0.2788300216,-0.4552391171,0.0000000000,0.0000000000,0.0000000000,0.0000000000,0.0000000000,0.0000000000,-0.4990386665,0.3437604904,-0.3574327826,0.9851039648,-0.1671024561,-0.0464325547,0.3098390102,0.6647883654,0.1873054206,-0.6536176801,
7037.578,0.1220740378,-0.1831110567,0.9765923023,0.0651875362,0.0047608875,-1.0117496252,-0.1560106277,-0.0465102084,-0.4338511229,0.0013833642,0.0085275639,-0.0137938261,0.0315952003,0.0941473991,-0.9951669574,0.0048815371,31.1288795471,-0.7324442267,-31.0678424835,-0.7240211368,-0.3613391519,-0.5958433747,-0.4964751005,0.3383892477,-0.4566789865,0.1007688046,-0.2853035927,-0.0353487134,0.1079950258,0.8373772502,0.2815853357,-0.4561685324,31.1288795471,-0.7324442267,-31.0678424835,-0.7240211368,-0.3613391519,-0.5958433747,-0.4964751005,0.3383892477,-0.4566789865,0.1007688046,-0.2853035927,-0.0353487134,0.1079950258,0.8373772502,0.2815853357,-0.4561685324,0.0000000000,0.0000000000,0.0000000000,0.0000000000,0.0000000000,0.0000000000,-0.4968413413,0.3491317630,-0.3535264134,0.9851039052,-0.1671028137,-0.0464329123,0.3096537888,0.6648414135,0.1871167272,-0.6537055969,
7037.591,0.1220740378,-0.1831110567,0.9765923023,0.0628681332,0.0035401471,-1.0107730627,-0.1525925547,-0.0428479873,-0.4343394339,-0.0008948669,0.0073026596,-0.0128145814,0.0315748416,0.0941546485,-0.9951669574,0.0048777489,31.5561389923,-0.6103702188,-31.0678424835,-0.7196264267,-0.3651234508,-0.5891293287,-0.4983062148,0.3337504268,-0.4646137953,0.1044478416,-0.2800655961,-0.0288783312,0.1045248434,0.8363895416,0.2842916548,-0.4571094811,31.5561389923,-0.6103702188,-31.0678424835,-0.7196264267,-0.3651234508,-0.5891293287,-0.4983062148,0.3337504268,-0.4646137953,0.1044478416,-0.2800655961,-0.0288783312,0.1045248434,0.8363895416,0.2842916548,-0.4571094811,0.0000000000,0.0000000000,0.0000000000,0.0000000000,0.0000000000,0.0000000000,-0.4995269775,0.3452253938,-0.3593859673,0.9851037860,-0.1671031117,-0.0464332104,0.3094451427,0.6649010181,0.1869042516,-0.6538044810,
7037.604,0.1831110567,-0.1220740378,0.9765923023,0.0607928708,0.0034180731,-1.0095522404,-0.1562547684,-0.0472426526,-0.4393444657,-0.0029299632,0.0071876543,-0.0115911961,0.0315542296,0.0942064300,-0.9951627254,0.0048810127,31.9223613739,-0.4882961512,-31.1288795471,-0.7096163630,-0.3711050749,-0.5797296166,-0.4976958632,0.3275246322,-0.4642475545,0.1136725545,-0.2769790292,-0.0197742581,0.1010202691,0.8353824019,0.2869801819,-0.4580580890,31.9223613739,-0.4882961512,-31.1288795471,-0.7096163630,-0.3711050749,-0.5797296166,-0.4976958632,0.3275246322,-0.4642475545,0.1136725545,-0.2769790292,-0.0197742581,0.1010202691,0.8353824019,0.2869801819,-0.4580580890,0.0000000000,0.0000000000,0.0000000000,0.0000000000,0.0000000000,0.0000000000,-0.4997711182,0.3452253938,-0.3535264134,0.9851037860,-0.1671034694,-0.0464336276,0.3092489541,0.6649570465,0.1867044121,-0.6538974643,
7037.617,0.1220740378,-0.0610370189,0.9765923023,0.0609149449,0.0021973327,-1.0100406408,-0.1532029212,-0.0474868007,-0.4329966009,-0.0027789958,0.0059693488,-0.0120778084,0.0315393917,0.0942722335,-0.9951569438,0.0048829457,31.8002872467,-1.3428144455,-31.7392501831,-0.6977751851,-0.3914914429,-0.5757011771,-0.4992828071,0.3245948553,-0.4591204524,0.1247249842,-0.2881595492,-0.0162097216,0.0975031257,0.8342900276,0.2897404432,-0.4590723515,31.8002872467,-1.3428144455,-31.7392501831,-0.6977751851,-0.3914914429,-0.5757011771,-0.4992828071,0.3245948553,-0.4591204524,0.1247249842,-0.2881595492,-0.0162097216,0.0975031257,0.8342900276,0.2897404432,-0.4590723515,0.0000000000,0.0000000000,0.0000000000,0.0000000000,0.0000000000,0.0000000000,-0.4973296225,0.3422956169,-0.3535264134,0.9851034880,-0.1671037525,-0.0464338660,0.3090466261,0.6650146842,0.1864983737,-0.6539931893,
7037.630,0.1220740378,-0.0610370189,0.9765923023,0.0614032410,0.0031739250,-1.0090639591,-0.1525925547,-0.0472426526,-0.4392223954,-0.0022646524,0.0069435174,-0.0110994577,0.0315262154,0.0943350419,-0.9951514006,0.0048824963,31.3119907379,-2.3194067478,-32.2275466919,-0.7020477653,-0.4058961868,-0.5741142035,-0.5006256104,0.3237403631,-0.4620502293,0.1196981072,-0.2933299541,-0.0152962208,0.0940232426,0.8331115246,0.2925371230,-0.4601636827,31.3119907379,-2.3194067478,-32.2275466919,-0.7020477653,-0.4058961868,-0.5741142035,-0.5006256104,0.3237403631,-0.4620502293,0.1196981072,-0.2933299541,-0.0152962208,0.0940232426,0.8331115246,0.2925371230,-0.4601636827,0.0000000000,0.0000000000,0.0000000000,0.0000000000,0.0000000000,0.0000000000,-0.4983062148,0.3418073058,-0.3554795980,0.9851034880,-0.1671040952,-0.0464342237,0.3088394701,0.6650736928,0.1862874180,-0.6540911794,
7037.643,0.1220740378,0.0000000000,0.9765923023,0.0604266487,0.0020752586,-1.0088198185,-0.1572313607,-0.0444349498,-0.4373912811,-0.0032212250,0.0058478652,-0.0108540058,0.0315160304,0.0943473428,-0.9951505661,0.0048834393,30.8847312927,-3.4180731773,-32.5937690735,-0.7179174423,-0.4220099449,-0.5695974827,-0.5008697510,0.3209326565,-0.4671773314,0.1031473279,-0.3002016544,-0.0117167830,0.0905872285,0.8318403363,0.2953400314,-0.4613606036,30.8847312927,-3.4180731773,-32.5937690735,-0.7179174423,-0.4220099449,-0.5695974827,-0.5008697510,0.3209326565,-0.4671773314,0.1031473279,-0.3002016544,-0.0117167830,0.0905872285,0.8318403363,0.2953400314,-0.4613606036,0.0000000000,0.0000000000,0.0000000000,0.0000000000,0.0000000000,0.0000000000,-0.4992828071,0.3418073058,-0.3535264134,0.9851034880,-0.1671044677,-0.0464346409,0.3086366057,0.6651314497,0.1860808283,-0.6541870832,
7037.656,0.1220740378,0.0610370189,0.9765923023,0.0631122813,0.0021973327,-1.0096743107,-0.1538132876,-0.0444349498,-0.4322641790,-0.0005392805,0.0059723421,-0.0117087960,0.0315176398,0.0943711028,-0.9951482415,0.0048855627,31.3119907379,-2.9297769070,-32.9599914551,-0.7201147676,-0.4416638613,-0.5785088539,-0.4974516928,0.3184911609,-0.4607074261,0.1001299620,-0.3105056286,-0.0215419531,0.0870881453,0.8305561543,0.2981671989,-0.4625280797,31.3119907379,-2.9297769070,-32.9599914551,-0.7201147676,-0.4416638613,-0.5785088539,-0.4974516928,0.3184911609,-0.4607074261,0.1001299620,-0.3105056286,-0.0215419531,0.0870881453,0.8305561543,0.2981671989,-0.4625280797,0.0000000000,0.0000000000,0.0000000000,0.0000000000,0.0000000000,0.0000000000,-0.4995269775,0.3408307135,-0.3574327826,0.9851033092,-0.1671048105,-0.0464347601,0.3084240258,0.6651918292,0.1858644038,-0.6542873979,
7037.669,0.1220740378,0.0610370189,0.9765923023,0.0661641285,0.0035401471,-1.0106509924,-0.1536912173,-0.0443128757,-0.4371471405,0.0024941713,0.0073109269,-0.0126866102,0.0315269008,0.0943924263,-0.9951460361,0.0048850020,31.4340648651,-2.9297769070,-33.0210266113,-0.7159642577,-0.4460585415,-0.5799737573,-0.5031892061,0.3131199181,-0.4699850380,0.1033846140,-0.3055630326,-0.0239656568,0.0835770667,0.8292579651,0.3009638488,-0.4636925757,31.4340648651,-2.9297769070,-33.0210266113,-0.7159642577,-0.4460585415,-0.5799737573,-0.5031892061,0.3131199181,-0.4699850380,0.1033846140,-0.3055630326,-0.0239656568,0.0835770667,0.8292579651,0.3009638488,-0.4636925757,0.0000000000,0.0000000000,0.0000000000,0.0000000000,0.0000000000,0.0000000000,-0.5000152588,0.3388775289,-0.3593859673,0.9851032495,-0.1671051234,-0.0464350581,0.3082027435,0.6652545929,0.1856391430,-0.6543917656,
7037.682,0.1220740378,0.0610370189,0.9765923023,0.0659199804,0.0032959990,-1.0104068518,-0.1532029212,-0.0439466536,-0.4355601668,0.0022328719,0.0070637739,-0.0124435425,0.0315355062,0.0944107100,-0.9951439500,0.0048848982,31.3730278015,-3.8453321457,-32.6548042297,-0.7223120928,-0.4441053569,-0.5758232474,-0.5006256104,0.3169042170,-0.4651020765,0.0961983800,-0.2944008410,-0.0209843516,0.0801486894,0.8278995156,0.3037196100,-0.4649266005,31.3730278015,-3.8453321457,-32.6548042297,-0.7223120928,-0.4441053569,-0.5758232474,-0.5006256104,0.3169042170,-0.4651020765,0.0961983800,-0.2944008410,-0.0209843516,0.0801486894,0.8278995156,0.3037196100,-0.4649266005,0.0000000000,0.0000000000,0.0000000000,0.0000000000,0.0000000000,0.0000000000,-0.5000152588,0.3403424323,-0.3554795980,0.9851032495,-0.1671054810,-0.0464354157,0.3079943955,0.6653136611,0.1854270399,-0.6544899940,
7037.695,0.1220740378,0.0610370189,0.9765923023,0.0676290169,0.0031739250,-1.0108951330,-0.1563768387,-0.0430921353,-0.4366588295,0.0039165765,0.0069393250,-0.0129334331,0.0315482579,0.0944081023,-0.9951437712,0.0048848330,32.1665077209,-4.2725911140,-30.8236942291,-0.7436750531,-0.4557023942,-0.5675222278,-0.5045319796,0.3137302697,-0.4660786688,0.0740789771,-0.2970069647,-0.0140678883,0.0767737180,0.8265337348,0.3062888980,-0.4662387967,32.1665077209,-4.2725911140,-30.8236942291,-0.7436750531,-0.4557023942,-0.5675222278,-0.5045319796,0.3137302697,-0.4660786688,0.0740789771,-0.2970069647,-0.0140678883,0.0767737180,0.8265337348,0.3062888980,-0.4662387967,0.0000000000,0.0000000000,0.0000000000,0.0000000000,0.0000000000,0.0000000000,-0.4975737929,0.3379009366,-0.3554795980,0.9851031303,-0.1671058089,-0.0464356542,0.3077813387,0.6653739214,0.1852101684,-0.6545903087,
7037.708,0.1220740378,0.0000000000,0.9765923023,0.0681173131,0.0023194067,-1.0105289221,-0.1547898799,-0.0439466536,-0.4355601668,0.0043877661,0.0060866647,-0.0125682950,0.0315566286,0.0944214463,-0.9951423407,0.0048869909,32.9599914551,-2.9908139706,-29.7860660553,-0.7380596399,-0.4660786688,-0.5642262101,-0.5047761202,0.3097018301,-0.4662007391,0.0787790418,-0.2984658480,-0.0120496750,0.0733455196,0.8252300620,0.3087514043,-0.4674742520,32.9599914551,-2.9908139706,-29.7860660553,-0.7380596399,-0.4660786688,-0.5642262101,-0.5047761202,0.3097018301,-0.4662007391,0.0787790418,-0.2984658480,-0.0120496750,0.0733455196,0.8252300620,0.3087514043,-0.4674742520,0.0000000000,0.0000000000,0.0000000000,0.0000000000,0.0000000000,0.0000000000,-0.4978179336,0.3369243443,-0.3554795980,0.9851031303,-0.1671061218,-0.0464360714,0.3075663447,0.6654347181,0.1849913299,-0.6546915174,
7037.721,0.1220740378,0.0000000000,0.9765923023,0.0683614612,0.0026856288,-1.0115054846,-0.1574755162,-0.0422376171,-0.4349497855,0.0046140403,0.0064529413,-0.0135459900,0.0315656178,0.0944049805,-0.9951435328,0.0048873429,33.5703620911,-2.0142216682,-28.8094730377,-0.7231665850,-0.4741355777,-0.5567796826,-0.5039216280,0.3049409389,-0.4659565985,0.0926217437,-0.2976763844,-0.0058074594,0.0698758215,0.8239749074,0.3111192584,-0.4686483145,33.5703620911,-2.0142216682,-28.8094730377,-0.7231665850,-0.4741355777,-0.5567796826,-0.5039216280,0.3049409389,-0.4659565985,0.0926217437,-0.2976763844,-0.0058074594,0.0698758215,0.8239749074,0.3111192584,-0.4686483145,0.0000000000,0.0000000000,0.0000000000,0.0000000000,0.0000000000,0.0000000000,-0.4987945259,0.3349711597,-0.3593859673,0.9851029515,-0.1671064198,-0.0464363694,0.3073384762,0.6654989719,0.1847594529,-0.6547986269,
7037.734,0.1831110567,0.0000000000,0.9765923023,0.0664082766,0.0019531846,-1.0121158361,-0.1568651348,-0.0422376171,-0.4384899437,0.0026528612,0.0057348073,-0.0141569376,0.0315690041,0.0943896100,-0.9951448441,0.0048943600,33.6313972473,-3.1128878593,-27.6497688293,-0.7015594840,-0.4846339226,-0.5521408916,-0.5041657686,0.3024994731,-0.4683980942,0.1132330298,-0.2994587719,-0.0025563836,0.0664541349,0.8226910830,0.3133935034,-0.4698846936,33.6313972473,-3.1128878593,-27.6497688293,-0.7015594840,-0.4846339226,-0.5521408916,-0.5041657686,0.3024994731,-0.4683980942,0.1132330298,-0.2994587719,-0.0025563836,0.0664541349,0.8226910830,0.3133935034,-0.4698846936,0.0000000000,0.0000000000,0.0000000000,0.0000000000,0.0000000000,0.0000000000,-0.8088625669,0.3344828784,-0.3593859673,0.9851030111,-0.1671065986,-0.0464366078,0.3069242537,0.6656156778,0.1843383014,-0.6549929976,
7037.747,0.1831110567,-0.0610370189,0.9765923023,0.0678731650,0.0040284432,-1.0128482580,-0.1563768387,-0.0421155430,-0.4384899437,0.0041134730,0.0078140851,-0.0148896575,0.0315710232,0.0943742171,-0.9951462150,0.0048960759,33.1431007385,-4.6388134956,-27.2225112915,-0.6938688159,-0.4846339226,-0.5489669442,-0.5050203204,0.2973723710,-0.4680318534,0.1200305820,-0.2908895314,-0.0010152459,0.0631391555,0.8213361502,0.3156365454,-0.4712086320,33.1431007385,-4.6388134956,-27.2225112915,-0.6938688159,-0.4846339226,-0.5489669442,-0.5050203204,0.2973723710,-0.4680318534,0.1200305820,-0.2908895314,-0.0010152459,0.0631391555,0.8213361502,0.3156365454,-0.4712086320,0.0000000000,0.0000000000,0.0000000000,0.0000000000,0.0000000000,0.0000000000,-0.4990386665,0.3330179751,-0.3593859673,0.9851030111,-0.1671068966,-0.0464370251,0.3066936135,0.6656805277,0.1841036379,-0.6551011801,
7037.760,0.1220740378,-0.0610370189,0.9765923023,0.0675069466,0.0042725913,-1.0112613440,-0.1558885425,-0.0383312479,-0.4366588295,0.0037442818,0.0080503616,-0.0133028626,0.0315731876,0.0943113416,-0.9951521158,0.0048903027,32.5937690735,-6.0426650047,-26.8562889099,-0.6880092621,-0.4879299402,-0.5457929969,-0.5072176456,0.2946867347,-0.4724265337,0.1250888109,-0.2857496738,0.0002982616,0.0599207655,0.8199151158,0.3178494871,-0.4726138711,32.5937690735,-6.0426650047,-26.8562889099,-0.6880092621,-0.4879299402,-0.5457929969,-0.5072176456,0.2946867347,-0.4724265337,0.1250888109,-0.2857496738,0.0002982616,0.0599207655,0.8199151158,0.3178494871,-0.4726138711,0.0000000000,0.0000000000,0.0000000000,0.0000000000,0.0000000000,0.0000000000,-0.8113040328,0.3320413828,-0.3593859673,0.9851028919,-0.1671071351,-0.0464372039,0.3062731326,0.6657984853,0.1836761832,-0.6552979350,
7037.773,0.0610370189,-0.1220740378,1.0376293659,0.0648213178,0.0023194067,-1.0117496252,-0.1539353579,-0.0444349498,-0.4329966009,0.0010797009,0.0060890391,-0.0137898326,0.0315629877,0.0943291783,-0.9951508641,0.0048858188,31.4340648651,-8.6672563553,-26.4290294647,-0.6908169985,-0.5136875510,-0.5384685993,-0.5044099092,0.2932218313,-0.4660786688,0.1217014790,-0.3031910658,0.0053395033,0.0568612218,0.8183501363,0.3200793266,-0.4741969407,31.4340648651,-8.6672563553,-26.4290294647,-0.6908169985,-0.5136875510,-0.5384685993,-0.5044099092,0.2932218313,-0.4660786688,0.1217014790,-0.3031910658,0.0053395033,0.0568612218,0.8183501363,0.3200793266,-0.4741969407,0.0000000000,0.0000000000,0.0000000000,0.0000000000,0.0000000000,0.0000000000,-0.8122806549,0.3315531015,-0.3691518903,0.9851028919,-0.1671072990,-0.0464376211,0.3058375418,0.6659203768,0.1832334548,-0.6555014849,
7037.786,0.1220740378,-0.0610370189,0.9765923023,0.0645771697,0.0020752586,-1.0115054846,-0.1577196568,-0.0449232459,-0.4376354218,0.0008469746,0.0058479458,-0.0135449171,0.0315570682,0.0943461508,-0.9951493740,0.0048873383,31.1899166107,-8.7893304825,-26.2459182739,-0.7035126686,-0.5344401598,-0.5409100652,-0.5063630939,0.2879726589,-0.4682760239,0.1084022522,-0.3156801462,0.0005339980,0.0538271964,0.8167588115,0.3222899437,-0.4757946730,31.1899166107,-8.7893304825,-26.2459182739,-0.7035126686,-0.5344401598,-0.5409100652,-0.5063630939,0.2879726589,-0.4682760239,0.1084022522,-0.3156801462,0.0005339980,0.0538271964,0.8167588115,0.3222899437,-0.4757946730,0.0000000000,0.0000000000,0.0000000000,0.0000000000,0.0000000000,0.0000000000,-0.8095950484,0.3295999169,-0.3750114441,0.9851028323,-0.1671075225,-0.0464377999,0.3053908646,0.6660450101,0.1827794909,-0.6557098031,
7037.799,0.0610370189,-0.1220740378,0.9765923023,0.0662862062,0.0015869625,-1.0110172033,-0.1562547684,-0.0433362834,-0.4383678734,0.0025694370,0.0053544613,-0.0130557418,0.0315506160,0.0943466723,-0.9951495528,0.0048841350,31.1899166107,-7.6296272278,-26.0628070831,-0.7186498642,-0.5512863398,-0.5435956717,-0.5050203204,0.2854090929,-0.4676656425,0.0925236940,-0.3243147433,-0.0044239759,0.0507770218,0.8151965737,0.3244752884,-0.4773215353,31.1899166107,-7.6296272278,-26.0628070831,-0.7186498642,-0.5512863398,-0.5435956717,-0.5050203204,0.2854090929,-0.4676656425,0.0925236940,-0.3243147433,-0.0044239759,0.0507770218,0.8151965737,0.3244752884,-0.4773215353,0.0000000000,0.0000000000,0.0000000000,0.0000000000,0.0000000000,0.0000000000,-0.8115482330,0.3310647905,-0.3593859673,0.9851027131,-0.1671077460,-0.0464380383,0.3049730659,0.6661612391,0.1823549122,-0.6559042931,
7037.812,0.1220740378,-0.1220740378,1.0376293659,0.0668965727,0.0028077029,-1.0116275549,-0.1544236541,-0.0395519882,-0.4384899437,0.0031904057,0.0065753274,-0.0136654973,0.0315455645,0.0942981690,-0.9951543212,0.0048821587,32.4106559753,-3.3570361137,-25.5134735107,-0.6949675083,-0.5560472608,-0.5409100652,-0.5070955753,0.2846766710,-0.4675435722,0.1149939299,-0.3208193779,-0.0034570694,0.0475300178,0.8138206601,0.3265978098,-0.4785544872,32.4106559753,-3.3570361137,-25.5134735107,-0.6949675083,-0.5560472608,-0.5409100652,-0.5070955753,0.2846766710,-0.4675435722,0.1149939299,-0.3208193779,-0.0034570694,0.0475300178,0.8138206601,0.3265978098,-0.4785544872,0.0000000000,0.0000000000,0.0000000000,0.0000000000,0.0000000000,0.0000000000,-0.8095950484,0.3300881982,-0.3730582595,0.9851027131,-0.1671079397,-0.0464383364,0.3045346141,0.6662829518,0.1819094419,-0.6561080813,
7037.825,0.0610370189,-0.1831110567,0.9765923023,0.0659199804,0.0032959990,-1.0111392736,-0.1564989239,-0.0428479873,-0.4332407713,0.0022395998,0.0070500178,-0.0131754875,0.0315333791,0.0942933485,-0.9951552153,0.0048740110,32.5937690735,-2.9297769070,-25.3303623199,-0.6786095500,-0.5473799706,-0.5399334431,-0.5033112764,0.2824793160,-0.4709616303,0.1300399899,-0.3039619923,-0.0041538477,0.0442707539,0.8124698400,0.3286732435,-0.4797398150,32.5937690735,-2.9297769070,-25.3303623199,-0.6786095500,-0.5473799706,-0.5399334431,-0.5033112764,0.2824793160,-0.4709616303,0.1300399899,-0.3039619923,-0.0041538477,0.0442707539,0.8124698400,0.3286732435,-0.4797398150,0.0000000000,0.0000000000,0.0000000000,0.0000000000,0.0000000000,0.0000000000,-0.8108157516,0.3261818290,-0.3574327826,0.9851025939,-0.1671081483,-0.0464384556,0.3041085899,0.6664008498,0.1814766228,-0.6563057303,
7037.838,0.1220740378,-0.1831110567,0.9765923023,0.0650654659,0.0056154057,-1.0115054846,-0.1527146250,-0.0452894680,-0.4334849119,0.0014150590,0.0093550766,-0.0135397315,0.0315189250,0.0943320543,-0.9951519966,0.0048666741,32.4716949463,-3.3570361137,-24.9031028748,-0.6820276380,-0.5422528982,-0.5371257663,-0.5042878389,0.2808923721,-0.4726706743,0.1253434420,-0.2907958925,-0.0031328797,0.0410813838,0.8110979199,0.3306965530,-0.4809530973,32.4716949463,-3.3570361137,-24.9031028748,-0.6820276380,-0.5422528982,-0.5371257663,-0.5042878389,0.2808923721,-0.4726706743,0.1253434420,-0.2907958925,-0.0031328797,0.0410813838,0.8110979199,0.3306965530,-0.4809530973,0.0000000000,0.0000000000,0.0000000000,0.0000000000,0.0000000000,0.0000000000,-0.8105716109,0.3256935477,-0.3711050749,0.9851026535,-0.1671083421,-0.0464388132,0.3036625981,0.6665239930,0.1810236126,-0.6565123200,
7037.851,0.1220740378,-0.1220740378,0.9765923023,0.0646992400,0.0036622211,-1.0106509924,-0.1557664722,-0.0421155430,-0.4332407713,0.0010695457,0.0073972330,-0.0126839280,0.0315088779,0.0943200961,-0.9951534867,0.0048629949,33.6313972473,-0.1220740378,-23.6823635101,-0.6908169985,-0.5453047156,-0.5289468169,-0.5030671358,0.2813806534,-0.4690084457,0.1150203347,-0.2859237492,0.0035713315,0.0377972201,0.8098708987,0.3325838149,-0.4819878340,33.6313972473,-0.1220740378,-23.6823635101,-0.6908169985,-0.5453047156,-0.5289468169,-0.5030671358,0.2813806534,-0.4690084457,0.1150203347,-0.2859237492,0.0035713315,0.0377972201,0.8098708987,0.3325838149,-0.4819878340,0.0000000000,0.0000000000,0.0000000000,0.0000000000,0.0000000000,0.0000000000,-0.8122806549,0.3247169554,-0.3730582595,0.9851025343,-0.1671085358,-0.0464389920,0.3032116890,0.6666480899,0.1805656701,-0.6567207575,
7037.864,0.1220740378,-0.1220740378,0.9765923023,0.0642109439,0.0037842952,-1.0107730627,-0.1560106277,-0.0427259132,-0.4306772053,0.0006042942,0.0075140665,-0.0128044486,0.0314976573,0.0943160579,-0.9951542616,0.0048591667,34.4248771667,2.1973326206,-23.0109558105,-0.6705526710,-0.5627613068,-0.5225989819,-0.5037995577,0.2747886479,-0.4716940820,0.1334878802,-0.2954183519,0.0086966157,0.0343785957,0.8087440729,0.3344017565,-0.4828771055,34.4248771667,2.1973326206,-23.0109558105,-0.6705526710,-0.5627613068,-0.5225989819,-0.5037995577,0.2747886479,-0.4716940820,0.1334878802,-0.2954183519,0.0086966157,0.0343785957,0.8087440729,0.3344017565,-0.4828771055,0.0000000000,0.0000000000,0.0000000000,0.0000000000,0.0000000000,0.0000000000,-0.8120365143,0.3266701400,-0.3711050749,0.9851025939,-0.1671087742,-0.0464393497,0.3027719259,0.6667688489,0.1801190823,-0.6569237709,
7037.877,0.1220740378,-0.1220740378,0.9765923023,0.0615253150,0.0024414808,-1.0099185705,-0.1555223316,-0.0395519882,-0.4339731932,-0.0020454302,0.0061726528,-0.0119476914,0.0314799137,0.0942713395,-0.9951590300,0.0048567508,34.3638420105,2.5025177002,-22.6447334290,-0.6690878272,-0.5638599992,-0.5141758323,-0.5075838566,0.2724692523,-0.4709616303,0.1331236362,-0.2886486948,0.0158662200,0.0309916642,0.8076131344,0.3361930549,-0.4837545753,34.3638420105,2.5025177002,-22.6447334290,-0.6690878272,-0.5638599992,-0.5141758323,-0.5075838566,0.2724692523,-0.4709616303,0.1331236362,-0.2886486948,0.0158662200,0.0309916642,0.8076131344,0.3361930549,-0.4837545753,0.0000000000,0.0000000000,0.0000000000,0.0000000000,0.0000000000,0.0000000000,-0.8103274703,0.3276467323,-0.3593859673,0.9851024151,-0.1671089530,-0.0464394689,0.3023558557,0.6668826938,0.1796966046,-0.6571153998,
7037.890,0.1220740378,0.0000000000,1.0376293659,0.0616473891,0.0023194067,-1.0104068518,-0.1578417271,-0.0428479873,-0.4382458031,-0.0019093268,0.0060532535,-0.0124351382,0.0314728655,0.0942567438,-0.9951606393,0.0048569581,34.3638420105,2.5025177002,-21.4239940643,-0.6767784953,-0.5724051595,-0.4963530302,-0.5052644610,0.2706381381,-0.4708395600,0.1236739159,-0.2895099223,0.0323017836,0.0276656728,0.8064802885,0.3378766477,-0.4846722484,34.3638420105,2.5025177002,-21.4239940643,-0.6767784953,-0.5724051595,-0.4963530302,-0.5052644610,0.2706381381,-0.4708395600,0.1236739159,-0.2895099223,0.0323017836,0.0276656728,0.8064802885,0.3378766477,-0.4846722484,0.0000000000,0.0000000000,0.0000000000,0.0000000000,0.0000000000,0.0000000000,-0.8113040328,0.3261818290,-0.3711050749,0.9851024747,-0.1671091467,-0.0464398265,0.3019188344,0.6670020223,0.1792529374,-0.6573164463,
7037.903,0.1220740378,0.0000000000,0.9765923023,0.0614032410,0.0028077029,-1.0091860294,-0.1533249915,-0.0432142094,-0.4372692108,-0.0021387227,0.0065411050,-0.0112133026,0.0314654857,0.0942657068,-0.9951600432,0.0048563215,34.6690254211,3.4791100025,-20.9356975555,-0.6764122248,-0.5859553814,-0.4891506732,-0.5025787950,0.2697836161,-0.4765770435,0.1221869588,-0.2954101861,0.0381566584,0.0242944211,0.8053837419,0.3394910097,-0.4855472445,34.6690254211,3.4791100025,-20.9356975555,-0.6764122248,-0.5859553814,-0.4891506732,-0.5025787950,0.2697836161,-0.4765770435,0.1221869588,-0.2954101861,0.0381566584,0.0242944211,0.8053837419,0.3394910097,-0.4855472445,0.0000000000,0.0000000000,0.0000000000,0.0000000000,0.0000000000,0.0000000000,-0.8095950484,0.3276467323,-0.3730582595,0.9851022959,-0.1671093702,-0.0464399457,0.3014865816,0.6671196818,0.1788141280,-0.6575148702,
7037.916,0.1220740378,0.0610370189,0.9765923023,0.0623798333,0.0035401471,-1.0104068518,-0.1552781761,-0.0456556901,-0.4391003251,-0.0011625104,0.0072695003,-0.0124341846,0.0314657018,0.0942999348,-0.9951567650,0.0048554060,35.2183609009,5.0660724640,-20.5084381104,-0.6771447062,-0.6007263660,-0.4806054831,-0.5017243028,0.2652668953,-0.4726706743,0.1194535494,-0.3025307953,0.0454568863,0.0208547916,0.8043353558,0.3410566449,-0.4863474667,35.2183609009,5.0660724640,-20.5084381104,-0.6771447062,-0.6007263660,-0.4806054831,-0.5017243028,0.2652668953,-0.4726706743,0.1194535494,-0.3025307953,0.0454568863,0.0208547916,0.8043353558,0.3410566449,-0.4863474667,0.0000000000,0.0000000000,0.0000000000,0.0000000000,0.0000000000,0.0000000000,-0.8113040328,0.3247169554,-0.3711050749,0.9851023555,-0.1671095490,-0.0464401841,0.3010488749,0.6672385335,0.1783698797,-0.6577154994,
7037.929,0.1220740378,0.0610370189,0.9765923023,0.0642109439,0.0040284432,-1.0113834143,-0.1589404047,-0.0467543565,-0.4406872690,0.0006595030,0.0077513759,-0.0134113431,0.0314703621,0.0943364352,-0.9951531887,0.0048537934,36.6832466125,8.6062192917,-20.2032527924,-0.6562700272,-0.6151310802,-0.4753563106,-0.5044099092,0.2619708776,-0.4769432545,0.1379435658,-0.3091444075,0.0498374999,0.0171860605,0.8034296036,0.3425517082,-0.4869370759,36.6832466125,8.6062192917,-20.2032527924,-0.6562700272,-0.6151310802,-0.4753563106,-0.5044099092,0.2619708776,-0.4769432545,0.1379435658,-0.3091444075,0.0498374999,0.0171860605,0.8034296036,0.3425517082,-0.4869370759,0.0000000000,0.0000000000,0.0000000000,0.0000000000,0.0000000000,0.0000000000,-0.8122806549,0.3227637708,-0.3750114441,0.9851022959,-0.1671097428,-0.0464404225,0.3006008267,0.6673598289,0.1779151708,-0.6579204798,
7037.942,0.1220740378,0.0610370189,0.9765923023,0.0657979101,0.0030518509,-1.0108951330,-0.1555223316,-0.0454115421,-0.4275032878,0.0022294521,0.0067732111,-0.0129241347,0.0314787589,0.0943692550,-0.9951497912,0.0048548542,37.1715431213,9.7659235001,-20.2642898560,-0.6443067789,-0.6216009855,-0.4790185392,-0.5019684434,0.2647785842,-0.4766991138,0.1473479271,-0.3077819049,0.0454164445,0.0134422965,0.8025590777,0.3440348506,-0.4874441624,37.1715431213,9.7659235001,-20.2642898560,-0.6443067789,-0.6216009855,-0.4790185392,-0.5019684434,0.2647785842,-0.4766991138,0.1473479271,-0.3077819049,0.0454164445,0.0134422965,0.8025590777,0.3440348506,-0.4874441624,0.0000000000,0.0000000000,0.0000000000,0.0000000000,0.0000000000,0.0000000000,-0.8117923737,0.3271584213,-0.3691518903,0.9851021171,-0.1671099663,-0.0464406013,0.3001774251,0.6674740911,0.1774855107,-0.6581138372,
7037.955,0.1220740378,0.0000000000,0.9765923023,0.0664082766,0.0029297769,-1.0095522404,-0.1547898799,-0.0438245796,-0.4304330647,0.0028300807,0.0066501615,-0.0115818381,0.0314835906,0.0943828970,-0.9951483607,0.0048552607,37.2936172485,10.0100708008,-20.2032527924,-0.6402783394,-0.6237983108,-0.4786522985,-0.5040436983,0.2585528195,-0.4770653546,0.1487634182,-0.3021822572,0.0449966788,0.0096977083,0.8016837835,0.3455013931,-0.4879359007,37.2936172485,10.0100708008,-20.2032527924,-0.6402783394,-0.6237983108,-0.4786522985,-0.5040436983,0.2585528195,-0.4770653546,0.1487634182,-0.3021822572,0.0449966788,0.0096977083,0.8016837835,0.3455013931,-0.4879359007,0.0000000000,0.0000000000,0.0000000000,0.0000000000,0.0000000000,0.0000000000,-0.8095950484,0.3252052367,-0.3750114441,0.9851022363,-0.1671101898,-0.0464409590,0.2997425795,0.6675912142,0.1770443171,-0.6583121419,
7037.968,0.1831110567,0.0000000000,0.9765923023,0.0673848689,0.0048829615,-1.0126041174,-0.1585741788,-0.0437025055,-0.4295785427,0.0037931725,0.0086034238,-0.0146345496,0.0314903073,0.0943842605,-0.9951480031,0.0048559816,37.5988044739,10.3762931824,-19.7149562836,-0.6471144557,-0.6367381811,-0.4675435722,-0.5023346543,0.2548905909,-0.4740134776,0.1393068433,-0.3073734045,0.0552305281,0.0059501207,0.8008010983,0.3469123542,-0.4884440005,37.5988044739,10.3762931824,-19.7149562836,-0.6471144557,-0.6367381811,-0.4675435722,-0.5023346543,0.2548905909,-0.4740134776,0.1393068433,-0.3073734045,0.0552305281,0.0059501207,0.8008010983,0.3469123542,-0.4884440005,0.0000000000,0.0000000000,0.0000000000,0.0000000000,0.0000000000,0.0000000000,-0.8113040328,0.3227637708,-0.3730582595,0.9851021171,-0.1671103686,-0.0464411378,0.2993037701,0.6677089930,0.1765991598,-0.6585118175,
7037.981,0.1220740378,0.0000000000,0.9765923023,0.0681173131,0.0029297769,-1.0110172033,-0.1577196568,-0.0463881344,-0.4383678734,0.0045080706,0.0066492925,-0.0130487680,0.0314989239,0.0944199041,-0.9951443672,0.0048574694,37.6598396301,10.6204414368,-19.1045875549,-0.6540727019,-0.6373485327,-0.4608294964,-0.5001373291,0.2537919283,-0.4781640172,0.1297452450,-0.3003720939,0.0610031486,0.0022355348,0.7999285460,0.3482445180,-0.4889567196,37.6598396301,10.6204414368,-19.1045875549,-0.6540727019,-0.6373485327,-0.4608294964,-0.5001373291,0.2537919283,-0.4781640172,0.1297452450,-0.3003720939,0.0610031486,0.0022355348,0.7999285460,0.3482445180,-0.4889567196,0.0000000000,0.0000000000,0.0000000000,0.0000000000,0.0000000000,0.0000000000,-0.8100833297,0.3217871785,-0.3691518903,0.9851021767,-0.1671105921,-0.0464413762,0.2988702357,0.6678251028,0.1761594117,-0.6587088108,
7037.994,0.1220740378,-0.0610370189,0.9155552983,0.0670186505,0.0025635548,-1.0123599768,-0.1567430645,-0.0419934690,-0.4388561547,0.0034083873,0.0062832767,-0.0143916011,0.0314994864,0.0944072083,-0.9951455593,0.0048572188,37.7819137573,11.3528852463,-18.3111057281,-0.6551713347,-0.6377148032,-0.4510635734,-0.5003814697,0.2484206706,-0.4757225215,0.1260219216,-0.2932655513,0.0698253512,-0.0014546959,0.7990836501,0.3495045900,-0.4894419312,37.7819137573,11.3528852463,-18.3111057281,-0.6551713347,-0.6377148032,-0.4510635734,-0.5003814697,0.2484206706,-0.4757225215,0.1260219216,-0.2932655513,0.0698253512,-0.0014546959,0.7990836501,0.3495045900,-0.4894419312,0.0000000000,0.0000000000,0.0000000000,0.0000000000,0.0000000000,0.0000000000,-0.8115482330,0.3188574016,-0.3730582595,0.9851020575,-0.1671107560,-0.0464416742,0.2984228432,0.6679444909,0.1757056713,-0.6589117050,
7038.007,0.1220740378,-0.0610370189,0.9765923023,0.0665303543,0.0031739250,-1.0115054846,-0.1552781761,-0.0419934690,-0.4320200086,0.0029212460,0.0068915081,-0.0135369897,0.0314990729,0.0943950489,-0.9951466918,0.0048557143,38.4533233643,13.8554029465,-16.9072551727,-0.6472365260,-0.6339305043,-0.4420301020,-0.4991607368,0.2475661486,-0.4780419469,0.1311733127,-0.2821739614,0.0781424344,-0.0051989798,0.7983705997,0.3506201804,-0.4897823036,38.4533233643,13.8554029465,-16.9072551727,-0.6472365260,-0.6339305043,-0.4420301020,-0.4991607368,0.2475661486,-0.4780419469,0.1311733127,-0.2821739614,0.0781424344,-0.0051989798,0.7983705997,0.3506201804,-0.4897823036,0.0000000000,0.0000000000,0.0000000000,0.0000000000,0.0000000000,0.0000000000,-0.8098391891,0.3212988675,-0.3730582595,0.9851020575,-0.1671109498,-0.0464419127,0.2979862690,0.6680607200,0.1752629578,-0.6591093540,
7038.020,0.1220740378,-0.0610370189,0.9765923023,0.0682393909,0.0035401471,-1.0115054846,-0.1568651348,-0.0430921353,-0.4307992756,0.0046230257,0.0072537973,-0.0135374665,0.0315028876,0.0943929181,-0.9951468110,0.0048540318,39.1247291565,15.5034027100,-16.3579216003,-0.6358836889,-0.6368602514,-0.4377574921,-0.4973296225,0.2443922311,-0.4785302281,0.1395892501,-0.2778195441,0.0818245411,-0.0090206880,0.7977269292,0.3516620398,-0.4900282025,39.1247291565,15.5034027100,-16.3579216003,-0.6358836889,-0.6368602514,-0.4377574921,-0.4973296225,0.2443922311,-0.4785302281,0.1395892501,-0.2778195441,0.0818245411,-0.0090206880,0.7977269292,0.3516620398,-0.4900282025,0.0000000000,0.0000000000,0.0000000000,0.0000000000,0.0000000000,0.0000000000,-0.8108157516,0.3183690906,-0.3750114441,0.9851018786,-0.1671111286,-0.0464420319,0.2975390255,0.6681793928,0.1748094708,-0.6593114138,
7038.033,0.1831110567,-0.0610370189,0.9765923023,0.0664082766,0.0032959990,-1.0111392736,-0.1572313607,-0.0427259132,-0.4340952933,0.0027935579,0.0070175659,-0.0131711960,0.0315017328,0.0943844393,-0.9951476455,0.0048576277,39.9792480469,17.1514015198,-15.9306621552,-0.6257514954,-0.6400341988,-0.4364146888,-0.5013580918,0.2381664515,-0.4788964391,0.1466227174,-0.2737041712,0.0826947987,-0.0129299695,0.7971467376,0.3526405096,-0.4901816845,39.9792480469,17.1514015198,-15.9306621552,-0.6257514954,-0.6400341988,-0.4364146888,-0.5013580918,0.2381664515,-0.4788964391,0.1466227174,-0.2737041712,0.0826947987,-0.0129299695,0.7971467376,0.3526405096,-0.4901816845,0.0000000000,0.0000000000,0.0000000000,0.0000000000,0.0000000000,0.0000000000,-0.8105716109,0.3212988675,-0.3750114441,0.9851019979,-0.1671113223,-0.0464423895,0.2971032262,0.6682947874,0.1743676513,-0.6595080495,
7038.046,0.1220740378,-0.1220740378,1.0376293659,0.0661641285,0.0039063692,-1.0102847815,-0.1546678096,-0.0448011719,-0.4348277152,0.0025626570,0.0076228287,-0.0123158097,0.0314952731,0.0944047421,-0.9951459169,0.0048551001,41.1389503479,18.9825134277,-15.7475509644,-0.6047548056,-0.6488234997,-0.4456923008,-0.4975737929,0.2407300025,-0.4786522985,0.1642763019,-0.2751109600,0.0731182694,-0.0169880427,0.7966418266,0.3535684645,-0.4902102649,41.1389503479,18.9825134277,-15.7475509644,-0.6047548056,-0.6488234997,-0.4456923008,-0.4975737929,0.2407300025,-0.4786522985,0.1642763019,-0.2751109600,0.0731182694,-0.0169880427,0.7966418266,0.3535684645,-0.4902102649,0.0000000000,0.0000000000,0.0000000000,0.0000000000,0.0000000000,0.0000000000,-0.8088625669,0.3232520521,-0.3691518903,0.9851019382,-0.1671115607,-0.0464426279,0.2966850996,0.6684051752,0.1739437878,-0.6596963406,
7038.059,0.1220740378,-0.1831110567,1.0376293659,0.0648213178,0.0042725913,-1.0110172033,-0.1554002464,-0.0446790978,-0.4337290525,0.0012504905,0.0079821711,-0.0130463243,0.0314802378,0.0944215059,-0.9951448441,0.0048507527,41.5051727295,19.3487358093,-15.5644397736,-0.5982848406,-0.6611530185,-0.4439832866,-0.4965972006,0.2332834899,-0.4837794006,0.1673429012,-0.2800416052,0.0744788945,-0.0210925322,0.7961392999,0.3544532657,-0.4902285337,41.5051727295,19.3487358093,-15.5644397736,-0.5982848406,-0.6611530185,-0.4439832866,-0.4965972006,0.2332834899,-0.4837794006,0.1673429012,-0.2800416052,0.0744788945,-0.0210925322,0.7961392999,0.3544532657,-0.4902285337,0.0000000000,0.0000000000,0.0000000000,0.0000000000,0.0000000000,0.0000000000,-0.8117923737,0.3198339939,-0.3691518903,0.9851018786,-0.1671117544,-0.0464428663,0.2962561548,0.6685180664,0.1735090017,-0.6598891616,
7038.072,0.1220740378,-0.1220740378,1.0376293659,0.0653096139,0.0042725913,-1.0107730627,-0.1547898799,-0.0435804315,-0.4389782548,0.0017561689,0.0079753147,-0.0128009915,0.0314718820,0.0944246054,-0.9951448441,0.0048466129,41.7493209839,18.9214763641,-15.3202915192,-0.5882747769,-0.6726279259,-0.4434949756,-0.4956206083,0.2305978537,-0.4850001633,0.1739554405,-0.2841185033,0.0744822025,-0.0252025742,0.7956035137,0.3553129137,-0.4902817905,41.7493209839,18.9214763641,-15.3202915192,-0.5882747769,-0.6726279259,-0.4434949756,-0.4956206083,0.2305978537,-0.4850001633,0.1739554405,-0.2841185033,0.0744822025,-0.0252025742,0.7956035137,0.3553129137,-0.4902817905,0.0000000000,0.0000000000,0.0000000000,0.0000000000,0.0000000000,0.0000000000,-0.8100833297,0.3217871785,-0.3750114441,0.9851017594,-0.1671119779,-0.0464429855,0.2958280146,0.6686304212,0.1730750799,-0.6600812674,
7038.085,0.1220740378,-0.1220740378,1.0376293659,0.0649433881,0.0035401471,-1.0105289221,-0.1541795135,-0.0435804315,-0.4361705482,0.0014089793,0.0072396589,-0.0125555992,0.0314625204,0.0944301784,-0.9951445460,0.0048442883,42.1155433655,17.0903644562,-14.4657735825,-0.6047548056,-0.6920377016,-0.4307992756,-0.4926908314,0.2296212614,-0.4801172018,0.1543310881,-0.2962200940,0.0862618983,-0.0292299706,0.7949672341,0.3560916185,-0.4905252457,42.1155433655,17.0903644562,-14.4657735825,-0.6047548056,-0.6920377016,-0.4307992756,-0.4926908314,0.2296212614,-0.4801172018,0.1543310881,-0.2962200940,0.0862618983,-0.0292299706,0.7949672341,0.3560916185,-0.4905252457,0.0000000000,0.0000000000,0.0000000000,0.0000000000,0.0000000000,0.0000000000,-0.8110598922,0.3217871785,-0.3730582595,0.9851016998,-0.1671121866,-0.0464432240,0.2954040170,0.6687414050,0.1726454198,-0.6602712274,
7038.098,0.1220740378,-0.1220740378,0.9765923023,0.0637226477,0.0036622211,-1.0107730627,-0.1580858827,-0.0432142094,-0.4325083196,0.0002132133,0.0073572551,-0.0127981305,0.0314503089,0.0944257602,-0.9951453805,0.0048407363,42.6038398743,17.2734756470,-13.5502185822,-0.6296578646,-0.6942350268,-0.4143192768,-0.4912259281,0.2266914845,-0.4862208962,0.1264063716,-0.2912660837,0.1016447544,-0.0332231261,0.7943355441,0.3567306697,-0.4908301234,42.6038398743,17.2734756470,-13.5502185822,-0.6296578646,-0.6942350268,-0.4143192768,-0.4912259281,0.2266914845,-0.4862208962,0.1264063716,-0.2912660837,0.1016447544,-0.0332231261,0.7943355441,0.3567306697,-0.4908301234,0.0000000000,0.0000000000,0.0000000000,0.0000000000,0.0000000000,0.0000000000,-0.8117923737,0.3247169554,-0.3691518903,0.9851016998,-0.1671123803,-0.0464435220,0.2949965000,0.6688477993,0.1722325236,-0.6604534984,
7038.111,0.1220740378,-0.1220740378,0.9765923023,0.0629902035,0.0013428144,-1.0096743107,-0.1545457393,-0.0440687276,-0.4336069822,-0.0004911274,0.0050448417,-0.0116976500,0.0314358845,0.0944424197,-0.9951442480,0.0048434129,43.5804328918,18.9214763641,-12.2074041367,-0.6405224800,-0.6938688159,-0.3994262516,-0.4884182215,0.2220526785,-0.4878078699,0.1125103831,-0.2838950157,0.1154519022,-0.0372537263,0.7937856913,0.3571933210,-0.4910937846,43.5804328918,18.9214763641,-12.2074041367,-0.6405224800,-0.6938688159,-0.3994262516,-0.4884182215,0.2220526785,-0.4878078699,0.1125103831,-0.2838950157,0.1154519022,-0.0372537263,0.7937856913,0.3571933210,-0.4910937846,0.0000000000,0.0000000000,0.0000000000,0.0000000000,0.0000000000,0.0000000000,-0.8122806549,0.3247169554,-0.3730582595,0.9851015806,-0.1671125591,-0.0464436412,0.2945848405,0.6689549088,0.1718154699,-0.6606372595,
7038.124,0.1220740378,-0.1220740378,0.9765923023,0.0634784997,0.0026856288,-1.0111392736,-0.1554002464,-0.0429700613,-0.4343394339,0.0000231937,0.0063879858,-0.0131610036,0.0314229019,0.0944421291,-0.9951446652,0.0048423354,46.2050247192,24.8420658112,-9.6438493729,-0.6216009855,-0.7043672204,-0.3820917308,-0.4871974885,0.2199774235,-0.4924466610,0.1280187964,-0.2874357104,0.1321796477,-0.0415751748,0.7935277820,0.3573416770,-0.4910558164,46.2050247192,24.8420658112,-9.6438493729,-0.6216009855,-0.7043672204,-0.3820917308,-0.4871974885,0.2199774235,-0.4924466610,0.1280187964,-0.2874357104,0.1321796477,-0.0415751748,0.7935277820,0.3573416770,-0.4910558164,0.0000000000,0.0000000000,0.0000000000,0.0000000000,0.0000000000,0.0000000000,-0.8098391891,0.3222754598,-0.3750114441,0.9851015210,-0.1671127826,-0.0464438200,0.2941659987,0.6690636873,0.1713911891,-0.6608239412,
7038.137,0.1220740378,0.0000000000,0.9155552983,0.0632343516,0.0036622211,-1.0099185705,-0.1546678096,-0.0446790978,-0.4349497855,-0.0002155527,0.0073593827,-0.0119398832,0.0314203128,0.0944713876,-0.9951419830,0.0048404164,47.2426528931,27.4056205750,-8.9114046097,-0.5963316560,-0.7177953720,-0.3869746923,-0.4865871072,0.2192449719,-0.4854884446,0.1496087909,-0.2938625515,0.1269230843,-0.0460374020,0.7933723330,0.3574256003,-0.4908479154,47.2426528931,27.4056205750,-8.9114046097,-0.5963316560,-0.7177953720,-0.3869746923,-0.4865871072,0.2192449719,-0.4854884446,0.1496087909,-0.2938625515,0.1269230843,-0.0460374020,0.7933723330,0.3574256003,-0.4908479154,0.0000000000,0.0000000000,0.0000000000,0.0000000000,0.0000000000,0.0000000000,-0.8095950484,0.3212988675,-0.3711050749,0.9851015210,-0.1671130061,-0.0464440584,0.2937517166,0.6691709757,0.1709715724,-0.6610082984,
7038.150,0.1220740378,0.0000000000,0.9765923023,0.0623798333,0.0021973327,-1.0102847815,-0.1555223316,-0.0444349498,-0.4322641790,-0.0010603555,0.0058972463,-0.0123054981,0.0314152427,0.0944900289,-0.9951404929,0.0048419135,47.3036880493,28.6263618469,-8.5451822281,-0.5777764320,-0.7314676642,-0.3908810616,-0.4860988259,0.2179021537,-0.4837794006,0.1643307805,-0.3005434871,0.1227514148,-0.0505449474,0.7932559848,0.3574982584,-0.4905394614,47.3036880493,28.6263618469,-8.5451822281,-0.5777764320,-0.7314676642,-0.3908810616,-0.4860988259,0.2179021537,-0.4837794006,0.1643307805,-0.3005434871,0.1227514148,-0.0505449474,0.7932559848,0.3574982584,-0.4905394614,0.0000000000,0.0000000000,0.0000000000,0.0000000000,0.0000000000,0.0000000000,-0.8103274703,0.3227637708,-0.3691518903,0.9851015210,-0.1671131849,-0.0464443564,0.2933464050,0.6692756414,0.1705611050,-0.6611883640,
7038.163,0.1220740378,0.0000000000,0.9765923023,0.0632343516,0.0025635548,-1.0096743107,-0.1571092904,-0.0438245796,-0.4304330647,-0.0002005249,0.0062643876,-0.0116947293,0.0314125270,0.0944964215,-0.9951398969,0.0048423219,45.6556892395,27.8939170837,-8.6672563553,-0.5589770079,-0.7492904663,-0.4021118879,-0.4860988259,0.2152165323,-0.4807275534,0.1792654395,-0.3114755750,0.1112627983,-0.0549394377,0.7930915356,0.3576827049,-0.4901982546,45.6556892395,27.8939170837,-8.6672563553,-0.5589770079,-0.7492904663,-0.4021118879,-0.4860988259,0.2152165323,-0.4807275534,0.1792654395,-0.3114755750,0.1112627983,-0.0549394377,0.7930915356,0.3576827049,-0.4901982546,0.0000000000,0.0000000000,0.0000000000,0.0000000000,0.0000000000,0.0000000000,-0.8093508482,0.3212988675,-0.3750114441,0.9851014018,-0.1671133637,-0.0464444757,0.2929303944,0.6693827510,0.1701398343,-0.6613728404,
7038.176,0.1220740378,0.0000000000,0.9765923023,0.0651875362,0.0028077029,-1.0104068518,-0.1563768387,-0.0421155430,-0.4294564724,0.0017485321,0.0065082530,-0.0124275088,0.0314146578,0.0944831148,-0.9951410890,0.0048419563,44.2518386841,26.1238441467,-8.7893304825,-0.5575121045,-0.7517319322,-0.4040650725,-0.4842677116,0.2149723768,-0.4903714061,0.1770041585,-0.3071757555,0.1088610291,-0.0591835603,0.7928449512,0.3579157293,-0.4899329245,44.2518386841,26.1238441467,-8.7893304825,-0.5575121045,-0.7517319322,-0.4040650725,-0.4842677116,0.2149723768,-0.4903714061,0.1770041585,-0.3071757555,0.1088610291,-0.0591835603,0.7928449512,0.3579157293,-0.4899329245,0.0000000000,0.0000000000,0.0000000000,0.0000000000,0.0000000000,0.0000000000,-0.8098391891,0.3198339939,-0.3691518903,0.9851014614,-0.1671135575,-0.0464447737,0.2925197184,0.6694882512,0.1697240323,-0.6615546942,
7038.189,0.1220740378,0.0000000000,0.9765923023,0.0662862062,0.0042725913,-1.0107730627,-0.1585741788,-0.0437025055,-0.4380016625,0.0028377995,0.0079656318,-0.0127943158,0.0314197019,0.0944821090,-0.9951411486,0.0048386301,42.9090232849,24.2316970825,-8.6062192917,-0.5622730255,-0.7502670288,-0.4027222395,-0.4830469787,0.2102115005,-0.4845118523,0.1687167883,-0.2991734445,0.1095337868,-0.0632333979,0.7925063372,0.3581973612,-0.4897688627,42.9090232849,24.2316970825,-8.6062192917,-0.5622730255,-0.7502670288,-0.4027222395,-0.4830469787,0.2102115005,-0.4845118523,0.1687167883,-0.2991734445,0.1095337868,-0.0632333979,0.7925063372,0.3581973612,-0.4897688627,0.0000000000,0.0000000000,0.0000000000,0.0000000000,0.0000000000,0.0000000000,-0.8103274703,0.3149510324,-0.3711050749,0.9851013422,-0.1671137512,-0.0464449525,0.2920920551,0.6695977449,0.1692910790,-0.6617437005,
7038.202,0.1831110567,0.0000000000,0.9765923023,0.0653096139,0.0034180731,-1.0107730627,-0.1569872200,-0.0435804315,-0.4366588295,0.0018566996,0.0071184956,-0.0127946138,0.0314215943,0.0944845602,-0.9951406717,0.0048425985,40.9558410645,20.8746604919,-7.6296272278,-0.5543382168,-0.7509995103,-0.3963744044,-0.4776757061,0.2077700198,-0.4909817874,0.1734920144,-0.2936817110,0.1148610711,-0.0670113713,0.7920534015,0.3584867716,-0.4897874594,40.9558410645,20.8746604919,-7.6296272278,-0.5543382168,-0.7509995103,-0.3963744044,-0.4776757061,0.2077700198,-0.4909817874,0.1734920144,-0.2936817110,0.1148610711,-0.0670113713,0.7920534015,0.3584867716,-0.4897874594,0.0000000000,0.0000000000,0.0000000000,0.0000000000,0.0000000000,0.0000000000,-0.8093508482,0.3183690906,-0.3750114441,0.9851013422,-0.1671139300,-0.0464453101,0.2916724086,0.6697049141,0.1688663065,-0.6619288921,
7038.215,0.1220740378,0.0000000000,0.9765923023,0.0662862062,0.0054933317,-1.0116275549,-0.1549119502,-0.0437025055,-0.4401989877,0.0028242096,0.0091802413,-0.0136496425,0.0314267054,0.0944938362,-0.9951398969,0.0048365910,39.7350997925,18.4331798553,-7.1413311958,-0.5465254784,-0.7511215806,-0.3949095011,-0.4779198468,0.2059389055,-0.4852443039,0.1783850789,-0.2877745032,0.1150442362,-0.0705921054,0.7914974093,0.3588205874,-0.4899386466,39.7350997925,18.4331798553,-7.1413311958,-0.5465254784,-0.7511215806,-0.3949095011,-0.4779198468,0.2059389055,-0.4852443039,0.1783850789,-0.2877745032,0.1150442362,-0.0705921054,0.7914974093,0.3588205874,-0.4899386466,0.0000000000,0.0000000000,0.0000000000,0.0000000000,0.0000000000,0.0000000000,-0.8100833297,0.3164159060,-0.3691518903,0.9851012826,-0.1671140939,-0.0464454889,0.2912562788,0.6698108912,0.1684451401,-0.6621121764,
7038.228,0.1220740378,0.0000000000,0.9765923023,0.0654316843,0.0048829615,-1.0104068518,-0.1533249915,-0.0426038392,-0.4344615042,0.0019645244,0.0085594077,-0.0124291778,0.0314297751,0.0944948122,-0.9951395392,0.0048316577,38.3312492371,15.7475509644,-6.7751092911,-0.5445722938,-0.7541733980,-0.3917355835,-0.4776757061,0.1995910555,-0.4903714061,0.1776859164,-0.2849955559,0.1166490614,-0.0739745572,0.7908362150,0.3591855168,-0.4902401865,38.3312492371,15.7475509644,-6.7751092911,-0.5445722938,-0.7541733980,-0.3917355835,-0.4776757061,0.1995910555,-0.4903714061,0.1776859164,-0.2849955559,0.1166490614,-0.0739745572,0.7908362150,0.3591855168,-0.4902401865,0.0000000000,0.0000000000,0.0000000000,0.0000000000,0.0000000000,0.0000000000,-0.8115482330,0.3193456829,-0.3691518903,0.9851011634,-0.1671143174,-0.0464456677,0.2908506393,0.6699138880,0.1680346131,-0.6622905135,
7038.241,0.1220740378,0.0000000000,0.9765923023,0.0656758323,0.0034180731,-1.0111392736,-0.1597949117,-0.0451673940,-0.4315317273,0.0022025406,0.0070913620,-0.0131620169,0.0314329043,0.0945102870,-0.9951379895,0.0048308647,35.5845832825,12.2684412003,-6.2257757187,-0.5461592674,-0.7662587166,-0.3816034496,-0.4730368853,0.1988586038,-0.4876857698,0.1738079190,-0.2915625572,0.1249053776,-0.0770373344,0.7900345922,0.3596433699,-0.4907248020,35.5845832825,12.2684412003,-6.2257757187,-0.5461592674,-0.7662587166,-0.3816034496,-0.4730368853,0.1988586038,-0.4876857698,0.1738079190,-0.2915625572,0.1249053776,-0.0770373344,0.7900345922,0.3596433699,-0.4907248020,0.0000000000,0.0000000000,0.0000000000,0.0000000000,0.0000000000,0.0000000000,-0.8122806549,0.3198339939,-0.3711050749,0.9851011634,-0.1671144664,-0.0464459658,0.2904451489,0.6700165868,0.1676243097,-0.6624685526,
7038.254,0.1831110567,0.0000000000,0.9765923023,0.0660420582,0.0026856288,-1.0110172033,-0.1546678096,-0.0416272469,-0.4328745306,0.0025608167,0.0063700248,-0.0130404830,0.0314364173,0.0944949389,-0.9951394200,0.0048362873,34.1196937561,10.9866638184,-6.2868127823,-0.5411542058,-0.7779778242,-0.3809930682,-0.4734031260,0.1936094314,-0.4829249084,0.1766045690,-0.2978856564,0.1235612035,-0.0799616650,0.7891677022,0.3601873517,-0.4912524521,34.1196937561,10.9866638184,-6.2868127823,-0.5411542058,-0.7779778242,-0.3809930682,-0.4734031260,0.1936094314,-0.4829249084,0.1766045690,-0.2978856564,0.1235612035,-0.0799616650,0.7891677022,0.3601873517,-0.4912524521,0.0000000000,0.0000000000,0.0000000000,0.0000000000,0.0000000000,0.0000000000,-0.8105716109,0.3183690906,-0.3691518903,0.9851011038,-0.1671146452,-0.0464461446,0.2900406718,0.6701187491,0.1672150642,-0.6626458168,
7038.267,0.1220740378,0.0000000000,0.9765923023,0.0656758323,0.0032959990,-1.0117496252,-0.1560106277,-0.0440687276,-0.4353160262,0.0021887496,0.0069778101,-0.0137732625,0.0314393975,0.0945066214,-0.9951380491,0.0048356475,32.4106559753,9.7048864365,-6.4699239731,-0.5472579002,-0.7807855606,-0.3768425584,-0.4703512788,0.1928769797,-0.4867091775,0.1684101224,-0.2954697609,0.1256810427,-0.0827247128,0.7882448435,0.3607980013,-0.4918280244,32.4106559753,9.7048864365,-6.4699239731,-0.5472579002,-0.7807855606,-0.3768425584,-0.4703512788,0.1928769797,-0.4867091775,0.1684101224,-0.2954697609,0.1256810427,-0.0827247128,0.7882448435,0.3607980013,-0.4918280244,0.0000000000,0.0000000000,0.0000000000,0.0000000000,0.0000000000,0.0000000000,-0.8115482330,0.3212988675,-0.3691518903,0.9851009846,-0.1671148539,-0.0464462638,0.2896469235,0.6702179313,0.1668167114,-0.6628180742,
7038.280,0.1220740378,-0.0610370189,1.0376293659,0.0671407208,0.0018311106,-1.0111392736,-0.1557664722,-0.0455336161,-0.4318979383,0.0036510602,0.0055182534,-0.0131630898,0.0314402953,0.0945333093,-0.9951356053,0.0048392667,30.0912494659,9.3386640549,-6.4699239731,-0.5691091418,-0.7757804990,-0.3607287705,-0.4712058008,0.1898251325,-0.4840235710,0.1445908546,-0.2855269313,0.1397978365,-0.0852685869,0.7872992754,0.3614782095,-0.4924083352,30.0912494659,9.3386640549,-6.4699239731,-0.5691091418,-0.7757804990,-0.3607287705,-0.4712058008,0.1898251325,-0.4840235710,0.1445908546,-0.2855269313,0.1397978365,-0.0852685869,0.7872992754,0.3614782095,-0.4924083352,0.0000000000,0.0000000000,0.0000000000,0.0000000000,0.0000000000,0.0000000000,-0.8098391891,0.3217871785,-0.3711050749,0.9851011038,-0.1671150923,-0.0464466214,0.2892547846,0.6703165174,0.1664200127,-0.6629894376,
7038.293,0.1831110567,-0.0610370189,0.9765923023,0.0657979101,0.0020752586,-1.0117496252,-0.1555223316,-0.0452894680,-0.4318979383,0.0023124740,0.0057764640,-0.0137732029,0.0314373821,0.0945629030,-0.9951328039,0.0048470041,30.0912494659,10.4983673096,-6.1037020683,-0.5749686956,-0.7649159431,-0.3480330706,-0.4715720117,0.1897030622,-0.4810937941,0.1367437840,-0.2698326707,0.1505670846,-0.0877981484,0.7863984704,0.3621064126,-0.4929415882,30.0912494659,10.4983673096,-6.1037020683,-0.5749686956,-0.7649159431,-0.3480330706,-0.4715720117,0.1897030622,-0.4810937941,0.1367437840,-0.2698326707,0.1505670846,-0.0877981484,0.7863984704,0.3621064126,-0.4929415882,0.0000000000,0.0000000000,0.0000000000,0.0000000000,0.0000000000,0.0000000000,-0.8098391891,0.3217871785,-0.3711050749,0.9851009846,-0.1671152562,-0.0464467406,0.2888644040,0.6704143286,0.1660251766,-0.6631596684,
7038.306,0.1220740378,-0.0610370189,0.9765923023,0.0664082766,0.0040284432,-1.0104068518,-0.1569872200,-0.0466322824,-0.4349497855,0.0029236004,0.0077233431,-0.0124304295,0.0314371027,0.0946042016,-0.9951288700,0.0048451331,30.8847312927,12.6346626282,-5.4322948456,-0.5811945200,-0.7524643540,-0.3380230069,-0.4704733491,0.1878719479,-0.4851222336,0.1284542680,-0.2526376247,0.1587837040,-0.0903928578,0.7856001258,0.3626008332,-0.4933819771,30.8847312927,12.6346626282,-5.4322948456,-0.5811945200,-0.7524643540,-0.3380230069,-0.4704733491,0.1878719479,-0.4851222336,0.1284542680,-0.2526376247,0.1587837040,-0.0903928578,0.7856001258,0.3626008332,-0.4933819771,0.0000000000,0.0000000000,0.0000000000,0.0000000000,0.0000000000,0.0000000000,-0.8100833297,0.3198339939,-0.3691518903,0.9851009250,-0.1671154350,-0.0464469790,0.2884722352,0.6705123186,0.1656285524,-0.6633304358,
7038.319,0.1831110567,-0.0610370189,0.9765923023,0.0649433881,0.0037842952,-1.0110172033,-0.1556444019,-0.0471205786,-0.4314096570,0.0014668703,0.0074847708,-0.0130402446,0.0314325169,0.0946568176,-0.9951239824,0.0048491848,33.2651748657,17.3955497742,-4.1505174637,-0.5392010212,-0.7582018375,-0.3335062861,-0.4675435722,0.1823786199,-0.4749900699,0.1679683924,-0.2534914613,0.1618969738,-0.0932949260,0.7850078940,0.3629153967,-0.4935528636,33.2651748657,17.3955497742,-4.1505174637,-0.5392010212,-0.7582018375,-0.3335062861,-0.4675435722,0.1823786199,-0.4749900699,0.1679683924,-0.2534914613,0.1618969738,-0.0932949260,0.7850078940,0.3629153967,-0.4935528636,0.0000000000,0.0000000000,0.0000000000,0.0000000000,0.0000000000,0.0000000000,-0.8093508482,0.3198339939,-0.3730582595,0.9851008654,-0.1671156287,-0.0464471579,0.2880766392,0.6706109047,0.1652285308,-0.6635023952,
7038.332,0.1220740378,-0.1220740378,1.0376293659,0.0639667958,0.0023194067,-1.0097965002,-0.1561326981,-0.0438245796,-0.4325083196,0.0005134940,0.0060226908,-0.0118180513,0.0314208008,0.0946594551,-0.9951241016,0.0048495638,33.5703620911,17.6396980286,-3.8453321457,-0.5345622301,-0.7633289695,-0.3314310014,-0.4663228393,0.1826227605,-0.4858546853,0.1701229811,-0.2537544966,0.1625317931,-0.0962267518,0.7844315767,0.3631695807,-0.4937195778,33.5703620911,17.6396980286,-3.8453321457,-0.5345622301,-0.7633289695,-0.3314310014,-0.4663228393,0.1826227605,-0.4858546853,0.1701229811,-0.2537544966,0.1625317931,-0.0962267518,0.7844315767,0.3631695807,-0.4937195778,0.0000000000,0.0000000000,0.0000000000,0.0000000000,0.0000000000,0.0000000000,-0.8088625669,0.3208105862,-0.3750114441,0.9851008058,-0.1671157777,-0.0464473963,0.2876834869,0.6707086563,0.1648310274,-0.6636730433,
7038.345,0.1831110567,-0.0610370189,0.9765923023,0.0643330216,0.0023194067,-1.0113834143,-0.1580858827,-0.0417493209,-0.4342173636,0.0008908436,0.0060354550,-0.0134043097,0.0314147733,0.0946348459,-0.9951266050,0.0048546148,33.5703620911,18.0059204102,-3.7232582569,-0.5476241112,-0.7682119012,-0.3274025619,-0.4660786688,0.1801812798,-0.4814600050,0.1545990705,-0.2538407445,0.1650930941,-0.0991338342,0.7838567495,0.3634004295,-0.4938872755,33.5703620911,18.0059204102,-3.7232582569,-0.5476241112,-0.7682119012,-0.3274025619,-0.4660786688,0.1801812798,-0.4814600050,0.1545990705,-0.2538407445,0.1650930941,-0.0991338342,0.7838567495,0.3634004295,-0.4938872755,0.0000000000,0.0000000000,0.0000000000,0.0000000000,0.0000000000,0.0000000000,-0.8088625669,0.3173924983,-0.3750114441,0.9851008654,-0.1671159863,-0.0464476347,0.2872811556,0.6708084345,0.1644242853,-0.6638473868,
7038.358,0.1831110567,-0.0610370189,0.9765923023,0.0644550920,0.0020752586,-1.0113834143,-0.1591845453,-0.0439466536,-0.4356822371,0.0010233670,0.0058052116,-0.0134037137,0.0314088985,0.0946348906,-0.9951267838,0.0048610433,33.9976196289,23.8044376373,-3.2959990501,-0.5885189176,-0.7624744177,-0.3164159060,-0.4681539237,0.1785943210,-0.4863429666,0.1109293699,-0.2434595823,0.1751564741,-0.1021637619,0.7835296392,0.3634708822,-0.4937371612,33.9976196289,23.8044376373,-3.2959990501,-0.5885189176,-0.7624744177,-0.3164159060,-0.4681539237,0.1785943210,-0.4863429666,0.1109293699,-0.2434595823,0.1751564741,-0.1021637619,0.7835296392,0.3634708822,-0.4937371612,0.0000000000,0.0000000000,0.0000000000,0.0000000000,0.0000000000,0.0000000000,-0.8091067076,0.3188574016,-0.3750114441,0.9851007462,-0.1671161503,-0.0464477539,0.2868852317,0.6709063053,0.1640240699,-0.6640186310,
7038.371,0.1220740378,-0.0610370189,0.9765923023,0.0639667958,0.0029297769,-1.0097965002,-0.1569872200,-0.0438245796,-0.4409314394,0.0005473942,0.0066586901,-0.0118160248,0.0314027891,0.0946383625,-0.9951266646,0.0048600496,36.8663597107,30.3964347839,-2.7466659546,-0.5601977706,-0.7750480771,-0.3197118938,-0.4637592733,0.1765190661,-0.4793847501,0.1358651519,-0.2511441708,0.1714796424,-0.1056120619,0.7834611535,0.3633566499,-0.4932041466,36.8663597107,30.3964347839,-2.7466659546,-0.5601977706,-0.7750480771,-0.3197118938,-0.4637592733,0.1765190661,-0.4793847501,0.1358651519,-0.2511441708,0.1714796424,-0.1056120619,0.7834611535,0.3633566499,-0.4932041466,0.0000000000,0.0000000000,0.0000000000,0.0000000000,0.0000000000,0.0000000000,-0.8103274703,0.3178808093,-0.3730582595,0.9851007462,-0.1671163291,-0.0464480519,0.2864900231,0.6710037589,0.1636246145,-0.6641893387,
7038.384,0.1220740378,-0.0610370189,0.9765923023,0.0645771697,0.0034180731,-1.0111392736,-0.1558885425,-0.0426038392,-0.4411755800,0.0011674464,0.0071435552,-0.0131581426,0.0313981734,0.0946293026,-0.9951276779,0.0048575960,37.6598396301,33.5703620911,-2.3194067478,-0.5384685993,-0.7851802111,-0.3162938356,-0.4630268216,0.1715140194,-0.4788964391,0.1539137363,-0.2563152909,0.1747832596,-0.1092287749,0.7835125327,0.3631671369,-0.4924739003,37.6598396301,33.5703620911,-2.3194067478,-0.5384685993,-0.7851802111,-0.3162938356,-0.4630268216,0.1715140194,-0.4788964391,0.1539137363,-0.2563152909,0.1747832596,-0.1092287749,0.7835125327,0.3631671369,-0.4924739003,0.0000000000,0.0000000000,0.0000000000,0.0000000000,0.0000000000,0.0000000000,-0.8125247955,0.3178808093,-0.3691518903,0.9851006269,-0.1671164632,-0.0464482307,0.2861008942,0.6710994244,0.1632313579,-0.6643571258,
7038.397,0.1220740378,0.0000000000,0.9765923023,0.0637226477,0.0036622211,-1.0122379065,-0.1524704695,-0.0430921353,-0.4420301020,0.0003164634,0.0073831002,-0.0142565370,0.0313965939,0.0946365297,-0.9951270223,0.0048553646,37.8429527283,34.6079902649,-2.0142216682,-0.5450605750,-0.7784661651,-0.3075045049,-0.4641254842,0.1674855798,-0.4815820754,0.1436321139,-0.2447103858,0.1834692359,-0.1128512546,0.7835968733,0.3629138172,-0.4917089939,37.8429527283,34.6079902649,-2.0142216682,-0.5450605750,-0.7784661651,-0.3075045049,-0.4641254842,0.1674855798,-0.4815820754,0.1436321139,-0.2447103858,0.1834692359,-0.1128512546,0.7835968733,0.3629138172,-0.4917089939,0.0000000000,0.0000000000,0.0000000000,0.0000000000,0.0000000000,0.0000000000,-0.8122806549,0.3164159060,-0.3711050749,0.9851007462,-0.1671166867,-0.0464486480,0.2857061625,0.6711962819,0.1628324538,-0.6645271182,
7038.410,0.1220740378,0.0000000000,0.9765923023,0.0649433881,0.0040284432,-1.0102847815,-0.1543015838,-0.0419934690,-0.4419080317,0.0015340820,0.0077428999,-0.0123035908,0.0313985087,0.0946240574,-0.9951282740,0.0048519201,39.4909515381,37.8429527283,-0.9155552983,-0.5431073904,-0.7815179825,-0.3051851094,-0.4570451975,0.1677297354,-0.4760887623,0.1417245865,-0.2428745031,0.1858510077,-0.1166340560,0.7838186622,0.3624777496,-0.4907936752,39.4909515381,37.8429527283,-0.9155552983,-0.5431073904,-0.7815179825,-0.3051851094,-0.4570451975,0.1677297354,-0.4760887623,0.1417245865,-0.2428745031,0.1858510077,-0.1166340560,0.7838186622,0.3624777496,-0.4907936752,0.0000000000,0.0000000000,0.0000000000,0.0000000000,0.0000000000,0.0000000000,-0.8095950484,0.3159276247,-0.3691518903,0.9851006866,-0.1671168506,-0.0464487076,0.2853161097,0.6712917089,0.1624383330,-0.6646947265,
7038.423,0.1220740378,0.0000000000,0.9765923023,0.0655537620,0.0040284432,-1.0108951330,-0.1564989239,-0.0424817652,-0.4361705482,0.0021385774,0.0077365222,-0.0129143000,0.0314017981,0.0946130008,-0.9951291680,0.0048486749,40.4065055847,39.1247291565,-0.1831110567,-0.5216223598,-0.7933591604,-0.3042085171,-0.4553361535,0.1644337326,-0.4846339226,0.1592400074,-0.2497784495,0.1869069338,-0.1205320880,0.7840922475,0.3619401753,-0.4898104668,40.4065055847,39.1247291565,-0.1831110567,-0.5216223598,-0.7933591604,-0.3042085171,-0.4553361535,0.1644337326,-0.4846339226,0.1592400074,-0.2497784495,0.1869069338,-0.1205320880,0.7840922475,0.3619401753,-0.4898104668,0.0000000000,0.0000000000,0.0000000000,0.0000000000,0.0000000000,0.0000000000,-0.8110598922,0.3164159060,-0.3730582595,0.9851005673,-0.1671170741,-0.0464488864,0.2849229276,0.6713876128,0.1620410979,-0.6648634076,
7038.436,0.1220740378,0.0000000000,0.9765923023,0.0650654659,0.0030518509,-1.0118716955,-0.1568651348,-0.0419934690,-0.4397106767,0.0016471371,0.0067584207,-0.0138910413,0.0314035304,0.0945938081,-0.9951308966,0.0048474674,40.3454704285,38.6974716187,0.2441480756,-0.5123447180,-0.7987304330,-0.2995696962,-0.4525284469,0.1641895771,-0.4831690490,0.1646088958,-0.2502511144,0.1915027797,-0.1244010329,0.7843351364,0.3613837659,-0.4888641238,40.3454704285,38.6974716187,0.2441480756,-0.5123447180,-0.7987304330,-0.2995696962,-0.4525284469,0.1641895771,-0.4831690490,0.1646088958,-0.2502511144,0.1915027797,-0.1244010329,0.7843351364,0.3613837659,-0.4888641238,0.0000000000,0.0000000000,0.0000000000,0.0000000000,0.0000000000,0.0000000000,-0.8115482330,0.3144627213,-0.3711050749,0.9851005077,-0.1671172082,-0.0464490652,0.2845276594,0.6714837551,0.1616418064,-0.6650327444,
7038.449,0.1220740378,0.0610370189,0.9765923023,0.0672627985,0.0045167394,-1.0101627111,-0.1602832079,-0.0458998382,-0.4356822371,0.0038193390,0.0082145492,-0.0121836662,0.0314163640,0.0946155563,-0.9951284528,0.0048449840,39.8571739197,38.0871009827,0.4272591472,-0.5075838566,-0.8021485209,-0.2939542830,-0.4472792745,0.1616260260,-0.4830469787,0.1655328274,-0.2488319278,0.1969659328,-0.1282135695,0.7845413089,0.3608305454,-0.4879561067,39.8571739197,38.0871009827,0.4272591472,-0.5075838566,-0.8021485209,-0.2939542830,-0.4472792745,0.1616260260,-0.4830469787,0.1655328274,-0.2488319278,0.1969659328,-0.1282135695,0.7845413089,0.3608305454,-0.4879561067,0.0000000000,0.0000000000,0.0000000000,0.0000000000,0.0000000000,0.0000000000,-0.8117923737,0.3178808093,-0.3711050749,0.9851005077,-0.1671174318,-0.0464492440,0.2841452360,0.6715765595,0.1612555087,-0.6651962996,
7038.462,0.1220740378,0.0000000000,0.9765923023,0.0656758323,0.0034180731,-1.0113834143,-0.1601611376,-0.0417493209,-0.4391003251,0.0022262037,0.0071126153,-0.0134047270,0.0314197466,0.0945843309,-0.9951313138,0.0048426641,39.5519866943,38.4533233643,0.1220740378,-0.4946440160,-0.8095950484,-0.2945646644,-0.4503311217,0.1584521085,-0.4852443039,0.1745367348,-0.2514104247,0.1962257922,-0.1320398003,0.7847348452,0.3603195548,-0.4870012999,39.5519866943,38.4533233643,0.1220740378,-0.4946440160,-0.8095950484,-0.2945646644,-0.4503311217,0.1584521085,-0.4852443039,0.1745367348,-0.2514104247,0.1962257922,-0.1320398003,0.7847348452,0.3603195548,-0.4870012999,0.0000000000,0.0000000000,0.0000000000,0.0000000000,0.0000000000,0.0000000000,-0.8125247955,0.3129978478,-0.3691518903,0.9851003885,-0.1671176255,-0.0464494824,0.2837509215,0.6716719866,0.1608572602,-0.6653646827,
7038.475,0.1220740378,0.0000000000,0.9765923023,0.0660420582,0.0032959990,-1.0108951330,-0.1573534310,-0.0416272469,-0.4395886064,0.0025843307,0.0069878874,-0.0129169226,0.0314240307,0.0945592895,-0.9951335788,0.0048409360,38.7585067749,37.8429527283,-0.3662221134,-0.4852443039,-0.8182622790,-0.2967619896,-0.4452040195,0.1582079530,-0.4832911193,0.1799735725,-0.2552101612,0.1938555539,-0.1358217448,0.7848783135,0.3598865271,-0.4860490561,38.7585067749,37.8429527283,-0.3662221134,-0.4852443039,-0.8182622790,-0.2967619896,-0.4452040195,0.1582079530,-0.4832911193,0.1799735725,-0.2552101612,0.1938555539,-0.1358217448,0.7848783135,0.3598865271,-0.4860490561,0.0000000000,0.0000000000,0.0000000000,0.0000000000,0.0000000000,0.0000000000,-0.8100833297,0.3154393137,-0.3691518903,0.9851003289,-0.1671177745,-0.0464497209,0.2833679616,0.6717643738,0.1604705304,-0.6655279398,
7038.488,0.1831110567,0.0000000000,0.9765923023,0.0655537620,0.0030518509,-1.0117496252,-0.1579638124,-0.0413830988,-0.4366588295,0.0020906627,0.0067529511,-0.0137718320,0.0314264148,0.0945303515,-0.9951362014,0.0048448644,36.6832466125,34.6690254211,-1.5259255171,-0.4878078699,-0.8239997625,-0.2982268631,-0.4415417910,0.1538132876,-0.4832911193,0.1736161709,-0.2561502457,0.1919909120,-0.1394011676,0.7848619819,0.3596444130,-0.4852405787,36.6832466125,34.6690254211,-1.5259255171,-0.4878078699,-0.8239997625,-0.2982268631,-0.4415417910,0.1538132876,-0.4832911193,0.1736161709,-0.2561502457,0.1919909120,-0.1394011676,0.7848619819,0.3596444130,-0.4852405787,0.0000000000,0.0000000000,0.0000000000,0.0000000000,0.0000000000,0.0000000000,-0.8108157516,0.3173924983,-0.3691518903,0.9851003885,-0.1671179980,-0.0464500189,0.2829927802,0.6718547344,0.1600916535,-0.6656876802,
7038.501,0.1220740378,0.0000000000,0.9765923023,0.0662862062,0.0035401471,-1.0110172033,-0.1560106277,-0.0404065065,-0.4326303899,0.0028139129,0.0072373594,-0.0130399466,0.0314313509,0.0944950208,-0.9951394200,0.0048422483,35.8897666931,32.8379173279,-1.7700735331,-0.4981841445,-0.8249763250,-0.2963957787,-0.4409314394,0.1506393701,-0.4818262160,0.1596248746,-0.2524220347,0.1932137012,-0.1428494453,0.7847536802,0.3594578505,-0.4845505953,35.8897666931,32.8379173279,-1.7700735331,-0.4981841445,-0.8249763250,-0.2963957787,-0.4409314394,0.1506393701,-0.4818262160,0.1596248746,-0.2524220347,0.1932137012,-0.1428494453,0.7847536802,0.3594578505,-0.4845505953,0.0000000000,0.0000000000,0.0000000000,0.0000000000,0.0000000000,0.0000000000,-0.8120365143,0.3169042170,-0.3750114441,0.9851003885,-0.1671181619,-0.0464502573,0.2826085091,0.6719470024,0.1597036868,-0.6658509970,
7038.514,0.1220740378,-0.0610370189,0.9765923023,0.0649433881,0.0029297769,-1.0099185705,-0.1590624750,-0.0432142094,-0.4375133514,0.0014788434,0.0066261198,-0.0119407773,0.0314275734,0.0944863558,-0.9951403737,0.0048411745,35.2793960571,31.5561389923,-1.6479995251,-0.4912259281,-0.8327890635,-0.3011566401,-0.4386120141,0.1496627778,-0.4836573303,0.1630640328,-0.2556022406,0.1877289712,-0.1462149769,0.7845938802,0.3593034446,-0.4839197993,35.2793960571,31.5561389923,-1.6479995251,-0.4912259281,-0.8327890635,-0.3011566401,-0.4386120141,0.1496627778,-0.4836573303,0.1630640328,-0.2556022406,0.1877289712,-0.1462149769,0.7845938802,0.3593034446,-0.4839197993,0.0000000000,0.0000000000,0.0000000000,0.0000000000,0.0000000000,0.0000000000,-0.8113040328,0.3188574016,-0.3711050749,0.9851002693,-0.1671183556,-0.0464503765,0.2822384536,0.6720355749,0.1593300849,-0.6660079956,
7038.527,0.1220740378,-0.0610370189,0.9765923023,0.0664082766,0.0031739250,-1.0117496252,-0.1597949117,-0.0443128757,-0.4388561547,0.0029448271,0.0068682237,-0.0137717724,0.0314271115,0.0944892839,-0.9951400757,0.0048401975,33.5093231201,28.3211765289,-1.8921475410,-0.4840235710,-0.8365733624,-0.2935880721,-0.4365367591,0.1464888453,-0.4797509611,0.1669946313,-0.2548701763,0.1943115890,-0.1493714899,0.7842883468,0.3592841625,-0.4834649265,33.5093231201,28.3211765289,-1.8921475410,-0.4840235710,-0.8365733624,-0.2935880721,-0.4365367591,0.1464888453,-0.4797509611,0.1669946313,-0.2548701763,0.1943115890,-0.1493714899,0.7842883468,0.3592841625,-0.4834649265,0.0000000000,0.0000000000,0.0000000000,0.0000000000,0.0000000000,0.0000000000,-0.8120365143,0.3149510324,-0.3711050749,0.9851002693,-0.1671185344,-0.0464505553,0.2818568647,0.6721267104,0.1589448899,-0.6661696434,
7038.540,0.1220740378,-0.1220740378,0.9155552983,0.0645771697,0.0040284432,-1.0104068518,-0.1600390673,-0.0467543565,-0.4397106767,0.0011339560,0.0077157901,-0.0124277472,0.0314171650,0.0945274308,-0.9951369166,0.0048369798,32.4106559753,26.6731777191,-2.1362955570,-0.4812158644,-0.8377941251,-0.2880947292,-0.4377574921,0.1449018866,-0.4857325852,0.1666561067,-0.2516540885,0.1986821294,-0.1524115503,0.7839069963,0.3593350947,-0.4830965698,32.4106559753,26.6731777191,-2.1362955570,-0.4812158644,-0.8377941251,-0.2880947292,-0.4377574921,0.1449018866,-0.4857325852,0.1666561067,-0.2516540885,0.1986821294,-0.1524115503,0.7839069963,0.3593350947,-0.4830965698,0.0000000000,0.0000000000,0.0000000000,0.0000000000,0.0000000000,0.0000000000,-0.8117923737,0.3110446632,-0.3711050749,0.9851001501,-0.1671186984,-0.0464507341,0.2814643383,0.6722201705,0.1585487127,-0.6663356423,
7038.553,0.1220740378,-0.0610370189,0.9765923023,0.0662862062,0.0041505173,-1.0107730627,-0.1543015838,-0.0440687276,-0.4397106767,0.0028442666,0.0078310231,-0.0127938390,0.0314167775,0.0945431590,-0.9951353669,0.0048340103,31.5561389923,25.6965847015,-2.5635547638,-0.4860988259,-0.8344981074,-0.2889492512,-0.4351939559,0.1458784789,-0.4813379347,0.1586971283,-0.2440002561,0.1966439188,-0.1553513259,0.7834741473,0.3594553471,-0.4827725887,31.5561389923,25.6965847015,-2.5635547638,-0.4860988259,-0.8344981074,-0.2889492512,-0.4351939559,0.1458784789,-0.4813379347,0.1586971283,-0.2440002561,0.1966439188,-0.1553513259,0.7834741473,0.3594553471,-0.4827725887,0.0000000000,0.0000000000,0.0000000000,0.0000000000,0.0000000000,0.0000000000,-0.8091067076,0.3159276247,-0.3730582595,0.9851002097,-0.1671189070,-0.0464510322,0.2810885906,0.6723094583,0.1581694782,-0.6664943695,
7038.566,0.1220740378,-0.1220740378,0.9765923023,0.0639667958,0.0015869625,-1.0099185705,-0.1566209942,-0.0457777642,-0.4299447536,0.0005478933,0.0052733188,-0.0119379163,0.0314048603,0.0945760012,-0.9951326251,0.0048368671,30.9457683563,27.1614742279,-3.0518510342,-0.4964751005,-0.8305917382,-0.2856532633,-0.4294564724,0.1423383355,-0.4770653546,0.1451258063,-0.2357947230,0.1989248395,-0.1582869589,0.7830890417,0.3595889211,-0.4823444784,30.9457683563,27.1614742279,-3.0518510342,-0.4964751005,-0.8305917382,-0.2856532633,-0.4294564724,0.1423383355,-0.4770653546,0.1451258063,-0.2357947230,0.1989248395,-0.1582869589,0.7830890417,0.3595889211,-0.4823444784,0.0000000000,0.0000000000,0.0000000000,0.0000000000,0.0000000000,0.0000000000,-0.8091067076,0.3144627213,-0.3750114441,0.9851002097,-0.1671191007,-0.0464512706,0.2807070017,0.6723998785,0.1577844024,-0.6666552424,
7038.579,0.1831110567,-0.0610370189,0.9765923023,0.0638447255,0.0025635548,-1.0105289221,-0.1571092904,-0.0426038392,-0.4329966009,0.0004388988,0.0062615373,-0.0125474930,0.0313978419,0.0945659727,-0.9951337576,0.0048417198,30.8847312927,27.8939170837,-2.9297769070,-0.5007476807,-0.8210699558,-0.2783288062,-0.4316537976,0.1428266317,-0.4759666622,0.1376587152,-0.2220435143,0.2052577436,-0.1612058282,0.7827239633,0.3596941829,-0.4818914831,30.8847312927,27.8939170837,-2.9297769070,-0.5007476807,-0.8210699558,-0.2783288062,-0.4316537976,0.1428266317,-0.4759666622,0.1376587152,-0.2220435143,0.2052577436,-0.1612058282,0.7827239633,0.3596941829,-0.4818914831,0.0000000000,0.0000000000,0.0000000000,0.0000000000,0.0000000000,0.0000000000,-0.8113040328,0.3100680709,-0.3750114441,0.9851000905,-0.1671192944,-0.0464513898,0.2803114057,0.6724933386,0.1573852599,-0.6668217182,
7038.592,0.1220740378,0.0000000000,0.9765923023,0.0631122813,0.0042725913,-1.0111392736,-0.1530808508,-0.0450453199,-0.4303109944,-0.0002873763,0.0079630744,-0.0131574273,0.0313949548,0.0946002677,-0.9951305985,0.0048387749,31.2509536743,29.1146583557,-2.5025177002,-0.5022125840,-0.8139896989,-0.2743003666,-0.4264046252,0.1405072212,-0.4813379347,0.1329752207,-0.2107936740,0.2083412707,-0.1641614437,0.7824181318,0.3597029746,-0.4813836217,31.2509536743,29.1146583557,-2.5025177002,-0.5022125840,-0.8139896989,-0.2743003666,-0.4264046252,0.1405072212,-0.4813379347,0.1329752207,-0.2107936740,0.2083412707,-0.1641614437,0.7824181318,0.3597029746,-0.4813836217,0.0000000000,0.0000000000,0.0000000000,0.0000000000,0.0000000000,0.0000000000,-0.8110598922,0.3159276247,-0.3730582595,0.9851000309,-0.1671195030,-0.0464515686,0.2799397707,0.6725808978,0.1570103019,-0.6669778824,
7038.605,0.1220740378,0.0000000000,0.9765923023,0.0638447255,0.0058595538,-1.0110172033,-0.1545457393,-0.0465102084,-0.4312875867,0.0004475713,0.0095347371,-0.0130351186,0.0313941948,0.0946486890,-0.9951260090,0.0048325649,30.3964347839,28.3211765289,-1.4648884535,-0.4414197206,-0.8606219888,-0.2777184248,-0.4271370471,0.1383098811,-0.4797509611,0.1904695034,-0.2532301545,0.2039904296,-0.1671138853,0.7820869088,0.3597746789,-0.4808518887,30.3964347839,28.3211765289,-1.4648884535,-0.4414197206,-0.8606219888,-0.2777184248,-0.4271370471,0.1383098811,-0.4797509611,0.1904695034,-0.2532301545,0.2039904296,-0.1671138853,0.7820869088,0.3597746789,-0.4808518887,0.0000000000,0.0000000000,0.0000000000,0.0000000000,0.0000000000,0.0000000000,-0.8103274703,0.3149510324,-0.3750114441,0.9851000309,-0.1671196371,-0.0464517474,0.2795643210,0.6726691127,0.1566315591,-0.6671354175,
7038.618,0.1220740378,0.0000000000,0.9155552983,0.0627460554,0.0102542192,-1.0108951330,-0.1583300233,-0.0426038392,-0.4321421087,-0.0006433204,0.0138917919,-0.0129123926,0.0313921310,0.0946408436,-0.9951271415,0.0048132180,25.3913993835,19.7149562836,-1.6479995251,-0.3895382583,-0.9034699798,-0.3126316071,-0.4248176515,0.1387981772,-0.4748679996,0.2395056784,-0.2921717763,0.1678589582,-0.1695341617,0.7814648151,0.3602797091,-0.4806379974,25.3913993835,19.7149562836,-1.6479995251,-0.3895382583,-0.9034699798,-0.3126316071,-0.4248176515,0.1387981772,-0.4748679996,0.2395056784,-0.2921717763,0.1678589582,-0.1695341617,0.7814648151,0.3602797091,-0.4806379974,0.0000000000,0.0000000000,0.0000000000,0.0000000000,0.0000000000,0.0000000000,-0.8113040328,0.3149510324,-0.3711050749,0.9850998521,-0.1671198457,-0.0464518666,0.2791955769,0.6727555394,0.1562596112,-0.6672898531,
7038.631,0.1831110567,0.0000000000,0.8545182943,0.0612811670,0.0075685903,-1.0118716955,-0.1546678096,-0.0446790978,-0.4318979383,-0.0020929575,0.0111919940,-0.0138879418,0.0313850343,0.0946760476,-0.9951238632,0.0048065498,15.4423656464,4.5167393684,-2.0752587318,-0.4463026822,-0.9110385180,-0.3951536715,-0.4228644669,0.1389202625,-0.4826807380,0.1812175214,-0.2969200611,0.0837312341,-0.1706736982,0.7804318070,0.3614030778,-0.4810696840,15.4423656464,4.5167393684,-2.0752587318,-0.4463026822,-0.9110385180,-0.3951536715,-0.4228644669,0.1389202625,-0.4826807380,0.1812175214,-0.2969200611,0.0837312341,-0.1706736982,0.7804318070,0.3614030778,-0.4810696840,0.0000000000,0.0000000000,0.0000000000,0.0000000000,0.0000000000,0.0000000000,-0.8125247955,0.3134861290,-0.3711050749,0.9850999713,-0.1671200395,-0.0464522243,0.2788229883,0.6728426814,0.1558838040,-0.6674457788,
7038.644,0.1831110567,0.0000000000,0.9765923023,0.0655537620,-0.0061037019,-1.0095522404,-0.1566209942,-0.0456556901,-0.4369029701,0.0021731257,-0.0024255123,-0.0115690827,0.0313855447,0.0947049037,-0.9951210618,0.0048350496,3.5401470661,4.7608876228,1.7090365887,-0.6720175743,-0.8089846373,-0.3936887681,-0.4261604548,0.1367229223,-0.4812158644,-0.0448125005,-0.1941821575,0.0847310126,-0.1704287082,0.7797752619,0.3624965549,-0.4813981354,3.5401470661,4.7608876228,1.7090365887,-0.6720175743,-0.8089846373,-0.3936887681,-0.4261604548,0.1367229223,-0.4812158644,-0.0448125005,-0.1941821575,0.0847310126,-0.1704287082,0.7797752619,0.3624965549,-0.4813981354,0.0000000000,0.0000000000,0.0000000000,0.0000000000,0.0000000000,0.0000000000,-0.8098391891,0.3183690906,-0.3691518903,0.9850999117,-0.1671202332,-0.0464524627,0.2784727216,0.6729243398,0.1555305421,-0.6675920486,
7038.657,0.1220740378,0.0610370189,1.0986663103,0.0670186505,-0.0023194067,-1.0116275549,-0.1534470618,-0.0440687276,-0.4351939559,0.0036144704,0.0013852729,-0.0136460066,0.0313959904,0.0947124064,-0.9951198697,0.0048495964,6.7140722275,20.7525863647,4.6998505592,-0.6253852844,-0.8100833297,-0.3352153003,-0.4251838624,0.1328165531,-0.4802392721,0.0004351139,-0.1944727302,0.1439773142,-0.1708805114,0.7797758579,0.3630275130,-0.4808363020,6.7140722275,20.7525863647,4.6998505592,-0.6253852844,-0.8100833297,-0.3352153003,-0.4251838624,0.1328165531,-0.4802392721,0.0004351139,-0.1944727302,0.1439773142,-0.1708805114,0.7797758579,0.3630275130,-0.4808363020,0.0000000000,0.0000000000,0.0000000000,0.0000000000,0.0000000000,0.0000000000,-0.8105716109,0.3149510324,-0.3730582595,0.9850997925,-0.1671204120,-0.0464524627,0.2781067193,0.6730094552,0.1551614702,-0.6677446365,
7038.670,0.1831110567,0.1220740378,1.0986663103,0.0677510947,0.0024414808,-1.0116275549,-0.1528366953,-0.0413830988,-0.4316537976,0.0043092445,0.0061596641,-0.0136484504,0.0314142480,0.0946876407,-0.9951215982,0.0048573287,10.4373302460,33.5703620911,6.9582200050,-0.5594652891,-0.8255867362,-0.3010345697,-0.4224982560,0.1330607086,-0.4868312776,0.0639656782,-0.2088623643,0.1798370481,-0.1720397323,0.7802816033,0.3630974591,-0.4795482457,10.4373302460,33.5703620911,6.9582200050,-0.5594652891,-0.8255867362,-0.3010345697,-0.4224982560,0.1330607086,-0.4868312776,0.0639656782,-0.2088623643,0.1798370481,-0.1720397323,0.7802816033,0.3630974591,-0.4795482457,0.0000000000,0.0000000000,0.0000000000,0.0000000000,0.0000000000,0.0000000000,-0.8108157516,0.3125095367,-0.3750114441,0.9850997329,-0.1671205759,-0.0464527011,0.2777314782,0.6730964780,0.1547831297,-0.6679008603,
7038.683,0.1831110567,0.0610370189,0.9765923023,0.0684835389,0.0050050355,-1.0121158361,-0.1533249915,-0.0450453199,-0.4318979383,0.0050113201,0.0087226741,-0.0141386390,0.0314292498,0.0947201923,-0.9951180220,0.0048595276,13.1839962006,42.2376174927,7.9958496094,-0.4561906755,-0.8395031691,-0.2586748898,-0.4198126197,0.1295205504,-0.4812158644,0.1639359295,-0.2211875916,0.2244198620,-0.1738130599,0.7810611129,0.3629523218,-0.4777464271,13.1839962006,42.2376174927,7.9958496094,-0.4561906755,-0.8395031691,-0.2586748898,-0.4198126197,0.1295205504,-0.4812158644,0.1639359295,-0.2211875916,0.2244198620,-0.1738130599,0.7810611129,0.3629523218,-0.4777464271,0.0000000000,0.0000000000,0.0000000000,0.0000000000,0.0000000000,0.0000000000,-0.8093508482,0.3129978478,-0.3730582595,0.9850996137,-0.1671207398,-0.0464528203,0.2773632407,0.6731816530,0.1544118971,-0.6680539250,
7038.696,0.1220740378,0.0000000000,0.9765923023,0.0648213178,0.0034180731,-1.0106509924,-0.1549119502,-0.0462660603,-0.4338511229,0.0013470575,0.0071323384,-0.0126739144,0.0314302221,0.0947626308,-0.9951139092,0.0048592864,13.0008850098,41.4441375732,7.2023682594,-0.4329966009,-0.8393810987,-0.2518387437,-0.4177373648,0.1304971427,-0.4826807380,0.1837371290,-0.2193306684,0.2333702743,-0.1756226122,0.7817633152,0.3628970087,-0.4759749770,13.0008850098,41.4441375732,7.2023682594,-0.4329966009,-0.8393810987,-0.2518387437,-0.4177373648,0.1304971427,-0.4826807380,0.1837371290,-0.2193306684,0.2333702743,-0.1756226122,0.7817633152,0.3628970087,-0.4759749770,0.0000000000,0.0000000000,0.0000000000,0.0000000000,0.0000000000,0.0000000000,-0.8093508482,0.3134861290,-0.3711050749,0.9850998521,-0.1671209484,-0.0464532971,0.2770011723,0.6732652783,0.1540468931,-0.6682043076,
7038.709,0.1220740378,0.0000000000,0.9765923023,0.0656758323,0.0021973327,-1.0106509924,-0.1519821733,-0.0421155430,-0.4333628416,0.0021953285,0.0059142741,-0.0126743317,0.0314332210,0.0947597325,-0.9951140881,0.0048608240,11.9632558823,38.2702102661,6.1037020683,-0.4205450714,-0.8421887755,-0.2481765151,-0.4183477163,0.1292764097,-0.4820703864,0.1929052770,-0.2203298807,0.2388757765,-0.1773265302,0.7822940946,0.3630227149,-0.4743723869,11.9632558823,38.2702102661,6.1037020683,-0.4205450714,-0.8421887755,-0.2481765151,-0.4183477163,0.1292764097,-0.4820703864,0.1929052770,-0.2203298807,0.2388757765,-0.1773265302,0.7822940946,0.3630227149,-0.4743723869,0.0000000000,0.0000000000,0.0000000000,0.0000000000,0.0000000000,0.0000000000,-0.8113040328,0.3144627213,-0.3691518903,0.9850997329,-0.1671211272,-0.0464534163,0.2766455710,0.6733471155,0.1536884457,-0.6683516502,
7038.722,0.1220740378,0.0000000000,0.9765923023,0.0662862062,0.0042725913,-1.0105289221,-0.1550340354,-0.0429700613,-0.4360484779,0.0027964413,0.0079819430,-0.0125528574,0.0314382017,0.0947585106,-0.9951140881,0.0048574461,9.3386640549,28.3822135925,4.1505174637,-0.4370250702,-0.8395031691,-0.2476882190,-0.4173711240,0.1270790696,-0.4751121700,0.1738381982,-0.2159001827,0.2403839082,-0.1785812080,0.7823835611,0.3635316789,-0.4733631611,9.3386640549,28.3822135925,4.1505174637,-0.4370250702,-0.8395031691,-0.2476882190,-0.4173711240,0.1270790696,-0.4751121700,0.1738381982,-0.2159001827,0.2403839082,-0.1785812080,0.7823835611,0.3635316789,-0.4733631611,0.0000000000,0.0000000000,0.0000000000,0.0000000000,0.0000000000,0.0000000000,-0.8093508482,0.3125095367,-0.3730582595,0.9850996733,-0.1671213210,-0.0464535356,0.2762807906,0.6734308600,0.1533207893,-0.6685025692,
7038.735,0.1220740378,-0.0610370189,0.9765923023,0.0636005774,0.0039063692,-1.0116275549,-0.1547898799,-0.0418713950,-0.4320200086,0.0001257882,0.0076099969,-0.0136504769,0.0314310752,0.0947446823,-0.9951156378,0.0048534470,8.3010349274,24.0485858917,3.4791100025,-0.4478896558,-0.8392590284,-0.2487868965,-0.4181035757,0.1303750724,-0.4782860875,0.1607266963,-0.2139654756,0.2399287224,-0.1796355397,0.7822877765,0.3641799092,-0.4726237953,8.3010349274,24.0485858917,3.4791100025,-0.4478896558,-0.8392590284,-0.2487868965,-0.4181035757,0.1303750724,-0.4782860875,0.1607266963,-0.2139654756,0.2399287224,-0.1796355397,0.7822877765,0.3641799092,-0.4726237953,0.0000000000,0.0000000000,0.0000000000,0.0000000000,0.0000000000,0.0000000000,-0.8105716109,0.3149510324,-0.3750114441,0.9850995541,-0.1671215147,-0.0464536548,0.2759222090,0.6735129356,0.1529594213,-0.6686506867,
7038.748,0.1220740378,-0.0610370189,0.9155552983,0.0649433881,0.0034180731,-1.0110172033,-0.1585741788,-0.0450453199,-0.4295785427,0.0014766604,0.0071177296,-0.0130396485,0.0314271376,0.0947666168,-0.9951137900,0.0048517785,7.6296272278,20.7525863647,2.9297769070,-0.4537492096,-0.8379161954,-0.2541581392,-0.4177373648,0.1309854388,-0.4764549732,0.1528638303,-0.2109661698,0.2349257767,-0.1805419773,0.7820514441,0.3649396598,-0.4720833004,7.6296272278,20.7525863647,2.9297769070,-0.4537492096,-0.8379161954,-0.2541581392,-0.4177373648,0.1309854388,-0.4764549732,0.1528638303,-0.2109661698,0.2349257767,-0.1805419773,0.7820514441,0.3649396598,-0.4720833004,0.0000000000,0.0000000000,0.0000000000,0.0000000000,0.0000000000,0.0000000000,-0.8100833297,0.3120212555,-0.3750114441,0.9850994349,-0.1671217233,-0.0464537144,0.2755559683,0.6735965610,0.1525903642,-0.6688017249,
